2021:01:22:10:02:21.822000,1611306141.822,$GPGGA,090221.00,6339.630208,N,01047.323215,E,2,12,0.8,12.49,M,40.33,M,7.0,0907*77
2021:01:22:10:02:22.822000,1611306142.822,$GPGGA,090222.00,6339.632048,N,01047.328482,E,2,12,0.8,12.49,M,40.33,M,8.0,0907*7C
2021:01:22:10:02:23.822000,1611306143.822,$GPGGA,090223.00,6339.633892,N,01047.333798,E,2,12,0.8,12.52,M,40.33,M,9.0,0907*7A
2021:01:22:10:02:24.822000,1611306144.822,$GPGGA,090224.00,6339.635762,N,01047.339090,E,2,12,0.8,12.49,M,40.33,M,10.0,0907*4C
2021:01:22:10:02:25.822000,1611306145.822,$GPGGA,090225.00,6339.637584,N,01047.344416,E,2,12,0.8,12.50,M,40.33,M,11.0,0907*4C
2021:01:22:10:02:26.822000,1611306146.822,$GPGGA,090226.00,6339.639415,N,01047.349727,E,2,12,0.8,12.53,M,40.33,M,12.0,0907*44
2021:01:22:10:02:27.822000,1611306147.822,$GPGGA,090227.00,6339.641252,N,01047.355050,E,2,12,0.8,12.49,M,40.33,M,8.0,0907*75
2021:01:22:10:02:28.822000,1611306148.822,$GPGGA,090228.00,6339.643156,N,01047.360253,E,2,12,0.8,12.50,M,40.33,M,9.0,0907*71
2021:01:22:10:02:29.822000,1611306149.822,$GPGGA,090229.00,6339.644995,N,01047.365471,E,2,12,0.8,12.51,M,40.33,M,5.0,0907*7E
2021:01:22:10:02:31.822000,1611306151.822,$GPGGA,090231.00,6339.648822,N,01047.375917,E,2,12,0.8,12.50,M,40.33,M,7.0,0907*79
2021:01:22:10:02:32.822000,1611306152.822,$GPGGA,090232.00,6339.650648,N,01047.381225,E,2,12,0.8,12.49,M,40.33,M,8.0,0907*77
2021:01:22:10:02:33.822000,1611306153.822,$GPGGA,090233.00,6339.652511,N,01047.386482,E,2,12,0.8,12.52,M,40.33,M,9.0,0907*7C
2021:01:22:10:02:35.823000,1611306155.823,$GPGGA,090235.00,6339.656200,N,01047.397068,E,2,12,0.8,12.52,M,40.33,M,11.0,0907*40
2021:01:22:10:02:36.823000,1611306156.823,$GPGGA,090236.00,6339.658059,N,01047.402343,E,2,12,0.8,12.53,M,40.33,M,12.0,0907*40
2021:01:22:10:02:37.823000,1611306157.823,$GPGGA,090237.00,6339.659876,N,01047.407655,E,2,12,0.8,12.51,M,40.33,M,7.0,0907*74
2021:01:22:10:02:39.823000,1611306159.823,$GPGGA,090239.00,6339.663515,N,01047.418202,E,2,12,0.8,12.52,M,40.33,M,4.0,0907*73
2021:01:22:10:02:40.823000,1611306160.823,$GPGGA,090240.00,6339.665332,N,01047.423576,E,2,12,0.8,12.48,M,40.33,M,5.0,0907*7E
2021:01:22:10:02:41.823000,1611306161.823,$GPGGA,090241.00,6339.667163,N,01047.428844,E,2,12,0.8,12.52,M,40.32,M,6.0,0907*75
2021:01:22:10:02:42.823000,1611306162.823,$GPGGA,090242.00,6339.668968,N,01047.434206,E,2,12,0.8,12.48,M,40.32,M,7.0,0907*71
2021:01:22:10:02:43.823000,1611306163.823,$GPGGA,090243.00,6339.670829,N,01047.439461,E,2,12,0.8,12.51,M,40.32,M,8.0,0907*70
2021:01:22:10:02:44.822000,1611306164.822,$GPGGA,090244.00,6339.672692,N,01047.444682,E,2,12,0.8,12.52,M,40.32,M,9.0,0907*7C
2021:01:22:10:02:45.822000,1611306165.822,$GPGGA,090245.00,6339.674535,N,01047.449982,E,2,12,0.8,12.50,M,40.32,M,10.0,0907*4D
2021:01:22:10:02:46.822000,1611306166.822,$GPGGA,090246.00,6339.676419,N,01047.455268,E,2,12,0.8,12.49,M,40.32,M,11.0,0907*48
2021:01:22:10:02:47.822000,1611306167.822,$GPGGA,090247.00,6339.678212,N,01047.460583,E,2,12,0.8,12.48,M,40.32,M,7.0,0907*78
2021:01:22:10:02:48.822000,1611306168.822,$GPGGA,090248.00,6339.680033,N,01047.465906,E,2,12,0.8,12.46,M,40.32,M,8.0,0907*74
2021:01:22:10:02:49.823000,1611306169.823,$GPGGA,090249.00,6339.681954,N,01047.471048,E,2,12,0.8,12.49,M,40.32,M,9.0,0907*74
2021:01:22:10:02:50.823000,1611306170.823,$GPGGA,090250.00,6339.683823,N,01047.476305,E,2,12,0.8,12.46,M,40.32,M,5.0,0907*71
2021:01:22:10:02:51.823000,1611306171.823,$GPGGA,090251.00,6339.685722,N,01047.481609,E,2,12,0.8,12.42,M,40.32,M,6.0,0907*7E
2021:01:22:10:02:52.823000,1611306172.823,$GPGGA,090252.00,6339.687636,N,01047.486763,E,2,12,0.8,12.47,M,40.32,M,7.0,0907*75
2021:01:22:10:02:53.823000,1611306173.823,$GPGGA,090253.00,6339.689443,N,01047.492035,E,2,12,0.8,12.49,M,40.32,M,8.0,0907*7A
2021:01:22:10:02:54.823000,1611306174.823,$GPGGA,090254.00,6339.691301,N,01047.497393,E,2,12,0.8,12.45,M,40.32,M,9.0,0907*72
2021:01:22:10:02:55.823000,1611306175.823,$GPGGA,090255.00,6339.693180,N,01047.502659,E,2,12,0.8,12.46,M,40.32,M,10.0,0907*4F
2021:01:22:10:02:56.823000,1611306176.823,$GPGGA,090256.00,6339.694967,N,01047.508004,E,2,12,0.8,12.47,M,40.32,M,11.0,0907*4E
2021:01:22:10:02:57.823000,1611306177.823,$GPGGA,090257.00,6339.696829,N,01047.513331,E,2,12,0.8,12.47,M,40.32,M,6.0,0907*7F
2021:01:22:10:02:58.823000,1611306178.823,$GPGGA,090258.00,6339.698671,N,01047.518694,E,2,12,0.8,12.46,M,40.32,M,7.0,0907*7C
2021:01:22:10:03:00.823000,1611306180.823,$GPGGA,090300.00,6339.702423,N,01047.529191,E,2,12,0.8,12.47,M,40.32,M,9.0,0907*78
2021:01:22:10:03:01.823000,1611306181.823,$GPGGA,090301.00,6339.704295,N,01047.534465,E,2,12,0.8,12.49,M,40.32,M,10.0,0907*40
2021:01:22:10:03:02.823000,1611306182.823,$GPGGA,090302.00,6339.706165,N,01047.539765,E,2,12,0.8,12.48,M,40.32,M,11.0,0907*43
2021:01:22:10:03:03.823000,1611306183.823,$GPGGA,090303.00,6339.708015,N,01047.545064,E,2,12,0.8,12.47,M,40.32,M,12.0,0907*4B
2021:01:22:10:03:05.824000,1611306185.824,$GPGGA,090305.00,6339.711637,N,01047.555767,E,2,12,0.8,12.52,M,40.32,M,9.0,0907*78
2021:01:22:10:03:06.824000,1611306186.824,$GPGGA,090306.00,6339.713512,N,01047.561054,E,2,12,0.8,12.52,M,40.32,M,5.0,0907*71
2021:01:22:10:03:07.824000,1611306187.824,$GPGGA,090307.00,6339.715370,N,01047.566342,E,2,12,0.8,12.49,M,40.32,M,6.0,0907*7E
2021:01:22:10:03:09.824000,1611306189.824,$GPGGA,090309.00,6339.719116,N,01047.576837,E,2,12,0.8,12.50,M,40.32,M,8.0,0907*70
2021:01:22:10:03:10.824000,1611306190.824,$GPGGA,090310.00,6339.720977,N,01047.582169,E,2,12,0.8,12.50,M,40.32,M,9.0,0907*75
2021:01:22:10:03:11.824000,1611306191.824,$GPGGA,090311.00,6339.722853,N,01047.587412,E,2,12,0.8,12.52,M,40.32,M,10.0,0907*47
2021:01:22:10:03:12.824000,1611306192.824,$GPGGA,090312.00,6339.724649,N,01047.592786,E,2,12,0.8,12.51,M,40.32,M,11.0,0907*4F
2021:01:22:10:03:13.823000,1611306193.823,$GPGGA,090313.00,6339.726488,N,01047.598144,E,2,12,0.8,12.52,M,40.32,M,12.0,0907*41
2021:01:22:10:03:14.823000,1611306194.823,$GPGGA,090314.00,6339.728372,N,01047.603451,E,2,12,0.8,12.48,M,40.32,M,8.0,0907*7A
2021:01:22:10:03:15.823000,1611306195.823,$GPGGA,090315.00,6339.730237,N,01047.608673,E,2,12,0.8,12.49,M,40.32,M,9.0,0907*7B
2021:01:22:10:03:16.823000,1611306196.823,$GPGGA,090316.00,6339.732102,N,01047.613940,E,2,12,0.8,12.51,M,40.32,M,5.0,0907*7F
2021:01:22:10:03:17.823000,1611306197.823,$GPGGA,090317.00,6339.734051,N,01047.619183,E,2,12,0.8,12.48,M,40.32,M,6.0,0907*79
2021:01:22:10:03:18.823000,1611306198.823,$GPGGA,090318.00,6339.736015,N,01047.624298,E,2,12,0.8,12.46,M,40.32,M,7.0,0907*7C
2021:01:22:10:03:19.824000,1611306199.824,$GPGGA,090319.00,6339.737858,N,01047.629524,E,2,12,0.8,12.49,M,40.32,M,8.0,0907*70
2021:01:22:10:03:21.824000,1611306201.824,$GPGGA,090321.00,6339.741644,N,01047.640080,E,2,12,0.8,12.46,M,40.32,M,10.0,0907*4B
2021:01:22:10:03:22.824000,1611306202.824,$GPGGA,090322.00,6339.743544,N,01047.645283,E,2,12,0.8,12.48,M,40.32,M,11.0,0907*42
2021:01:22:10:03:23.824000,1611306203.824,$GPGGA,090323.00,6339.745422,N,01047.650555,E,2,12,0.8,12.51,M,40.32,M,12.0,0907*47
2021:01:22:10:03:25.824000,1611306205.824,$GPGGA,090325.00,6339.749183,N,01047.661105,E,2,12,0.8,12.50,M,40.32,M,9.0,0907*7B
2021:01:22:10:03:26.824000,1611306206.824,$GPGGA,090326.00,6339.751080,N,01047.666280,E,2,12,0.8,12.51,M,40.32,M,10.0,0907*43
2021:01:22:10:03:27.824000,1611306207.824,$GPGGA,090327.00,6339.752975,N,01047.671519,E,2,12,0.8,12.47,M,40.32,M,5.0,0907*70
2021:01:22:10:03:29.824000,1611306209.824,$GPGGA,090329.00,6339.756767,N,01047.681981,E,2,12,0.8,12.49,M,40.32,M,7.0,0907*79
2021:01:22:10:03:30.824000,1611306210.824,$GPGGA,090330.00,6339.758619,N,01047.687256,E,2,12,0.8,12.48,M,40.32,M,8.0,0907*7E
2021:01:22:10:03:31.824000,1611306211.824,$GPGGA,090331.00,6339.760535,N,01047.692493,E,2,12,0.8,12.45,M,40.32,M,9.0,0907*7E
2021:01:22:10:03:32.824000,1611306212.824,$GPGGA,090332.00,6339.762466,N,01047.697655,E,2,12,0.8,12.45,M,40.32,M,10.0,0907*4D
2021:01:22:10:03:34.825000,1611306214.825,$GPGGA,090334.00,6339.766273,N,01047.708156,E,2,12,0.8,12.48,M,40.32,M,7.0,0907*75
2021:01:22:10:03:35.825000,1611306215.825,$GPGGA,090335.00,6339.768187,N,01047.713439,E,2,12,0.8,12.45,M,40.32,M,8.0,0907*76
2021:01:22:10:03:36.825000,1611306216.825,$GPGGA,090336.00,6339.770103,N,01047.718646,E,2,12,0.8,12.49,M,40.32,M,9.0,0907*7C
2021:01:22:10:03:37.825000,1611306217.825,$GPGGA,090337.00,6339.771984,N,01047.723903,E,2,12,0.8,12.49,M,40.32,M,10.0,0907*45
2021:01:22:10:03:38.825000,1611306218.825,$GPGGA,090338.00,6339.773857,N,01047.729258,E,2,12,0.8,12.46,M,40.32,M,11.0,0907*46
2021:01:22:10:03:39.825000,1611306219.825,$GPGGA,090339.00,6339.775778,N,01047.734514,E,2,12,0.8,12.45,M,40.32,M,12.0,0907*40
2021:01:22:10:03:41.825000,1611306221.825,$GPGGA,090341.00,6339.779544,N,01047.745006,E,2,12,0.8,12.48,M,40.32,M,9.0,0907*79
2021:01:22:10:03:42.824000,1611306222.824,$GPGGA,090342.00,6339.781429,N,01047.750293,E,2,12,0.8,12.47,M,40.32,M,10.0,0907*4A
2021:01:22:10:03:43.824000,1611306223.824,$GPGGA,090343.00,6339.783258,N,01047.755617,E,2,12,0.8,12.47,M,40.32,M,6.0,0907*73
2021:01:22:10:03:44.824000,1611306224.824,$GPGGA,090344.00,6339.785082,N,01047.760999,E,2,12,0.8,12.48,M,40.32,M,7.0,0907*76
2021:01:22:10:03:46.824000,1611306226.824,$GPGGA,090346.00,6339.788718,N,01047.771779,E,2,12,0.8,12.49,M,40.32,M,9.0,0907*72
2021:01:22:10:03:47.824000,1611306227.824,$GPGGA,090347.00,6339.790544,N,01047.777127,E,2,12,0.8,12.51,M,40.32,M,10.0,0907*4B
2021:01:22:10:03:48.824000,1611306228.824,$GPGGA,090348.00,6339.792327,N,01047.782542,E,2,12,0.8,12.48,M,40.31,M,11.0,0907*42
2021:01:22:10:03:50.825000,1611306230.825,$GPGGA,090350.00,6339.796044,N,01047.793209,E,2,12,0.8,12.50,M,40.31,M,13.0,0907*4A
2021:01:22:10:03:51.825000,1611306231.825,$GPGGA,090351.00,6339.797879,N,01047.798482,E,2,12,0.8,12.49,M,40.31,M,8.0,0907*70
2021:01:22:10:03:52.825000,1611306232.825,$GPGGA,090352.00,6339.799717,N,01047.803850,E,2,12,0.8,12.50,M,40.31,M,9.0,0907*7D
2021:01:22:10:03:54.825000,1611306234.825,$GPGGA,090354.00,6339.803395,N,01047.814542,E,2,12,0.8,12.47,M,40.31,M,6.0,0907*78
2021:01:22:10:03:55.825000,1611306235.825,$GPGGA,090355.00,6339.805193,N,01047.819914,E,2,12,0.8,12.54,M,40.31,M,7.0,0907*7A
2021:01:22:10:03:56.825000,1611306236.825,$GPGGA,090356.00,6339.806994,N,01047.825283,E,2,12,0.8,12.55,M,40.31,M,8.0,0907*71
2021:01:22:10:03:57.825000,1611306237.825,$GPGGA,090357.00,6339.808886,N,01047.830625,E,2,12,0.8,12.50,M,40.31,M,4.0,0907*79
2021:01:22:10:03:58.825000,1611306238.825,$GPGGA,090358.00,6339.810802,N,01047.835872,E,2,12,0.8,12.47,M,40.31,M,5.0,0907*7D
2021:01:22:10:03:59.825000,1611306239.825,$GPGGA,090359.00,6339.812628,N,01047.841133,E,2,12,0.8,12.52,M,40.31,M,6.0,0907*70
2021:01:22:10:04:00.825000,1611306240.825,$GPGGA,090400.00,6339.814516,N,01047.846403,E,2,12,0.8,12.50,M,40.31,M,7.0,0907*71
2021:01:22:10:04:01.825000,1611306241.825,$GPGGA,090401.00,6339.816479,N,01047.851593,E,2,12,0.8,12.49,M,40.31,M,8.0,0907*73
2021:01:22:10:04:02.825000,1611306242.825,$GPGGA,090402.00,6339.818410,N,01047.856733,E,2,12,0.8,12.51,M,40.31,M,9.0,0907*76
2021:01:22:10:04:03.825000,1611306243.825,$GPGGA,090403.00,6339.820287,N,01047.862002,E,2,12,0.8,12.52,M,40.31,M,10.0,0907*4D
2021:01:22:10:04:04.826000,1611306244.826,$GPGGA,090404.00,6339.822197,N,01047.867250,E,2,12,0.8,12.50,M,40.31,M,11.0,0907*49
2021:01:22:10:04:06.826000,1611306246.826,$GPGGA,090406.00,6339.825953,N,01047.877729,E,2,12,0.8,12.51,M,40.31,M,7.0,0907*70
2021:01:22:10:04:07.826000,1611306247.826,$GPGGA,090407.00,6339.827854,N,01047.883030,E,2,12,0.8,12.47,M,40.31,M,8.0,0907*79
2021:01:22:10:04:08.826000,1611306248.826,$GPGGA,090408.00,6339.829756,N,01047.888230,E,2,12,0.8,12.51,M,40.31,M,9.0,0907*7A
2021:01:22:10:04:11.826000,1611306251.826,$GPGGA,090411.00,6339.835478,N,01047.903876,E,2,12,0.8,12.52,M,40.31,M,7.0,0907*77
2021:01:22:10:04:12.825000,1611306252.825,$GPGGA,090412.00,6339.837357,N,01047.909131,E,2,12,0.8,12.52,M,40.31,M,8.0,0907*73
2021:01:22:10:04:15.825000,1611306255.825,$GPGGA,090415.00,6339.842921,N,01047.925147,E,2,12,0.8,12.55,M,40.31,M,11.0,0907*4D
2021:01:22:10:04:16.825000,1611306256.825,$GPGGA,090416.00,6339.844794,N,01047.930532,E,2,12,0.8,12.50,M,40.31,M,12.0,0907*4C
2021:01:22:10:04:17.825000,1611306257.825,$GPGGA,090417.00,6339.846697,N,01047.935766,E,2,12,0.8,12.53,M,40.31,M,7.0,0907*7C
2021:01:22:10:04:19.826000,1611306259.826,$GPGGA,090419.00,6339.850376,N,01047.946468,E,2,12,0.8,12.53,M,40.31,M,9.0,0907*78
2021:01:22:10:04:20.826000,1611306260.826,$GPGGA,090420.00,6339.852218,N,01047.951836,E,2,12,0.8,12.52,M,40.31,M,5.0,0907*75
2021:01:22:10:04:21.826000,1611306261.826,$GPGGA,090421.00,6339.854064,N,01047.957155,E,2,12,0.8,12.56,M,40.31,M,6.0,0907*76
2021:01:22:10:04:22.826000,1611306262.826,$GPGGA,090422.00,6339.855913,N,01047.962525,E,2,12,0.8,12.56,M,40.31,M,7.0,0907*79
2021:01:22:10:04:23.826000,1611306263.826,$GPGGA,090423.00,6339.857819,N,01047.967879,E,2,12,0.8,12.53,M,40.31,M,8.0,0907*7A
2021:01:22:10:04:24.826000,1611306264.826,$GPGGA,090424.00,6339.859710,N,01047.973187,E,2,12,0.8,12.51,M,40.31,M,9.0,0907*7B
2021:01:22:10:04:25.826000,1611306265.826,$GPGGA,090425.00,6339.861577,N,01047.978456,E,2,12,0.8,12.54,M,40.31,M,10.0,0907*4D
2021:01:22:10:04:26.826000,1611306266.826,$GPGGA,090426.00,6339.863495,N,01047.983707,E,2,12,0.8,12.54,M,40.31,M,11.0,0907*43
2021:01:22:10:04:27.826000,1611306267.826,$GPGGA,090427.00,6339.865504,N,01047.988902,E,2,12,0.8,12.51,M,40.31,M,12.0,0907*4B
2021:01:22:10:04:28.826000,1611306268.826,$GPGGA,090428.00,6339.867435,N,01047.994126,E,2,12,0.8,12.51,M,40.31,M,8.0,0907*7D
2021:01:22:10:04:29.826000,1611306269.826,$GPGGA,090429.00,6339.869302,N,01047.999459,E,2,12,0.8,12.51,M,40.31,M,9.0,0907*70
2021:01:22:10:04:31.826000,1611306271.826,$GPGGA,090431.00,6339.873070,N,01048.010146,E,2,12,0.8,12.51,M,40.31,M,6.0,0907*77
2021:01:22:10:04:32.826000,1611306272.826,$GPGGA,090432.00,6339.874961,N,01048.015437,E,2,12,0.8,12.49,M,40.31,M,7.0,0907*74
2021:01:22:10:04:33.826000,1611306273.826,$GPGGA,090433.00,6339.876872,N,01048.020717,E,2,12,0.8,12.48,M,40.31,M,8.0,0907*7D
2021:01:22:10:04:36.827000,1611306276.827,$GPGGA,090436.00,6339.882610,N,01048.036489,E,2,12,0.8,12.51,M,40.31,M,11.0,0907*4A
2021:01:22:10:04:37.827000,1611306277.827,$GPGGA,090437.00,6339.884511,N,01048.041792,E,2,12,0.8,12.50,M,40.31,M,12.0,0907*44
2021:01:22:10:04:40.827000,1611306280.827,$GPGGA,090440.00,6339.890049,N,01048.057840,E,2,12,0.8,12.53,M,40.31,M,10.0,0907*4F
2021:01:22:10:04:41.827000,1611306281.827,$GPGGA,090441.00,6339.891966,N,01048.063122,E,2,12,0.8,12.49,M,40.31,M,11.0,0907*4B
2021:01:22:10:04:42.826000,1611306282.826,$GPGGA,090442.00,6339.893849,N,01048.068426,E,2,12,0.8,12.48,M,40.31,M,12.0,0907*4E
2021:01:22:10:04:44.826000,1611306284.826,$GPGGA,090444.00,6339.897615,N,01048.078997,E,2,12,0.8,12.52,M,40.31,M,8.0,0907*7D
2021:01:22:10:04:45.826000,1611306285.826,$GPGGA,090445.00,6339.899540,N,01048.084310,E,2,12,0.8,12.51,M,40.31,M,9.0,0907*75
2021:01:22:10:04:46.827000,1611306286.827,$GPGGA,090446.00,6339.901416,N,01048.089653,E,2,12,0.8,12.51,M,40.31,M,10.0,0907*43
2021:01:22:10:04:47.826000,1611306287.826,$GPGGA,090447.00,6339.903229,N,01048.095006,E,2,12,0.8,12.51,M,40.31,M,11.0,0907*40
2021:01:22:10:04:48.826000,1611306288.826,$GPGGA,090448.00,6339.905079,N,01048.100414,E,2,12,0.8,12.51,M,40.31,M,7.0,0907*73
2021:01:22:10:04:49.827000,1611306289.827,$GPGGA,090449.00,6339.906945,N,01048.105786,E,2,12,0.8,12.53,M,40.31,M,8.0,0907*77
2021:01:22:10:04:50.827000,1611306290.827,$GPGGA,090450.00,6339.908855,N,01048.111069,E,2,12,0.8,12.52,M,40.31,M,9.0,0907*72
2021:01:22:10:04:51.827000,1611306291.827,$GPGGA,090451.00,6339.910687,N,01048.116460,E,2,12,0.8,12.48,M,40.31,M,10.0,0907*42
2021:01:22:10:04:52.827000,1611306292.827,$GPGGA,090452.00,6339.912497,N,01048.121907,E,2,12,0.8,12.53,M,40.31,M,11.0,0907*43
2021:01:22:10:04:53.827000,1611306293.827,$GPGGA,090453.00,6339.914318,N,01048.127349,E,2,12,0.8,12.52,M,40.31,M,12.0,0907*40
2021:01:22:10:04:54.827000,1611306294.827,$GPGGA,090454.00,6339.916206,N,01048.132693,E,2,12,0.8,12.48,M,40.31,M,8.0,0907*7D
2021:01:22:10:04:56.827000,1611306296.827,$GPGGA,090456.00,6339.919837,N,01048.143561,E,2,12,0.8,12.51,M,40.30,M,10.0,0907*40
2021:01:22:10:04:57.827000,1611306297.827,$GPGGA,090457.00,6339.921719,N,01048.148914,E,2,12,0.8,12.46,M,40.30,M,11.0,0907*4B
2021:01:22:10:04:58.827000,1611306298.827,$GPGGA,090458.00,6339.923610,N,01048.154220,E,2,12,0.8,12.50,M,40.30,M,6.0,0907*7E
2021:01:22:10:05:00.827000,1611306300.827,$GPGGA,090500.00,6339.927269,N,01048.165084,E,2,12,0.8,12.50,M,40.30,M,8.0,0907*7C
2021:01:22:10:05:01.827000,1611306301.827,$GPGGA,090501.00,6339.929098,N,01048.170552,E,2,12,0.8,12.49,M,40.30,M,9.0,0907*7C
2021:01:22:10:05:02.827000,1611306302.827,$GPGGA,090502.00,6339.930900,N,01048.175940,E,2,12,0.8,12.51,M,40.30,M,10.0,0907*44
2021:01:22:10:05:04.828000,1611306304.828,$GPGGA,090504.00,6339.934610,N,01048.186748,E,2,12,0.8,12.51,M,40.30,M,12.0,0907*40
2021:01:22:10:05:05.828000,1611306305.828,$GPGGA,090505.00,6339.936484,N,01048.192150,E,2,12,0.8,12.52,M,40.30,M,8.0,0907*7E
2021:01:22:10:05:06.828000,1611306306.828,$GPGGA,090506.00,6339.938335,N,01048.197520,E,2,12,0.8,12.55,M,40.30,M,9.0,0907*7E
2021:01:22:10:05:09.828000,1611306309.828,$GPGGA,090509.00,6339.943925,N,01048.213639,E,2,12,0.8,12.48,M,40.30,M,7.0,0907*70
2021:01:22:10:05:10.828000,1611306310.828,$GPGGA,090510.00,6339.945840,N,01048.218864,E,2,12,0.8,12.48,M,40.30,M,8.0,0907*7E
2021:01:22:10:05:11.827000,1611306311.827,$GPGGA,090511.00,6339.947731,N,01048.224098,E,2,12,0.8,12.53,M,40.30,M,9.0,0907*7B
2021:01:22:10:05:13.827000,1611306313.827,$GPGGA,090513.00,6339.951655,N,01048.234606,E,2,12,0.8,12.48,M,40.30,M,11.0,0907*4E
2021:01:22:10:05:14.827000,1611306314.827,$GPGGA,090514.00,6339.953520,N,01048.239944,E,2,12,0.8,12.51,M,40.30,M,12.0,0907*45
2021:01:22:10:05:15.827000,1611306315.827,$GPGGA,090515.00,6339.955391,N,01048.245262,E,2,12,0.8,12.50,M,40.30,M,7.0,0907*7F
2021:01:22:10:05:16.827000,1611306316.827,$GPGGA,090516.00,6339.957314,N,01048.250544,E,2,12,0.8,12.47,M,40.30,M,8.0,0907*7D
2021:01:22:10:05:17.827000,1611306317.827,$GPGGA,090517.00,6339.959213,N,01048.255829,E,2,12,0.8,12.51,M,40.30,M,9.0,0907*71
2021:01:22:10:05:18.827000,1611306318.827,$GPGGA,090518.00,6339.961126,N,01048.261144,E,2,12,0.8,12.51,M,40.30,M,10.0,0907*4D
2021:01:22:10:05:19.828000,1611306319.828,$GPGGA,090519.00,6339.963054,N,01048.266391,E,2,12,0.8,12.49,M,40.30,M,11.0,0907*4F
2021:01:22:10:05:21.828000,1611306321.828,$GPGGA,090521.00,6339.966845,N,01048.277026,E,2,12,0.8,12.54,M,40.30,M,8.0,0907*72
2021:01:22:10:05:22.828000,1611306322.828,$GPGGA,090522.00,6339.968809,N,01048.282267,E,2,12,0.8,12.53,M,40.30,M,9.0,0907*7C
2021:01:22:10:05:23.828000,1611306323.828,$GPGGA,090523.00,6339.970710,N,01048.287667,E,2,12,0.8,12.51,M,40.30,M,10.0,0907*48
2021:01:22:10:05:25.828000,1611306325.828,$GPGGA,090525.00,6339.974457,N,01048.298273,E,2,12,0.8,12.56,M,40.30,M,7.0,0907*74
2021:01:22:10:05:26.828000,1611306326.828,$GPGGA,090526.00,6339.976343,N,01048.303646,E,2,12,0.8,12.54,M,40.30,M,8.0,0907*7B
2021:01:22:10:05:27.828000,1611306327.828,$GPGGA,090527.00,6339.978262,N,01048.308967,E,2,12,0.8,12.51,M,40.30,M,9.0,0907*75
2021:01:22:10:05:29.828000,1611306329.828,$GPGGA,090529.00,6339.981996,N,01048.319624,E,2,12,0.8,12.52,M,40.30,M,6.0,0907*79
2021:01:22:10:05:30.828000,1611306330.828,$GPGGA,090530.00,6339.983859,N,01048.325058,E,2,12,0.8,12.51,M,40.30,M,7.0,0907*71
2021:01:22:10:05:31.828000,1611306331.828,$GPGGA,090531.00,6339.985748,N,01048.330409,E,2,12,0.8,12.54,M,40.30,M,8.0,0907*77
2021:01:22:10:05:33.828000,1611306333.828,$GPGGA,090533.00,6339.989501,N,01048.341169,E,2,12,0.8,12.51,M,40.30,M,10.0,0907*4F
2021:01:22:10:05:34.829000,1611306334.829,$GPGGA,090534.00,6339.991486,N,01048.346436,E,2,12,0.8,12.49,M,40.30,M,6.0,0907*79
2021:01:22:10:05:35.829000,1611306335.829,$GPGGA,090535.00,6339.993321,N,01048.351741,E,2,12,0.8,12.57,M,40.30,M,7.0,0907*7B
2021:01:22:10:05:36.829000,1611306336.829,$GPGGA,090536.00,6339.995136,N,01048.357155,E,2,12,0.8,12.55,M,40.30,M,8.0,0907*72
2021:01:22:10:05:38.829000,1611306338.829,$GPGGA,090538.00,6339.998932,N,01048.367959,E,2,12,0.8,12.50,M,40.30,M,10.0,0907*46
2021:01:22:10:05:39.829000,1611306339.829,$GPGGA,090539.00,6340.000728,N,01048.373409,E,2,12,0.8,12.54,M,40.30,M,11.0,0907*4C
2021:01:22:10:05:41.828000,1611306341.828,$GPGGA,090541.00,6340.004498,N,01048.384064,E,2,12,0.8,12.52,M,40.30,M,8.0,0907*76
2021:01:22:10:05:42.828000,1611306342.828,$GPGGA,090542.00,6340.006378,N,01048.389433,E,2,12,0.8,12.52,M,40.30,M,9.0,0907*74
2021:01:22:10:05:43.828000,1611306343.828,$GPGGA,090543.00,6340.008242,N,01048.394774,E,2,12,0.8,12.54,M,40.30,M,10.0,0907*41
2021:01:22:10:05:46.828000,1611306346.828,$GPGGA,090546.00,6340.013824,N,01048.410930,E,2,12,0.8,12.50,M,40.30,M,8.0,0907*7C
2021:01:22:10:05:47.828000,1611306347.828,$GPGGA,090547.00,6340.015664,N,01048.416314,E,2,12,0.8,12.52,M,40.30,M,9.0,0907*78
2021:01:22:10:05:48.828000,1611306348.828,$GPGGA,090548.00,6340.017502,N,01048.421729,E,2,12,0.8,12.50,M,40.30,M,10.0,0907*42
2021:01:22:10:05:50.829000,1611306350.829,$GPGGA,090550.00,6340.021216,N,01048.432547,E,2,12,0.8,12.53,M,40.30,M,12.0,0907*45
2021:01:22:10:05:51.829000,1611306351.829,$GPGGA,090551.00,6340.023039,N,01048.437971,E,2,12,0.8,12.53,M,40.30,M,13.0,0907*44
2021:01:22:10:05:52.829000,1611306352.829,$GPGGA,090552.00,6340.024930,N,01048.443361,E,2,12,0.8,12.49,M,40.30,M,14.0,0907*44
2021:01:22:10:05:54.829000,1611306354.829,$GPGGA,090554.00,6340.028819,N,01048.453860,E,2,12,0.8,12.51,M,40.30,M,9.0,0907*7A
2021:01:22:10:05:55.829000,1611306355.829,$GPGGA,090555.00,6340.030707,N,01048.459205,E,2,12,0.8,12.52,M,40.30,M,10.0,0907*4A
2021:01:22:10:05:56.829000,1611306356.829,$GPGGA,090556.00,6340.032657,N,01048.464507,E,2,12,0.8,12.52,M,40.30,M,11.0,0907*45
2021:01:22:10:05:58.829000,1611306358.829,$GPGGA,090558.00,6340.036397,N,01048.475257,E,2,12,0.8,12.48,M,40.30,M,8.0,0907*77
2021:01:22:10:05:59.829000,1611306359.829,$GPGGA,090559.00,6340.038287,N,01048.480569,E,2,12,0.8,12.54,M,40.30,M,9.0,0907*74
2021:01:22:10:06:00.829000,1611306360.829,$GPGGA,090600.00,6340.040196,N,01048.485919,E,2,12,0.8,12.55,M,40.30,M,10.0,0907*40
2021:01:22:10:06:01.829000,1611306361.829,$GPGGA,090601.00,6340.042117,N,01048.491275,E,2,12,0.8,12.50,M,40.29,M,11.0,0907*42
2021:01:22:10:06:02.829000,1611306362.829,$GPGGA,090602.00,6340.043996,N,01048.496666,E,2,12,0.8,12.48,M,40.29,M,7.0,0907*7E
2021:01:22:10:06:03.829000,1611306363.829,$GPGGA,090603.00,6340.045833,N,01048.502029,E,2,12,0.8,12.51,M,40.29,M,8.0,0907*71
2021:01:22:10:06:04.830000,1611306364.83,$GPGGA,090604.00,6340.047711,N,01048.507401,E,2,12,0.8,12.53,M,40.29,M,9.0,0907*73
2021:01:22:10:06:06.830000,1611306366.83,$GPGGA,090606.00,6340.051540,N,01048.518121,E,2,12,0.8,12.47,M,40.29,M,11.0,0907*45
2021:01:22:10:06:07.830000,1611306367.83,$GPGGA,090607.00,6340.053355,N,01048.523554,E,2,12,0.8,12.50,M,40.29,M,12.0,0907*4F
2021:01:22:10:06:08.830000,1611306368.83,$GPGGA,090608.00,6340.055134,N,01048.529023,E,2,12,0.8,12.54,M,40.29,M,7.0,0907*7C
2021:01:22:10:06:11.830000,1611306371.83,$GPGGA,090611.00,6340.060937,N,01048.544957,E,2,12,0.8,12.51,M,40.29,M,5.0,0907*7F
2021:01:22:10:06:12.830000,1611306372.83,$GPGGA,090612.00,6340.062751,N,01048.550378,E,2,12,0.8,12.55,M,40.29,M,6.0,0907*75
2021:01:22:10:06:15.829000,1611306375.829,$GPGGA,090615.00,6340.068332,N,01048.566587,E,2,12,0.8,12.52,M,40.29,M,9.0,0907*72
2021:01:22:10:06:16.829000,1611306376.829,$GPGGA,090616.00,6340.070183,N,01048.571919,E,2,12,0.8,12.53,M,40.29,M,10.0,0907*44
2021:01:22:10:06:17.829000,1611306377.829,$GPGGA,090617.00,6340.072089,N,01048.577199,E,2,12,0.8,12.51,M,40.29,M,11.0,0907*49
2021:01:22:10:06:19.830000,1611306379.83,$GPGGA,090619.00,6340.075917,N,01048.587885,E,2,12,0.8,12.51,M,40.29,M,8.0,0907*7D
2021:01:22:10:06:20.830000,1611306380.83,$GPGGA,090620.00,6340.077740,N,01048.593267,E,2,12,0.8,12.54,M,40.29,M,9.0,0907*7E
2021:01:22:10:06:21.830000,1611306381.83,$GPGGA,090621.00,6340.079590,N,01048.598678,E,2,12,0.8,12.54,M,40.29,M,10.0,0907*47
2021:01:22:10:06:23.830000,1611306383.83,$GPGGA,090623.00,6340.083443,N,01048.609343,E,2,12,0.8,12.53,M,40.29,M,12.0,0907*4C
2021:01:22:10:06:24.830000,1611306384.83,$GPGGA,090624.00,6340.085389,N,01048.614625,E,2,12,0.8,12.52,M,40.29,M,13.0,0907*45
2021:01:22:10:06:25.830000,1611306385.83,$GPGGA,090625.00,6340.087339,N,01048.619847,E,2,12,0.8,12.49,M,40.29,M,14.0,0907*47
2021:01:22:10:06:26.830000,1611306386.83,$GPGGA,090626.00,6340.089224,N,01048.625207,E,2,12,0.8,12.48,M,40.29,M,15.0,0907*46
2021:01:22:10:06:27.830000,1611306387.83,$GPGGA,090627.00,6340.091110,N,01048.630544,E,2,12,0.8,12.49,M,40.29,M,16.0,0907*4C
2021:01:22:10:06:28.830000,1611306388.83,$GPGGA,090628.00,6340.093018,N,01048.635818,E,2,12,0.8,12.49,M,40.29,M,17.0,0907*48
2021:01:22:10:06:29.830000,1611306389.83,$GPGGA,090629.00,6340.094951,N,01048.641103,E,2,12,0.8,12.49,M,40.29,M,7.0,0907*7B
2021:01:22:10:06:31.830000,1611306391.83,$GPGGA,090631.00,6340.098758,N,01048.651760,E,2,12,0.8,12.50,M,40.29,M,9.0,0907*7D
2021:01:22:10:06:32.830000,1611306392.83,$GPGGA,090632.00,6340.100686,N,01048.657028,E,2,12,0.8,12.49,M,40.29,M,10.0,0907*41
2021:01:22:10:06:33.830000,1611306393.83,$GPGGA,090633.00,6340.102579,N,01048.662395,E,2,12,0.8,12.51,M,40.29,M,11.0,0907*4A
2021:01:22:10:06:35.831000,1611306395.831,$GPGGA,090635.00,6340.106427,N,01048.673008,E,2,12,0.8,12.51,M,40.29,M,7.0,0907*72
2021:01:22:10:06:36.831000,1611306396.831,$GPGGA,090636.00,6340.108363,N,01048.678315,E,2,12,0.8,12.50,M,40.29,M,8.0,0907*72
2021:01:22:10:06:37.831000,1611306397.831,$GPGGA,090637.00,6340.110276,N,01048.683661,E,2,12,0.8,12.51,M,40.29,M,9.0,0907*7D
2021:01:22:10:06:38.831000,1611306398.831,$GPGGA,090638.00,6340.112168,N,01048.688984,E,2,12,0.8,12.53,M,40.29,M,10.0,0907*49
2021:01:22:10:06:40.830000,1611306400.83,$GPGGA,090640.00,6340.116012,N,01048.699594,E,2,12,0.8,12.50,M,40.29,M,7.0,0907*76
2021:01:22:10:06:41.830000,1611306401.83,$GPGGA,090641.00,6340.117864,N,01048.705032,E,2,12,0.8,12.52,M,40.29,M,8.0,0907*7F
2021:01:22:10:06:44.830000,1611306404.83,$GPGGA,090644.00,6340.123447,N,01048.721257,E,2,12,0.8,12.51,M,40.29,M,11.0,0907*4C
2021:01:22:10:06:45.830000,1611306405.83,$GPGGA,090645.00,6340.125356,N,01048.726563,E,2,12,0.8,12.54,M,40.29,M,7.0,0907*79
2021:01:22:10:06:46.830000,1611306406.83,$GPGGA,090646.00,6340.127239,N,01048.731941,E,2,12,0.8,12.54,M,40.29,M,8.0,0907*75
2021:01:22:10:06:47.830000,1611306407.83,$GPGGA,090647.00,6340.129144,N,01048.737340,E,2,12,0.8,12.53,M,40.29,M,9.0,0907*78
2021:01:22:10:06:48.830000,1611306408.83,$GPGGA,090648.00,6340.130996,N,01048.742767,E,2,12,0.8,12.56,M,40.29,M,10.0,0907*46
2021:01:22:10:06:49.831000,1611306409.831,$GPGGA,090649.00,6340.132800,N,01048.748271,E,2,12,0.8,12.56,M,40.29,M,11.0,0907*42
2021:01:22:10:06:50.831000,1611306410.831,$GPGGA,090650.00,6340.134648,N,01048.753749,E,2,12,0.8,12.58,M,40.29,M,12.0,0907*47
2021:01:22:10:06:51.831000,1611306411.831,$GPGGA,090651.00,6340.136521,N,01048.759157,E,2,12,0.8,12.55,M,40.29,M,13.0,0907*47
2021:01:22:10:06:52.831000,1611306412.831,$GPGGA,090652.00,6340.138430,N,01048.764493,E,2,12,0.8,12.53,M,40.29,M,9.0,0907*75
2021:01:22:10:06:53.831000,1611306413.831,$GPGGA,090653.00,6340.140339,N,01048.769809,E,2,12,0.8,12.56,M,40.29,M,10.0,0907*4A
2021:01:22:10:06:54.831000,1611306414.831,$GPGGA,090654.00,6340.142249,N,01048.775164,E,2,12,0.8,12.56,M,40.29,M,11.0,0907*47
2021:01:22:10:06:56.831000,1611306416.831,$GPGGA,090656.00,6340.146022,N,01048.785942,E,2,12,0.8,12.54,M,40.29,M,7.0,0907*78
2021:01:22:10:06:57.831000,1611306417.831,$GPGGA,090657.00,6340.147878,N,01048.791392,E,2,12,0.8,12.53,M,40.29,M,8.0,0907*75
2021:01:22:10:06:58.831000,1611306418.831,$GPGGA,090658.00,6340.149760,N,01048.796804,E,2,12,0.8,12.53,M,40.29,M,4.0,0907*7D
2021:01:22:10:07:00.831000,1611306420.831,$GPGGA,090700.00,6340.153657,N,01048.807307,E,2,12,0.8,12.52,M,40.29,M,6.0,0907*73
2021:01:22:10:07:01.831000,1611306421.831,$GPGGA,090701.00,6340.155597,N,01048.812622,E,2,12,0.8,12.52,M,40.29,M,7.0,0907*7C
2021:01:22:10:07:02.831000,1611306422.831,$GPGGA,090702.00,6340.157526,N,01048.817976,E,2,12,0.8,12.53,M,40.29,M,8.0,0907*72
2021:01:22:10:07:04.832000,1611306424.832,$GPGGA,090704.00,6340.161317,N,01048.828698,E,2,12,0.8,12.52,M,40.29,M,10.0,0907*4E
2021:01:22:10:07:05.832000,1611306425.832,$GPGGA,090705.00,6340.163205,N,01048.834073,E,2,12,0.8,12.51,M,40.29,M,11.0,0907*43
2021:01:22:10:07:06.832000,1611306426.832,$GPGGA,090706.00,6340.165108,N,01048.839415,E,2,12,0.8,12.52,M,40.29,M,7.0,0907*75
2021:01:22:10:07:08.832000,1611306428.832,$GPGGA,090708.00,6340.168905,N,01048.850175,E,2,12,0.8,12.53,M,40.28,M,4.0,0907*7C
2021:01:22:10:07:09.832000,1611306429.832,$GPGGA,090709.00,6340.170826,N,01048.855497,E,2,12,0.8,12.54,M,40.28,M,5.0,0907*7E
2021:01:22:10:07:10.831000,1611306430.831,$GPGGA,090710.00,6340.172745,N,01048.860797,E,2,12,0.8,12.55,M,40.28,M,6.0,0907*79
2021:01:22:10:07:11.831000,1611306431.831,$GPGGA,090711.00,6340.174648,N,01048.866195,E,2,12,0.8,12.54,M,40.28,M,7.0,0907*70
2021:01:22:10:07:13.831000,1611306433.831,$GPGGA,090713.00,6340.178405,N,01048.876990,E,2,12,0.8,12.54,M,40.28,M,9.0,0907*77
2021:01:22:10:07:14.831000,1611306434.831,$GPGGA,090714.00,6340.180325,N,01048.882294,E,2,12,0.8,12.56,M,40.28,M,10.0,0907*4C
2021:01:22:10:07:16.831000,1611306436.831,$GPGGA,090716.00,6340.184160,N,01048.893026,E,2,12,0.8,12.52,M,40.28,M,6.0,0907*71
2021:01:22:10:07:17.831000,1611306437.831,$GPGGA,090717.00,6340.186055,N,01048.898368,E,2,12,0.8,12.52,M,40.28,M,7.0,0907*76
2021:01:22:10:07:18.831000,1611306438.831,$GPGGA,090718.00,6340.187924,N,01048.903745,E,2,12,0.8,12.53,M,40.28,M,8.0,0907*71
2021:01:22:10:07:19.832000,1611306439.832,$GPGGA,090719.00,6340.189827,N,01048.909141,E,2,12,0.8,12.54,M,40.28,M,9.0,0907*72
2021:01:22:10:07:21.832000,1611306441.832,$GPGGA,090721.00,6340.193676,N,01048.919867,E,2,12,0.8,12.51,M,40.28,M,11.0,0907*48
2021:01:22:10:07:22.832000,1611306442.832,$GPGGA,090722.00,6340.195572,N,01048.925230,E,2,12,0.8,12.51,M,40.28,M,7.0,0907*7A
2021:01:22:10:07:23.832000,1611306443.832,$GPGGA,090723.00,6340.197466,N,01048.930642,E,2,12,0.8,12.51,M,40.28,M,8.0,0907*77
2021:01:22:10:07:25.832000,1611306445.832,$GPGGA,090725.00,6340.201253,N,01048.941443,E,2,12,0.8,12.51,M,40.28,M,10.0,0907*41
2021:01:22:10:07:26.832000,1611306446.832,$GPGGA,090726.00,6340.203196,N,01048.946783,E,2,12,0.8,12.54,M,40.28,M,6.0,0907*70
2021:01:22:10:07:27.832000,1611306447.832,$GPGGA,090727.00,6340.205123,N,01048.952197,E,2,12,0.8,12.48,M,40.28,M,7.0,0907*73
2021:01:22:10:07:29.832000,1611306449.832,$GPGGA,090729.00,6340.208852,N,01048.963119,E,2,12,0.8,12.53,M,40.28,M,9.0,0907*7F
2021:01:22:10:07:30.832000,1611306450.832,$GPGGA,090730.00,6340.210777,N,01048.968481,E,2,12,0.8,12.50,M,40.28,M,10.0,0907*42
2021:01:22:10:07:31.832000,1611306451.832,$GPGGA,090731.00,6340.212730,N,01048.973839,E,2,12,0.8,12.46,M,40.28,M,11.0,0907*41
2021:01:22:10:07:32.832000,1611306452.832,$GPGGA,090732.00,6340.214652,N,01048.979206,E,2,12,0.8,12.48,M,40.28,M,7.0,0907*74
2021:01:22:10:07:33.832000,1611306453.832,$GPGGA,090733.00,6340.216563,N,01048.984554,E,2,12,0.8,12.50,M,40.28,M,8.0,0907*72
2021:01:22:10:07:34.833000,1611306454.833,$GPGGA,090734.00,6340.218512,N,01048.989865,E,2,12,0.8,12.48,M,40.28,M,9.0,0907*77
2021:01:22:10:07:35.833000,1611306455.833,$GPGGA,090735.00,6340.220466,N,01048.995179,E,2,12,0.8,12.45,M,40.28,M,10.0,0907*43
2021:01:22:10:07:36.833000,1611306456.833,$GPGGA,090736.00,6340.222372,N,01049.000582,E,2,12,0.8,12.44,M,40.28,M,11.0,0907*44
2021:01:22:10:07:37.833000,1611306457.833,$GPGGA,090737.00,6340.224278,N,01049.005944,E,2,12,0.8,12.48,M,40.28,M,12.0,0907*44
2021:01:22:10:07:38.833000,1611306458.833,$GPGGA,090738.00,6340.226214,N,01049.011236,E,2,12,0.8,12.48,M,40.28,M,13.0,0907*49
2021:01:22:10:07:39.832000,1611306459.832,$GPGGA,090739.00,6340.228108,N,01049.016596,E,2,12,0.8,12.48,M,40.28,M,8.0,0907*78
2021:01:22:10:07:41.832000,1611306461.832,$GPGGA,090741.00,6340.231868,N,01049.027344,E,2,12,0.8,12.49,M,40.28,M,10.0,0907*43
2021:01:22:10:07:42.832000,1611306462.832,$GPGGA,090742.00,6340.233795,N,01049.032678,E,2,12,0.8,12.51,M,40.28,M,6.0,0907*7F
2021:01:22:10:07:43.832000,1611306463.832,$GPGGA,090743.00,6340.235741,N,01049.037988,E,2,12,0.8,12.52,M,40.28,M,7.0,0907*76
2021:01:22:10:07:46.832000,1611306466.832,$GPGGA,090746.00,6340.241399,N,01049.054107,E,2,12,0.8,12.51,M,40.28,M,10.0,0907*4E
2021:01:22:10:07:47.832000,1611306467.832,$GPGGA,090747.00,6340.243350,N,01049.059416,E,2,12,0.8,12.50,M,40.28,M,11.0,0907*40
2021:01:22:10:07:50.833000,1611306470.833,$GPGGA,090750.00,6340.249219,N,01049.075231,E,2,12,0.8,12.51,M,40.28,M,9.0,0907*75
2021:01:22:10:07:51.833000,1611306471.833,$GPGGA,090751.00,6340.251160,N,01049.080547,E,2,12,0.8,12.52,M,40.28,M,10.0,0907*47
2021:01:22:10:07:52.833000,1611306472.833,$GPGGA,090752.00,6340.253023,N,01049.085997,E,2,12,0.8,12.53,M,40.28,M,11.0,0907*44
2021:01:22:10:07:54.833000,1611306474.833,$GPGGA,090754.00,6340.256882,N,01049.096628,E,2,12,0.8,12.49,M,40.28,M,13.0,0907*44
2021:01:22:10:07:55.833000,1611306475.833,$GPGGA,090755.00,6340.258836,N,01049.101926,E,2,12,0.8,12.48,M,40.28,M,8.0,0907*71
2021:01:22:10:07:56.833000,1611306476.833,$GPGGA,090756.00,6340.260742,N,01049.107220,E,2,12,0.8,12.53,M,40.28,M,9.0,0907*75
2021:01:22:10:07:58.833000,1611306478.833,$GPGGA,090758.00,6340.264539,N,01049.117920,E,2,12,0.8,12.53,M,40.28,M,11.0,0907*42
2021:01:22:10:07:59.833000,1611306479.833,$GPGGA,090759.00,6340.266462,N,01049.123218,E,2,12,0.8,12.51,M,40.28,M,7.0,0907*7C
2021:01:22:10:08:00.833000,1611306480.833,$GPGGA,090800.00,6340.268392,N,01049.128508,E,2,12,0.8,12.49,M,40.28,M,8.0,0907*72
2021:01:22:10:08:02.833000,1611306482.833,$GPGGA,090802.00,6340.272188,N,01049.139191,E,2,12,0.8,12.52,M,40.28,M,10.0,0907*45
2021:01:22:10:08:03.833000,1611306483.833,$GPGGA,090803.00,6340.274108,N,01049.144498,E,2,12,0.8,12.52,M,40.28,M,11.0,0907*4D
2021:01:22:10:08:04.834000,1611306484.834,$GPGGA,090804.00,6340.276017,N,01049.149829,E,2,12,0.8,12.49,M,40.28,M,12.0,0907*45
2021:01:22:10:08:06.834000,1611306486.834,$GPGGA,090806.00,6340.279828,N,01049.160520,E,2,12,0.8,12.48,M,40.28,M,8.0,0907*79
2021:01:22:10:08:07.834000,1611306487.834,$GPGGA,090807.00,6340.281697,N,01049.165926,E,2,12,0.8,12.48,M,40.28,M,9.0,0907*7B
2021:01:22:10:08:08.834000,1611306488.834,$GPGGA,090808.00,6340.283612,N,01049.171250,E,2,12,0.8,12.48,M,40.28,M,10.0,0907*4C
2021:01:22:10:08:10.833000,1611306490.833,$GPGGA,090810.00,6340.287497,N,01049.181965,E,2,12,0.8,12.46,M,40.28,M,7.0,0907*74
2021:01:22:10:08:11.833000,1611306491.833,$GPGGA,090811.00,6340.289415,N,01049.187300,E,2,12,0.8,12.49,M,40.28,M,8.0,0907*7E
2021:01:22:10:08:12.833000,1611306492.833,$GPGGA,090812.00,6340.291310,N,01049.192694,E,2,12,0.8,12.51,M,40.28,M,4.0,0907*7F
2021:01:22:10:08:15.833000,1611306495.833,$GPGGA,090815.00,6340.297068,N,01049.208836,E,2,12,0.8,12.49,M,40.27,M,7.0,0907*71
2021:01:22:10:08:16.833000,1611306496.833,$GPGGA,090816.00,6340.299047,N,01049.214137,E,2,12,0.8,12.46,M,40.27,M,8.0,0907*74
2021:01:22:10:08:17.833000,1611306497.833,$GPGGA,090817.00,6340.301021,N,01049.219483,E,2,12,0.8,12.46,M,40.27,M,9.0,0907*73
2021:01:22:10:08:19.834000,1611306499.834,$GPGGA,090819.00,6340.304882,N,01049.230163,E,2,12,0.8,12.50,M,40.27,M,6.0,0907*71
2021:01:22:10:08:20.834000,1611306500.834,$GPGGA,090820.00,6340.306820,N,01049.235567,E,2,12,0.8,12.46,M,40.27,M,7.0,0907*72
2021:01:22:10:08:21.834000,1611306501.834,$GPGGA,090821.00,6340.308732,N,01049.240993,E,2,12,0.8,12.48,M,40.27,M,8.0,0907*75
2021:01:22:10:08:23.834000,1611306503.834,$GPGGA,090823.00,6340.312561,N,01049.251649,E,2,12,0.8,12.52,M,40.27,M,10.0,0907*42
2021:01:22:10:08:24.834000,1611306504.834,$GPGGA,090824.00,6340.314538,N,01049.256982,E,2,12,0.8,12.49,M,40.27,M,11.0,0907*4B
2021:01:22:10:08:25.834000,1611306505.834,$GPGGA,090825.00,6340.316442,N,01049.262341,E,2,12,0.8,12.50,M,40.27,M,12.0,0907*4D
2021:01:22:10:08:26.834000,1611306506.834,$GPGGA,090826.00,6340.318365,N,01049.267682,E,2,12,0.8,12.55,M,40.27,M,13.0,0907*49
2021:01:22:10:08:27.834000,1611306507.834,$GPGGA,090827.00,6340.320364,N,01049.272945,E,2,12,0.8,12.55,M,40.27,M,14.0,0907*45
2021:01:22:10:08:28.834000,1611306508.834,$GPGGA,090828.00,6340.322327,N,01049.278208,E,2,12,0.8,12.51,M,40.27,M,15.0,0907*42
2021:01:22:10:08:29.834000,1611306509.834,$GPGGA,090829.00,6340.324274,N,01049.283528,E,2,12,0.8,12.52,M,40.27,M,16.0,0907*43
2021:01:22:10:08:31.834000,1611306511.834,$GPGGA,090831.00,6340.328228,N,01049.294136,E,2,12,0.8,12.54,M,40.27,M,8.0,0907*7B
2021:01:22:10:08:32.834000,1611306512.834,$GPGGA,090832.00,6340.330267,N,01049.299301,E,2,12,0.8,12.50,M,40.27,M,9.0,0907*74
2021:01:22:10:08:33.834000,1611306513.834,$GPGGA,090833.00,6340.332273,N,01049.304511,E,2,12,0.8,12.50,M,40.27,M,10.0,0907*48
2021:01:22:10:08:35.835000,1611306515.835,$GPGGA,090835.00,6340.336194,N,01049.315132,E,2,12,0.8,12.50,M,40.27,M,12.0,0907*47
2021:01:22:10:08:36.835000,1611306516.835,$GPGGA,090836.00,6340.338168,N,01049.320396,E,2,12,0.8,12.50,M,40.27,M,7.0,0907*77
2021:01:22:10:08:37.835000,1611306517.835,$GPGGA,090837.00,6340.340176,N,01049.325641,E,2,12,0.8,12.49,M,40.27,M,8.0,0907*7B
2021:01:22:10:08:39.834000,1611306519.834,$GPGGA,090839.00,6340.344129,N,01049.336178,E,2,12,0.8,12.50,M,40.27,M,10.0,0907*45
2021:01:22:10:08:40.834000,1611306520.834,$GPGGA,090840.00,6340.346052,N,01049.341514,E,2,12,0.8,12.48,M,40.27,M,6.0,0907*74
2021:01:22:10:08:41.834000,1611306521.834,$GPGGA,090841.00,6340.347998,N,01049.346864,E,2,12,0.8,12.47,M,40.27,M,7.0,0907*78
2021:01:22:10:08:43.834000,1611306523.834,$GPGGA,090843.00,6340.351879,N,01049.357571,E,2,12,0.8,12.48,M,40.27,M,9.0,0907*7B
2021:01:22:10:08:44.834000,1611306524.834,$GPGGA,090844.00,6340.353787,N,01049.362921,E,2,12,0.8,12.49,M,40.27,M,10.0,0907*46
2021:01:22:10:08:45.834000,1611306525.834,$GPGGA,090845.00,6340.355663,N,01049.368343,E,2,12,0.8,12.52,M,40.27,M,11.0,0907*45
2021:01:22:10:08:48.834000,1611306528.834,$GPGGA,090848.00,6340.361535,N,01049.384269,E,2,12,0.8,12.50,M,40.27,M,8.0,0907*7E
2021:01:22:10:08:49.835000,1611306529.835,$GPGGA,090849.00,6340.363483,N,01049.389602,E,2,12,0.8,12.52,M,40.27,M,4.0,0907*7B
2021:01:22:10:08:52.835000,1611306532.835,$GPGGA,090852.00,6340.369305,N,01049.405647,E,2,12,0.8,12.50,M,40.27,M,7.0,0907*71
2021:01:22:10:08:53.835000,1611306533.835,$GPGGA,090853.00,6340.371252,N,01049.410986,E,2,12,0.8,12.47,M,40.27,M,8.0,0907*75
2021:01:22:10:08:54.835000,1611306534.835,$GPGGA,090854.00,6340.373201,N,01049.416314,E,2,12,0.8,12.49,M,40.27,M,9.0,0907*7E
2021:01:22:10:08:56.835000,1611306536.835,$GPGGA,090856.00,6340.377128,N,01049.426891,E,2,12,0.8,12.48,M,40.27,M,5.0,0907*78
2021:01:22:10:08:57.835000,1611306537.835,$GPGGA,090857.00,6340.379076,N,01049.432250,E,2,12,0.8,12.48,M,40.27,M,6.0,0907*7C
2021:01:22:10:08:58.835000,1611306538.835,$GPGGA,090858.00,6340.380996,N,01049.437626,E,2,12,0.8,12.48,M,40.27,M,7.0,0907*73
2021:01:22:10:09:00.835000,1611306540.835,$GPGGA,090900.00,6340.384890,N,01049.448302,E,2,12,0.8,12.48,M,40.27,M,9.0,0907*79
2021:01:22:10:09:01.835000,1611306541.835,$GPGGA,090901.00,6340.386807,N,01049.453679,E,2,12,0.8,12.48,M,40.27,M,10.0,0907*4F
2021:01:22:10:09:02.835000,1611306542.835,$GPGGA,090902.00,6340.388739,N,01049.459043,E,2,12,0.8,12.48,M,40.27,M,11.0,0907*44
2021:01:22:10:09:04.836000,1611306544.836,$GPGGA,090904.00,6340.392648,N,01049.469736,E,2,12,0.8,12.47,M,40.27,M,8.0,0907*7F
2021:01:22:10:09:05.836000,1611306545.836,$GPGGA,090905.00,6340.394586,N,01049.475065,E,2,12,0.8,12.49,M,40.27,M,9.0,0907*7A
2021:01:22:10:09:06.836000,1611306546.836,$GPGGA,090906.00,6340.396537,N,01049.480411,E,2,12,0.8,12.48,M,40.27,M,10.0,0907*45
2021:01:22:10:09:08.835000,1611306548.835,$GPGGA,090908.00,6340.400348,N,01049.491307,E,2,12,0.8,12.48,M,40.27,M,7.0,0907*7B
2021:01:22:10:09:09.835000,1611306549.835,$GPGGA,090909.00,6340.402264,N,01049.496699,E,2,12,0.8,12.49,M,40.27,M,8.0,0907*7C
2021:01:22:10:09:10.835000,1611306550.835,$GPGGA,090910.00,6340.404231,N,01049.502024,E,2,12,0.8,12.48,M,40.27,M,9.0,0907*7E
2021:01:22:10:09:11.835000,1611306551.835,$GPGGA,090911.00,6340.406217,N,01049.507361,E,2,12,0.8,12.46,M,40.27,M,10.0,0907*48
2021:01:22:10:09:12.835000,1611306552.835,$GPGGA,090912.00,6340.408162,N,01049.512755,E,2,12,0.8,12.49,M,40.27,M,11.0,0907*4D
2021:01:22:10:09:13.835000,1611306553.835,$GPGGA,090913.00,6340.410059,N,01049.518184,E,2,12,0.8,12.48,M,40.27,M,6.0,0907*7B
2021:01:22:10:09:14.835000,1611306554.835,$GPGGA,090914.00,6340.411944,N,01049.523632,E,2,12,0.8,12.48,M,40.27,M,7.0,0907*7B
2021:01:22:10:09:17.835000,1611306557.835,$GPGGA,090917.00,6340.417687,N,01049.539886,E,2,12,0.8,12.49,M,40.27,M,10.0,0907*43
2021:01:22:10:09:18.835000,1611306558.835,$GPGGA,090918.00,6340.419593,N,01049.545316,E,2,12,0.8,12.48,M,40.27,M,11.0,0907*4D
2021:01:22:10:09:20.836000,1611306560.836,$GPGGA,090920.00,6340.423423,N,01049.556100,E,2,12,0.9,12.48,M,40.26,M,8.0,0907*7A
2021:01:22:10:09:21.836000,1611306561.836,$GPGGA,090921.00,6340.425381,N,01049.561448,E,2,12,0.9,12.48,M,40.26,M,9.0,0907*7E
2021:01:22:10:09:22.836000,1611306562.836,$GPGGA,090922.00,6340.427327,N,01049.566822,E,2,12,0.9,12.46,M,40.26,M,10.0,0907*42
2021:01:22:10:09:23.836000,1611306563.836,$GPGGA,090923.00,6340.429223,N,01049.572246,E,2,12,0.9,12.48,M,40.26,M,6.0,0907*7C
2021:01:22:10:09:25.836000,1611306565.836,$GPGGA,090925.00,6340.433106,N,01049.582941,E,2,12,0.8,12.50,M,40.26,M,8.0,0907*70
2021:01:22:10:09:26.836000,1611306566.836,$GPGGA,090926.00,6340.435069,N,01049.588246,E,2,12,0.8,12.47,M,40.26,M,4.0,0907*71
2021:01:22:10:09:27.836000,1611306567.836,$GPGGA,090927.00,6340.437016,N,01049.593559,E,2,12,0.8,12.45,M,40.26,M,5.0,0907*7A
2021:01:22:10:09:29.836000,1611306569.836,$GPGGA,090929.00,6340.440865,N,01049.604272,E,2,12,0.8,12.47,M,40.26,M,7.0,0907*7B
2021:01:22:10:09:30.836000,1611306570.836,$GPGGA,090930.00,6340.442828,N,01049.609555,E,2,12,0.8,12.48,M,40.26,M,8.0,0907*77
2021:01:22:10:09:31.836000,1611306571.836,$GPGGA,090931.00,6340.444837,N,01049.614800,E,2,12,0.8,12.46,M,40.26,M,9.0,0907*70
2021:01:22:10:09:33.836000,1611306573.836,$GPGGA,090933.00,6340.448714,N,01049.625544,E,2,12,0.8,12.50,M,40.26,M,6.0,0907*77
2021:01:22:10:09:34.837000,1611306574.837,$GPGGA,090934.00,6340.450643,N,01049.630895,E,2,12,0.8,12.52,M,40.26,M,7.0,0907*7C
2021:01:22:10:09:35.837000,1611306575.837,$GPGGA,090935.00,6340.452600,N,01049.636251,E,2,12,0.8,12.49,M,40.26,M,8.0,0907*79
2021:01:22:10:09:37.836000,1611306577.836,$GPGGA,090937.00,6340.456542,N,01049.646892,E,2,12,0.8,12.47,M,40.26,M,5.0,0907*7B
2021:01:22:10:09:38.836000,1611306578.836,$GPGGA,090938.00,6340.458467,N,01049.652304,E,2,12,0.8,12.46,M,40.26,M,6.0,0907*7F
2021:01:22:10:09:39.836000,1611306579.836,$GPGGA,090939.00,6340.460421,N,01049.657653,E,2,12,0.8,12.46,M,40.26,M,7.0,0907*74
2021:01:22:10:09:41.836000,1611306581.836,$GPGGA,090941.00,6340.464251,N,01049.668406,E,2,12,0.8,12.46,M,40.26,M,9.0,0907*7E
2021:01:22:10:09:42.836000,1611306582.836,$GPGGA,090942.00,6340.466184,N,01049.673808,E,2,12,0.8,12.43,M,40.26,M,10.0,0907*41
2021:01:22:10:09:43.836000,1611306583.836,$GPGGA,090943.00,6340.468081,N,01049.679253,E,2,12,0.8,12.44,M,40.26,M,6.0,0907*74
2021:01:22:10:09:45.836000,1611306585.836,$GPGGA,090945.00,6340.471870,N,01049.690131,E,2,12,0.8,12.44,M,40.26,M,8.0,0907*72
2021:01:22:10:09:46.836000,1611306586.836,$GPGGA,090946.00,6340.473789,N,01049.695525,E,2,12,0.8,12.44,M,40.26,M,9.0,0907*7F
2021:01:22:10:09:47.836000,1611306587.836,$GPGGA,090947.00,6340.475688,N,01049.700924,E,2,12,0.8,12.44,M,40.26,M,10.0,0907*40
2021:01:22:10:09:50.837000,1611306590.837,$GPGGA,090950.00,6340.481420,N,01049.717210,E,2,12,0.8,12.42,M,40.26,M,13.0,0907*42
2021:01:22:10:09:51.837000,1611306591.837,$GPGGA,090951.00,6340.483358,N,01049.722543,E,2,12,0.8,12.42,M,40.26,M,14.0,0907*49
2021:01:22:10:09:54.837000,1611306594.837,$GPGGA,090954.00,6340.489198,N,01049.738589,E,2,12,0.8,12.39,M,40.26,M,11.0,0907*4C
2021:01:22:10:09:55.837000,1611306595.837,$GPGGA,090955.00,6340.491077,N,01049.744048,E,2,12,0.8,12.39,M,40.26,M,12.0,0907*44
2021:01:22:10:09:56.837000,1611306596.837,$GPGGA,090956.00,6340.492971,N,01049.749473,E,2,12,0.8,12.42,M,40.26,M,8.0,0907*7D
2021:01:22:10:09:58.837000,1611306598.837,$GPGGA,090958.00,6340.496839,N,01049.760121,E,2,12,0.8,12.40,M,40.26,M,10.0,0907*48
2021:01:22:10:09:59.837000,1611306599.837,$GPGGA,090959.00,6340.498794,N,01049.765432,E,2,12,0.8,12.38,M,40.26,M,11.0,0907*43
2021:01:22:10:10:00.837000,1611306600.837,$GPGGA,091000.00,6340.500751,N,01049.770741,E,2,12,0.8,12.43,M,40.26,M,7.0,0907*76
2021:01:22:10:10:02.837000,1611306602.837,$GPGGA,091002.00,6340.504573,N,01049.781484,E,2,12,0.8,12.44,M,40.26,M,9.0,0907*7F
2021:01:22:10:10:03.837000,1611306603.837,$GPGGA,091003.00,6340.506496,N,01049.786841,E,2,12,0.8,12.43,M,40.26,M,10.0,0907*4B
2021:01:22:10:10:04.838000,1611306604.838,$GPGGA,091004.00,6340.508433,N,01049.792159,E,2,12,0.8,12.42,M,40.26,M,6.0,0907*7E
2021:01:22:10:10:05.838000,1611306605.838,$GPGGA,091005.00,6340.510352,N,01049.797511,E,2,12,0.8,12.44,M,40.26,M,7.0,0907*7C
2021:01:22:10:10:06.837000,1611306606.837,$GPGGA,091006.00,6340.512256,N,01049.802905,E,2,12,0.8,12.45,M,40.26,M,8.0,0907*7C
2021:01:22:10:10:07.837000,1611306607.837,$GPGGA,091007.00,6340.514168,N,01049.808299,E,2,12,0.8,12.42,M,40.26,M,9.0,0907*77
2021:01:22:10:10:08.837000,1611306608.837,$GPGGA,091008.00,6340.516082,N,01049.813683,E,2,12,0.8,12.42,M,40.26,M,10.0,0907*42
2021:01:22:10:10:10.837000,1611306610.837,$GPGGA,091010.00,6340.520016,N,01049.824334,E,2,12,0.8,12.44,M,40.26,M,7.0,0907*7E
2021:01:22:10:10:11.837000,1611306611.837,$GPGGA,091011.00,6340.521924,N,01049.829747,E,2,12,0.8,12.40,M,40.26,M,8.0,0907*70
2021:01:22:10:10:12.837000,1611306612.837,$GPGGA,091012.00,6340.523757,N,01049.835271,E,2,12,0.8,12.40,M,40.26,M,9.0,0907*77
2021:01:22:10:10:14.837000,1611306614.837,$GPGGA,091014.00,6340.527496,N,01049.846162,E,2,12,0.8,12.45,M,40.26,M,5.0,0907*77
2021:01:22:10:10:15.837000,1611306615.837,$GPGGA,091015.00,6340.529426,N,01049.851574,E,2,12,0.8,12.43,M,40.26,M,6.0,0907*73
2021:01:22:10:10:16.837000,1611306616.837,$GPGGA,091016.00,6340.531318,N,01049.857061,E,2,12,0.8,12.42,M,40.26,M,7.0,0907*74
2021:01:22:10:10:19.838000,1611306619.838,$GPGGA,091019.00,6340.536997,N,01049.873286,E,2,12,0.8,12.45,M,40.26,M,10.0,0907*4D
2021:01:22:10:10:20.838000,1611306620.838,$GPGGA,091020.00,6340.538900,N,01049.878786,E,2,12,0.8,12.43,M,40.26,M,11.0,0907*4E
2021:01:22:10:10:23.838000,1611306623.838,$GPGGA,091023.00,6340.544519,N,01049.895184,E,2,12,0.8,12.48,M,40.26,M,9.0,0907*77
2021:01:22:10:10:24.838000,1611306624.838,$GPGGA,091024.00,6340.546382,N,01049.900653,E,2,12,0.9,12.47,M,40.26,M,10.0,0907*40
2021:01:22:10:10:25.838000,1611306625.838,$GPGGA,091025.00,6340.548269,N,01049.906087,E,2,12,0.9,12.45,M,40.26,M,11.0,0907*41
2021:01:22:10:10:27.838000,1611306627.838,$GPGGA,091027.00,6340.552061,N,01049.916954,E,2,12,0.8,12.44,M,40.25,M,7.0,0907*70
2021:01:22:10:10:28.838000,1611306628.838,$GPGGA,091028.00,6340.553920,N,01049.922417,E,2,12,0.8,12.46,M,40.25,M,8.0,0907*72
2021:01:22:10:10:29.838000,1611306629.838,$GPGGA,091029.00,6340.555809,N,01049.927852,E,2,12,0.8,12.46,M,40.25,M,9.0,0907*76
2021:01:22:10:10:31.838000,1611306631.838,$GPGGA,091031.00,6340.559630,N,01049.938667,E,2,12,0.8,12.43,M,40.25,M,5.0,0907*78
2021:01:22:10:10:32.838000,1611306632.838,$GPGGA,091032.00,6340.561511,N,01049.944130,E,2,12,0.8,12.45,M,40.25,M,6.0,0907*7B
2021:01:22:10:10:33.838000,1611306633.838,$GPGGA,091033.00,6340.563397,N,01049.949561,E,2,12,0.8,12.48,M,40.25,M,7.0,0907*71
2021:01:22:10:10:35.839000,1611306635.839,$GPGGA,091035.00,6340.567245,N,01049.960294,E,2,12,0.8,12.46,M,40.25,M,9.0,0907*7B
2021:01:22:10:10:36.839000,1611306636.839,$GPGGA,091036.00,6340.569156,N,01049.965670,E,2,12,0.8,12.46,M,40.25,M,10.0,0907*44
2021:01:22:10:10:37.838000,1611306637.838,$GPGGA,091037.00,6340.571046,N,01049.971039,E,2,12,0.8,12.46,M,40.25,M,6.0,0907*75
2021:01:22:10:10:39.838000,1611306639.838,$GPGGA,091039.00,6340.574863,N,01049.981800,E,2,12,0.8,12.45,M,40.25,M,8.0,0907*71
2021:01:22:10:10:40.838000,1611306640.838,$GPGGA,091040.00,6340.576753,N,01049.987200,E,2,12,0.8,12.45,M,40.25,M,9.0,0907*7C
2021:01:22:10:10:41.838000,1611306641.838,$GPGGA,091041.00,6340.578630,N,01049.992586,E,2,12,0.8,12.45,M,40.25,M,5.0,0907*76
2021:01:22:10:10:43.838000,1611306643.838,$GPGGA,091043.00,6340.582463,N,01050.003329,E,2,12,0.8,12.46,M,40.25,M,7.0,0907*7E
2021:01:22:10:10:44.838000,1611306644.838,$GPGGA,091044.00,6340.584382,N,01050.008719,E,2,12,0.8,12.47,M,40.25,M,8.0,0907*75
2021:01:22:10:10:45.838000,1611306645.838,$GPGGA,091045.00,6340.586299,N,01050.014091,E,2,12,0.8,12.48,M,40.25,M,9.0,0907*79
2021:01:22:10:10:47.838000,1611306647.838,$GPGGA,091047.00,6340.590095,N,01050.024853,E,2,12,0.8,12.49,M,40.25,M,6.0,0907*79
2021:01:22:10:10:48.838000,1611306648.838,$GPGGA,091048.00,6340.592025,N,01050.030194,E,2,12,0.8,12.46,M,40.25,M,7.0,0907*76
2021:01:22:10:10:49.839000,1611306649.839,$GPGGA,091049.00,6340.593973,N,01050.035514,E,2,12,0.8,12.42,M,40.25,M,8.0,0907*7E
2021:01:22:10:10:50.839000,1611306650.839,$GPGGA,091050.00,6340.595931,N,01050.040862,E,2,12,0.8,12.45,M,40.25,M,9.0,0907*7E
2021:01:22:10:10:52.839000,1611306652.839,$GPGGA,091052.00,6340.599758,N,01050.051494,E,2,12,0.8,12.48,M,40.25,M,11.0,0907*40
2021:01:22:10:10:53.839000,1611306653.839,$GPGGA,091053.00,6340.601684,N,01050.056827,E,2,12,0.8,12.45,M,40.25,M,12.0,0907*4E
2021:01:22:10:10:56.839000,1611306656.839,$GPGGA,091056.00,6340.607439,N,01050.072965,E,2,12,0.8,12.47,M,40.25,M,10.0,0907*48
2021:01:22:10:10:57.839000,1611306657.839,$GPGGA,091057.00,6340.609373,N,01050.078262,E,2,12,0.8,12.47,M,40.25,M,5.0,0907*7C
2021:01:22:10:10:58.839000,1611306658.839,$GPGGA,091058.00,6340.611353,N,01050.083589,E,2,12,0.8,12.42,M,40.25,M,6.0,0907*78
2021:01:22:10:10:59.839000,1611306659.839,$GPGGA,091059.00,6340.613293,N,01050.088975,E,2,12,0.8,12.41,M,40.25,M,7.0,0907*70
2021:01:22:10:11:00.839000,1611306660.839,$GPGGA,091100.00,6340.615176,N,01050.094360,E,2,12,0.8,12.48,M,40.25,M,8.0,0907*76
2021:01:22:10:11:01.839000,1611306661.839,$GPGGA,091101.00,6340.617121,N,01050.099616,E,2,12,0.8,12.47,M,40.25,M,9.0,0907*70
2021:01:22:10:11:02.839000,1611306662.839,$GPGGA,091102.00,6340.619114,N,01050.104856,E,2,12,0.8,12.42,M,40.25,M,10.0,0907*49
2021:01:22:10:11:04.839000,1611306664.839,$GPGGA,091104.00,6340.622937,N,01050.115600,E,2,12,0.8,12.46,M,40.25,M,7.0,0907*71
2021:01:22:10:11:05.839000,1611306665.839,$GPGGA,091105.00,6340.624859,N,01050.120882,E,2,12,0.8,12.47,M,40.25,M,8.0,0907*73
2021:01:22:10:11:06.839000,1611306666.839,$GPGGA,091106.00,6340.626798,N,01050.126181,E,2,12,0.8,12.44,M,40.25,M,9.0,0907*7E
2021:01:22:10:11:08.839000,1611306668.839,$GPGGA,091108.00,6340.630624,N,01050.136860,E,2,12,0.8,12.44,M,40.25,M,6.0,0907*79
2021:01:22:10:11:09.840000,1611306669.84,$GPGGA,091109.00,6340.632535,N,01050.142170,E,2,12,0.8,12.48,M,40.25,M,7.0,0907*7F
2021:01:22:10:11:10.839000,1611306670.839,$GPGGA,091110.00,6340.634416,N,01050.147527,E,2,12,0.8,12.47,M,40.25,M,8.0,0907*72
2021:01:22:10:11:12.839000,1611306672.839,$GPGGA,091112.00,6340.638160,N,01050.158410,E,2,12,0.8,12.44,M,40.25,M,10.0,0907*49
2021:01:22:10:11:13.839000,1611306673.839,$GPGGA,091113.00,6340.640067,N,01050.163700,E,2,12,0.8,12.47,M,40.25,M,11.0,0907*49
2021:01:22:10:11:14.839000,1611306674.839,$GPGGA,091114.00,6340.641975,N,01050.168943,E,2,12,0.8,12.48,M,40.25,M,6.0,0907*7E
2021:01:22:10:11:16.839000,1611306676.839,$GPGGA,091116.00,6340.645792,N,01050.179666,E,2,12,0.8,12.45,M,40.25,M,8.0,0907*74
2021:01:22:10:11:17.839000,1611306677.839,$GPGGA,091117.00,6340.647664,N,01050.185062,E,2,12,0.8,12.46,M,40.25,M,9.0,0907*7C
2021:01:22:10:11:18.839000,1611306678.839,$GPGGA,091118.00,6340.649563,N,01050.190360,E,2,12,0.8,12.49,M,40.25,M,10.0,0907*4B
2021:01:22:10:11:21.840000,1611306681.84,$GPGGA,091121.00,6340.655350,N,01050.206271,E,2,12,0.8,12.45,M,40.25,M,8.0,0907*72
2021:01:22:10:11:22.840000,1611306682.84,$GPGGA,091122.00,6340.657228,N,01050.211641,E,2,12,0.8,12.47,M,40.25,M,9.0,0907*7F
2021:01:22:10:11:25.840000,1611306685.84,$GPGGA,091125.00,6340.663011,N,01050.227583,E,2,12,0.8,12.44,M,40.25,M,7.0,0907*72
2021:01:22:10:11:26.840000,1611306686.84,$GPGGA,091126.00,6340.664925,N,01050.232928,E,2,12,0.8,12.46,M,40.25,M,8.0,0907*7C
2021:01:22:10:11:27.840000,1611306687.84,$GPGGA,091127.00,6340.666844,N,01050.238237,E,2,12,0.8,12.47,M,40.25,M,4.0,0907*7B
2021:01:22:10:11:29.840000,1611306689.84,$GPGGA,091129.00,6340.670691,N,01050.248871,E,2,12,0.8,12.43,M,40.25,M,6.0,0907*7D
2021:01:22:10:11:30.840000,1611306690.84,$GPGGA,091130.00,6340.672611,N,01050.254225,E,2,12,0.8,12.44,M,40.25,M,7.0,0907*7F
2021:01:22:10:11:31.840000,1611306691.84,$GPGGA,091131.00,6340.674543,N,01050.259530,E,2,12,0.8,12.46,M,40.25,M,8.0,0907*7F
2021:01:22:10:11:33.840000,1611306693.84,$GPGGA,091133.00,6340.678417,N,01050.270183,E,2,12,0.8,12.47,M,40.24,M,10.0,0907*4F
2021:01:22:10:11:34.841000,1611306694.841,$GPGGA,091134.00,6340.680353,N,01050.275519,E,2,12,0.8,12.46,M,40.24,M,11.0,0907*4A
2021:01:22:10:11:35.840000,1611306695.84,$GPGGA,091135.00,6340.682282,N,01050.280831,E,2,12,0.8,12.44,M,40.24,M,12.0,0907*48
2021:01:22:10:11:37.840000,1611306697.84,$GPGGA,091137.00,6340.686165,N,01050.291436,E,2,12,0.8,12.43,M,40.24,M,9.0,0907*72
2021:01:22:10:11:38.840000,1611306698.84,$GPGGA,091138.00,6340.688067,N,01050.296801,E,2,12,0.8,12.42,M,40.24,M,10.0,0907*46
2021:01:22:10:11:39.840000,1611306699.84,$GPGGA,091139.00,6340.689963,N,01050.302178,E,2,12,0.8,12.43,M,40.24,M,11.0,0907*40
2021:01:22:10:11:41.840000,1611306701.84,$GPGGA,091141.00,6340.693779,N,01050.312870,E,2,12,0.8,12.45,M,40.24,M,7.0,0907*70
2021:01:22:10:11:42.840000,1611306702.84,$GPGGA,091142.00,6340.695683,N,01050.318230,E,2,12,0.8,12.45,M,40.24,M,8.0,0907*7A
2021:01:22:10:11:43.840000,1611306703.84,$GPGGA,091143.00,6340.697566,N,01050.323633,E,2,12,0.8,12.45,M,40.24,M,4.0,0907*72
2021:01:22:10:11:44.840000,1611306704.84,$GPGGA,091144.00,6340.699440,N,01050.329052,E,2,12,0.8,12.45,M,40.24,M,5.0,0907*74
2021:01:22:10:11:45.840000,1611306705.84,$GPGGA,091145.00,6340.701289,N,01050.334483,E,2,12,0.8,12.45,M,40.24,M,6.0,0907*71
2021:01:22:10:11:46.840000,1611306706.84,$GPGGA,091146.00,6340.703150,N,01050.339924,E,2,12,0.8,12.45,M,40.24,M,7.0,0907*7B
2021:01:22:10:11:47.840000,1611306707.84,$GPGGA,091147.00,6340.705013,N,01050.345321,E,2,12,0.8,12.49,M,40.24,M,8.0,0907*7D
2021:01:22:10:11:49.841000,1611306709.841,$GPGGA,091149.00,6340.708839,N,01050.356022,E,2,12,0.8,12.44,M,40.24,M,10.0,0907*48
2021:01:22:10:11:50.841000,1611306710.841,$GPGGA,091150.00,6340.710715,N,01050.361396,E,2,12,0.8,12.42,M,40.24,M,11.0,0907*47
2021:01:22:10:11:51.841000,1611306711.841,$GPGGA,091151.00,6340.712571,N,01050.366779,E,2,12,0.8,12.43,M,40.24,M,6.0,0907*71
2021:01:22:10:11:53.841000,1611306713.841,$GPGGA,091153.00,6340.716358,N,01050.377433,E,2,12,0.8,12.41,M,40.24,M,8.0,0907*7B
2021:01:22:10:11:54.841000,1611306714.841,$GPGGA,091154.00,6340.718267,N,01050.382757,E,2,12,0.8,12.40,M,40.24,M,9.0,0907*74
2021:01:22:10:11:55.841000,1611306715.841,$GPGGA,091155.00,6340.720158,N,01050.388118,E,2,12,0.8,12.40,M,40.24,M,10.0,0907*4E
2021:01:22:10:11:58.841000,1611306718.841,$GPGGA,091158.00,6340.725903,N,01050.404056,E,2,12,0.8,12.41,M,40.24,M,7.0,0907*7F
2021:01:22:10:11:59.841000,1611306719.841,$GPGGA,091159.00,6340.727812,N,01050.409375,E,2,12,0.8,12.43,M,40.24,M,8.0,0907*7F
2021:01:22:10:12:00.841000,1611306720.841,$GPGGA,091200.00,6340.729706,N,01050.414711,E,2,12,0.8,12.44,M,40.24,M,9.0,0907*78
2021:01:22:10:12:02.841000,1611306722.841,$GPGGA,091202.00,6340.733466,N,01050.425492,E,2,12,0.8,12.41,M,40.24,M,6.0,0907*74
2021:01:22:10:12:03.841000,1611306723.841,$GPGGA,091203.00,6340.735351,N,01050.430885,E,2,12,0.8,12.42,M,40.24,M,7.0,0907*7C
2021:01:22:10:12:04.842000,1611306724.842,$GPGGA,091204.00,6340.737251,N,01050.436176,E,2,12,0.8,12.46,M,40.24,M,8.0,0907*70
2021:01:22:10:12:06.841000,1611306726.841,$GPGGA,091206.00,6340.741023,N,01050.446878,E,2,12,0.8,12.44,M,40.24,M,10.0,0907*4F
2021:01:22:10:12:07.841000,1611306727.841,$GPGGA,091207.00,6340.742893,N,01050.452241,E,2,12,0.8,12.44,M,40.24,M,11.0,0907*4A
2021:01:22:10:12:08.841000,1611306728.841,$GPGGA,091208.00,6340.744768,N,01050.457577,E,2,12,0.8,12.46,M,40.24,M,12.0,0907*4E
2021:01:22:10:12:10.841000,1611306730.841,$GPGGA,091210.00,6340.748562,N,01050.468183,E,2,12,0.8,12.47,M,40.24,M,14.0,0907*47
2021:01:22:10:12:11.841000,1611306731.841,$GPGGA,091211.00,6340.750435,N,01050.473542,E,2,12,0.8,12.47,M,40.24,M,9.0,0907*73
2021:01:22:10:12:12.841000,1611306732.841,$GPGGA,091212.00,6340.752275,N,01050.478930,E,2,12,0.8,12.49,M,40.24,M,10.0,0907*44
2021:01:22:10:12:13.841000,1611306733.841,$GPGGA,091213.00,6340.754109,N,01050.484343,E,2,12,0.8,12.47,M,40.24,M,11.0,0907*49
2021:01:22:10:12:14.841000,1611306734.841,$GPGGA,091214.00,6340.755954,N,01050.489758,E,2,12,0.8,12.45,M,40.24,M,7.0,0907*79
2021:01:22:10:12:15.841000,1611306735.841,$GPGGA,091215.00,6340.757770,N,01050.495221,E,2,12,0.8,12.47,M,40.24,M,8.0,0907*79
2021:01:22:10:12:16.841000,1611306736.841,$GPGGA,091216.00,6340.759584,N,01050.500656,E,2,12,0.8,12.46,M,40.24,M,9.0,0907*74
2021:01:22:10:12:18.841000,1611306738.841,$GPGGA,091218.00,6340.763184,N,01050.511569,E,2,12,0.8,12.46,M,40.24,M,11.0,0907*41
2021:01:22:10:12:19.842000,1611306739.842,$GPGGA,091219.00,6340.764965,N,01050.517069,E,2,12,0.8,12.46,M,40.24,M,12.0,0907*40
2021:01:22:10:12:20.842000,1611306740.842,$GPGGA,091220.00,6340.766728,N,01050.522587,E,2,12,0.8,12.44,M,40.24,M,13.0,0907*4F
2021:01:22:10:12:23.842000,1611306743.842,$GPGGA,091223.00,6340.771821,N,01050.539418,E,2,12,0.8,12.45,M,40.24,M,10.0,0907*43
2021:01:22:10:12:24.842000,1611306744.842,$GPGGA,091224.00,6340.773486,N,01050.545096,E,2,12,0.8,12.49,M,40.24,M,11.0,0907*43
2021:01:22:10:12:27.842000,1611306747.842,$GPGGA,091227.00,6340.778431,N,01050.562206,E,2,12,0.8,12.45,M,40.24,M,14.0,0907*40
2021:01:22:10:12:28.842000,1611306748.842,$GPGGA,091228.00,6340.780052,N,01050.567919,E,2,12,0.8,12.47,M,40.24,M,9.0,0907*77
2021:01:22:10:12:29.842000,1611306749.842,$GPGGA,091229.00,6340.781667,N,01050.573652,E,2,12,0.8,12.48,M,40.24,M,10.0,0907*45
2021:01:22:10:12:31.842000,1611306751.842,$GPGGA,091231.00,6340.784860,N,01050.585134,E,2,12,0.8,12.48,M,40.24,M,12.0,0907*4C
2021:01:22:10:12:32.842000,1611306752.842,$GPGGA,091232.00,6340.786474,N,01050.590849,E,2,12,0.8,12.46,M,40.24,M,8.0,0907*76
2021:01:22:10:12:33.841000,1611306753.841,$GPGGA,091233.00,6340.788060,N,01050.596606,E,2,12,0.8,12.44,M,40.24,M,9.0,0907*78
2021:01:22:10:12:35.842000,1611306755.842,$GPGGA,091235.00,6340.791193,N,01050.608104,E,2,12,0.8,12.45,M,40.24,M,6.0,0907*74
2021:01:22:10:12:36.842000,1611306756.842,$GPGGA,091236.00,6340.792828,N,01050.613781,E,2,12,0.8,12.47,M,40.24,M,7.0,0907*7F
2021:01:22:10:12:37.842000,1611306757.842,$GPGGA,091237.00,6340.794461,N,01050.619492,E,2,12,0.8,12.45,M,40.23,M,8.0,0907*78
2021:01:22:10:12:38.842000,1611306758.842,$GPGGA,091238.00,6340.796064,N,01050.625255,E,2,12,0.8,12.45,M,40.23,M,9.0,0907*77
2021:01:22:10:12:39.842000,1611306759.842,$GPGGA,091239.00,6340.797620,N,01050.631045,E,2,12,0.8,12.48,M,40.23,M,10.0,0907*42
2021:01:22:10:12:40.842000,1611306760.842,$GPGGA,091240.00,6340.799200,N,01050.636811,E,2,12,0.8,12.47,M,40.23,M,11.0,0907*44
2021:01:22:10:12:41.842000,1611306761.842,$GPGGA,091241.00,6340.800779,N,01050.642572,E,2,12,0.8,12.46,M,40.23,M,7.0,0907*7C
2021:01:22:10:12:42.842000,1611306762.842,$GPGGA,091242.00,6340.802356,N,01050.648332,E,2,12,0.8,12.46,M,40.23,M,8.0,0907*73
2021:01:22:10:12:43.842000,1611306763.842,$GPGGA,091243.00,6340.803920,N,01050.654088,E,2,12,0.8,12.48,M,40.23,M,9.0,0907*78
2021:01:22:10:12:44.842000,1611306764.842,$GPGGA,091244.00,6340.805473,N,01050.659876,E,2,12,0.8,12.45,M,40.23,M,4.0,0907*76
2021:01:22:10:12:45.842000,1611306765.842,$GPGGA,091245.00,6340.807040,N,01050.665639,E,2,12,0.8,12.45,M,40.23,M,5.0,0907*7A
2021:01:22:10:12:47.842000,1611306767.842,$GPGGA,091247.00,6340.810196,N,01050.677144,E,2,12,0.8,12.47,M,40.23,M,7.0,0907*7A
2021:01:22:10:12:48.842000,1611306768.842,$GPGGA,091248.00,6340.811766,N,01050.682910,E,2,12,0.8,12.46,M,40.23,M,8.0,0907*70
2021:01:22:10:12:49.843000,1611306769.843,$GPGGA,091249.00,6340.813254,N,01050.688729,E,2,12,0.8,12.47,M,40.23,M,9.0,0907*79
2021:01:22:10:12:51.843000,1611306771.843,$GPGGA,091251.00,6340.816326,N,01050.700374,E,2,12,0.8,12.45,M,40.23,M,6.0,0907*71
2021:01:22:10:12:52.843000,1611306772.843,$GPGGA,091252.00,6340.817898,N,01050.706146,E,2,12,0.8,12.45,M,40.23,M,7.0,0907*79
2021:01:22:10:12:53.843000,1611306773.843,$GPGGA,091253.00,6340.819443,N,01050.711903,E,2,12,0.8,12.46,M,40.23,M,8.0,0907*7F
2021:01:22:10:12:56.843000,1611306776.843,$GPGGA,091256.00,6340.824078,N,01050.729311,E,2,12,0.8,12.45,M,40.23,M,6.0,0907*77
2021:01:22:10:12:57.843000,1611306777.843,$GPGGA,091257.00,6340.825616,N,01050.735096,E,2,12,0.8,12.45,M,40.23,M,7.0,0907*79
2021:01:22:10:12:58.843000,1611306778.843,$GPGGA,091258.00,6340.827158,N,01050.740891,E,2,12,0.8,12.46,M,40.23,M,8.0,0907*78
2021:01:22:10:13:00.843000,1611306780.843,$GPGGA,091300.00,6340.830217,N,01050.752505,E,2,12,0.8,12.47,M,40.23,M,10.0,0907*41
2021:01:22:10:13:01.842000,1611306781.842,$GPGGA,091301.00,6340.831784,N,01050.758291,E,2,12,0.8,12.48,M,40.23,M,6.0,0907*76
2021:01:22:10:13:02.843000,1611306782.843,$GPGGA,091302.00,6340.833345,N,01050.764079,E,2,12,0.8,12.49,M,40.23,M,7.0,0907*75
2021:01:22:10:13:03.842000,1611306783.842,$GPGGA,091303.00,6340.834889,N,01050.769880,E,2,12,0.8,12.49,M,40.23,M,8.0,0907*74
2021:01:22:10:13:04.843000,1611306784.843,$GPGGA,091304.00,6340.836414,N,01050.775700,E,2,12,0.8,12.48,M,40.23,M,9.0,0907*73
2021:01:22:10:13:05.843000,1611306785.843,$GPGGA,091305.00,6340.837918,N,01050.781519,E,2,12,0.8,12.48,M,40.23,M,10.0,0907*4B
2021:01:22:10:13:06.843000,1611306786.843,$GPGGA,091306.00,6340.839416,N,01050.787389,E,2,12,0.8,12.49,M,40.23,M,11.0,0907*4C
2021:01:22:10:13:07.843000,1611306787.843,$GPGGA,091307.00,6340.840945,N,01050.793221,E,2,12,0.8,12.48,M,40.23,M,12.0,0907*4C
2021:01:22:10:13:08.843000,1611306788.843,$GPGGA,091308.00,6340.842479,N,01050.799036,E,2,12,0.8,12.47,M,40.23,M,13.0,0907*43
2021:01:22:10:13:09.843000,1611306789.843,$GPGGA,091309.00,6340.844012,N,01050.804835,E,2,12,0.8,12.46,M,40.23,M,9.0,0907*77
2021:01:22:10:13:10.843000,1611306790.843,$GPGGA,091310.00,6340.845544,N,01050.810601,E,2,12,0.8,12.48,M,40.23,M,10.0,0907*42
2021:01:22:10:13:12.843000,1611306792.843,$GPGGA,091312.00,6340.848635,N,01050.822158,E,2,12,0.8,12.43,M,40.23,M,6.0,0907*7E
2021:01:22:10:13:13.843000,1611306793.843,$GPGGA,091313.00,6340.850179,N,01050.827954,E,2,12,0.8,12.42,M,40.23,M,7.0,0907*78
2021:01:22:10:13:14.843000,1611306794.843,$GPGGA,091314.00,6340.851694,N,01050.833746,E,2,12,0.8,12.44,M,40.23,M,8.0,0907*7B
2021:01:22:10:13:16.843000,1611306796.843,$GPGGA,091316.00,6340.854750,N,01050.845291,E,2,12,0.8,12.46,M,40.23,M,10.0,0907*40
2021:01:22:10:13:17.843000,1611306797.843,$GPGGA,091317.00,6340.856309,N,01050.851052,E,2,12,0.8,12.45,M,40.23,M,11.0,0907*41
2021:01:22:10:13:18.843000,1611306798.843,$GPGGA,091318.00,6340.857835,N,01050.856836,E,2,12,0.8,12.45,M,40.23,M,12.0,0907*45
2021:01:22:10:13:20.844000,1611306800.844,$GPGGA,091320.00,6340.860894,N,01050.868379,E,2,12,0.8,12.43,M,40.23,M,9.0,0907*70
2021:01:22:10:13:21.844000,1611306801.844,$GPGGA,091321.00,6340.862428,N,01050.874118,E,2,12,0.8,12.43,M,40.23,M,10.0,0907*48
2021:01:22:10:13:22.844000,1611306802.844,$GPGGA,091322.00,6340.863969,N,01050.879852,E,2,12,0.8,12.40,M,40.23,M,11.0,0907*4A
2021:01:22:10:13:23.844000,1611306803.844,$GPGGA,091323.00,6340.865505,N,01050.885611,E,2,12,0.8,12.42,M,40.23,M,12.0,0907*40
2021:01:22:10:13:25.844000,1611306805.844,$GPGGA,091325.00,6340.868552,N,01050.897128,E,2,12,0.8,12.45,M,40.23,M,14.0,0907*46
2021:01:22:10:13:26.844000,1611306806.844,$GPGGA,091326.00,6340.870112,N,01050.902842,E,2,12,0.8,12.43,M,40.23,M,15.0,0907*43
2021:01:22:10:13:27.844000,1611306807.844,$GPGGA,091327.00,6340.871649,N,01050.908609,E,2,12,0.8,12.42,M,40.23,M,16.0,0907*43
2021:01:22:10:13:28.844000,1611306808.844,$GPGGA,091328.00,6340.873170,N,01050.914386,E,2,12,0.8,12.40,M,40.23,M,10.0,0907*48
2021:01:22:10:13:29.844000,1611306809.844,$GPGGA,091329.00,6340.874683,N,01050.920197,E,2,12,0.8,12.44,M,40.23,M,6.0,0907*73
2021:01:22:10:13:30.844000,1611306810.844,$GPGGA,091330.00,6340.876174,N,01050.925997,E,2,12,0.8,12.44,M,40.23,M,7.0,0907*7A
2021:01:22:10:13:31.844000,1611306811.844,$GPGGA,091331.00,6340.877710,N,01050.931743,E,2,12,0.8,12.44,M,40.23,M,8.0,0907*73
2021:01:22:10:13:32.843000,1611306812.843,$GPGGA,091332.00,6340.879273,N,01050.937456,E,2,12,0.8,12.45,M,40.23,M,9.0,0907*7F
2021:01:22:10:13:33.843000,1611306813.843,$GPGGA,091333.00,6340.880822,N,01050.943240,E,2,12,0.8,12.42,M,40.23,M,10.0,0907*4B
2021:01:22:10:13:34.844000,1611306814.844,$GPGGA,091334.00,6340.882344,N,01050.949035,E,2,12,0.8,12.41,M,40.23,M,11.0,0907*4D
2021:01:22:10:13:35.844000,1611306815.844,$GPGGA,091335.00,6340.883865,N,01050.954864,E,2,12,0.8,12.42,M,40.23,M,6.0,0907*70
2021:01:22:10:13:37.844000,1611306817.844,$GPGGA,091337.00,6340.886914,N,01050.966483,E,2,12,0.8,12.42,M,40.23,M,8.0,0907*7A
2021:01:22:10:13:38.844000,1611306818.844,$GPGGA,091338.00,6340.888433,N,01050.972283,E,2,12,0.8,12.44,M,40.22,M,9.0,0907*76
2021:01:22:10:13:39.844000,1611306819.844,$GPGGA,091339.00,6340.889930,N,01050.978104,E,2,12,0.8,12.47,M,40.22,M,10.0,0907*45
2021:01:22:10:13:41.844000,1611306821.844,$GPGGA,091341.00,6340.892972,N,01050.989677,E,2,12,0.8,12.45,M,40.22,M,12.0,0907*4B
2021:01:22:10:13:42.844000,1611306822.844,$GPGGA,091342.00,6340.894493,N,01050.995528,E,2,12,0.8,12.44,M,40.22,M,8.0,0907*72
2021:01:22:10:13:43.844000,1611306823.844,$GPGGA,091343.00,6340.896010,N,01051.001339,E,2,12,0.8,12.44,M,40.22,M,9.0,0907*7C
2021:01:22:10:13:45.844000,1611306825.844,$GPGGA,091345.00,6340.898976,N,01051.013015,E,2,12,0.8,12.47,M,40.22,M,6.0,0907*7F
2021:01:22:10:13:46.844000,1611306826.844,$GPGGA,091346.00,6340.900459,N,01051.018900,E,2,12,0.8,12.47,M,40.22,M,7.0,0907*7B
2021:01:22:10:13:47.844000,1611306827.844,$GPGGA,091347.00,6340.901978,N,01051.024751,E,2,12,0.8,12.46,M,40.22,M,8.0,0907*7E
2021:01:22:10:13:48.844000,1611306828.844,$GPGGA,091348.00,6340.903492,N,01051.030627,E,2,12,0.8,12.45,M,40.22,M,9.0,0907*7D
2021:01:22:10:13:49.845000,1611306829.845,$GPGGA,091349.00,6340.905015,N,01051.036450,E,2,12,0.8,12.44,M,40.22,M,10.0,0907*4C
2021:01:22:10:13:50.845000,1611306830.845,$GPGGA,091350.00,6340.906534,N,01051.042250,E,2,12,0.8,12.46,M,40.22,M,11.0,0907*47
2021:01:22:10:13:51.845000,1611306831.845,$GPGGA,091351.00,6340.908051,N,01051.048095,E,2,12,0.8,12.46,M,40.22,M,12.0,0907*4C
2021:01:22:10:13:52.845000,1611306832.845,$GPGGA,091352.00,6340.909574,N,01051.053958,E,2,12,0.8,12.47,M,40.22,M,8.0,0907*74
2021:01:22:10:13:53.845000,1611306833.845,$GPGGA,091353.00,6340.911077,N,01051.059826,E,2,12,0.8,12.46,M,40.22,M,9.0,0907*78
2021:01:22:10:13:54.845000,1611306834.845,$GPGGA,091354.00,6340.912573,N,01051.065676,E,2,12,0.8,12.46,M,40.22,M,10.0,0907*41
2021:01:22:10:13:55.845000,1611306835.845,$GPGGA,091355.00,6340.914086,N,01051.071536,E,2,12,0.8,12.50,M,40.22,M,11.0,0907*4D
2021:01:22:10:13:57.845000,1611306837.845,$GPGGA,091357.00,6340.917114,N,01051.083231,E,2,12,0.8,12.47,M,40.22,M,7.0,0907*7A
2021:01:22:10:13:58.845000,1611306838.845,$GPGGA,091358.00,6340.918586,N,01051.089103,E,2,12,0.8,12.47,M,40.22,M,8.0,0907*72
2021:01:22:10:13:59.845000,1611306839.845,$GPGGA,091359.00,6340.920063,N,01051.095018,E,2,12,0.8,12.47,M,40.22,M,9.0,0907*71
2021:01:22:10:14:02.844000,1611306842.844,$GPGGA,091402.00,6340.924433,N,01051.112743,E,2,12,0.8,12.46,M,40.22,M,7.0,0907*75
2021:01:22:10:14:03.844000,1611306843.844,$GPGGA,091403.00,6340.925906,N,01051.118646,E,2,12,0.8,12.47,M,40.22,M,8.0,0907*7E
2021:01:22:10:14:04.845000,1611306844.845,$GPGGA,091404.00,6340.927396,N,01051.124540,E,2,12,0.8,12.45,M,40.22,M,9.0,0907*71
2021:01:22:10:14:06.845000,1611306846.845,$GPGGA,091406.00,6340.930324,N,01051.136372,E,2,12,0.8,12.43,M,40.22,M,11.0,0907*47
2021:01:22:10:14:07.845000,1611306847.845,$GPGGA,091407.00,6340.931792,N,01051.142277,E,2,12,0.8,12.46,M,40.22,M,12.0,0907*4F
2021:01:22:10:14:08.845000,1611306848.845,$GPGGA,091408.00,6340.933256,N,01051.148222,E,2,12,0.8,12.45,M,40.22,M,13.0,0907*47
2021:01:22:10:14:10.845000,1611306850.845,$GPGGA,091410.00,6340.936226,N,01051.160061,E,2,12,0.8,12.45,M,40.22,M,10.0,0907*40
2021:01:22:10:14:11.845000,1611306851.845,$GPGGA,091411.00,6340.937701,N,01051.165939,E,2,12,0.8,12.47,M,40.22,M,11.0,0907*42
2021:01:22:10:14:12.845000,1611306852.845,$GPGGA,091412.00,6340.939213,N,01051.171809,E,2,12,0.8,12.47,M,40.22,M,7.0,0907*79
2021:01:22:10:14:13.845000,1611306853.845,$GPGGA,091413.00,6340.940732,N,01051.177699,E,2,12,0.8,12.46,M,40.22,M,8.0,0907*7F
2021:01:22:10:14:14.845000,1611306854.845,$GPGGA,091414.00,6340.942251,N,01051.183559,E,2,12,0.8,12.45,M,40.22,M,9.0,0907*7C
2021:01:22:10:14:15.845000,1611306855.845,$GPGGA,091415.00,6340.943758,N,01051.189420,E,2,12,0.8,12.45,M,40.22,M,4.0,0907*78
2021:01:22:10:14:16.845000,1611306856.845,$GPGGA,091416.00,6340.945234,N,01051.195324,E,2,12,0.8,12.45,M,40.22,M,5.0,0907*7D
2021:01:22:10:14:17.845000,1611306857.845,$GPGGA,091417.00,6340.946700,N,01051.201273,E,2,12,0.8,12.46,M,40.22,M,6.0,0907*70
2021:01:22:10:14:18.845000,1611306858.845,$GPGGA,091418.00,6340.948190,N,01051.207186,E,2,12,0.8,12.44,M,40.22,M,7.0,0907*72
2021:01:22:10:14:19.846000,1611306859.846,$GPGGA,091419.00,6340.949686,N,01051.213082,E,2,12,0.8,12.44,M,40.22,M,8.0,0907*7D
2021:01:22:10:14:20.846000,1611306860.846,$GPGGA,091420.00,6340.951178,N,01051.218941,E,2,12,0.8,12.45,M,40.22,M,9.0,0907*75
2021:01:22:10:14:22.846000,1611306862.846,$GPGGA,091422.00,6340.954159,N,01051.230780,E,2,12,0.8,12.46,M,40.22,M,6.0,0907*74
2021:01:22:10:14:23.846000,1611306863.846,$GPGGA,091423.00,6340.955617,N,01051.236733,E,2,12,0.8,12.44,M,40.22,M,7.0,0907*74
2021:01:22:10:14:24.846000,1611306864.846,$GPGGA,091424.00,6340.957074,N,01051.242659,E,2,12,0.8,12.45,M,40.22,M,8.0,0907*72
2021:01:22:10:14:26.846000,1611306866.846,$GPGGA,091426.00,6340.960090,N,01051.254362,E,2,12,0.8,12.47,M,40.22,M,5.0,0907*7B
2021:01:22:10:14:27.846000,1611306867.846,$GPGGA,091427.00,6340.961609,N,01051.260206,E,2,12,0.7,12.47,M,40.22,M,6.0,0907*75
2021:01:22:10:14:28.846000,1611306868.846,$GPGGA,091428.00,6340.963120,N,01051.266060,E,2,12,0.7,12.46,M,40.22,M,7.0,0907*70
2021:01:22:10:14:31.845000,1611306871.845,$GPGGA,091431.00,6340.967656,N,01051.283563,E,2,12,0.7,12.45,M,40.22,M,10.0,0907*42
2021:01:22:10:14:32.845000,1611306872.845,$GPGGA,091432.00,6340.969142,N,01051.289461,E,2,12,0.7,12.46,M,40.22,M,11.0,0907*46
2021:01:22:10:14:33.845000,1611306873.845,$GPGGA,091433.00,6340.970660,N,01051.295297,E,2,12,0.7,12.46,M,40.22,M,7.0,0907*7D
2021:01:22:10:14:35.846000,1611306875.846,$GPGGA,091435.00,6340.973754,N,01051.306928,E,2,12,0.7,12.43,M,40.22,M,9.0,0907*71
2021:01:22:10:14:36.846000,1611306876.846,$GPGGA,091436.00,6340.975284,N,01051.312758,E,2,12,0.8,12.43,M,40.22,M,10.0,0907*47
2021:01:22:10:14:37.846000,1611306877.846,$GPGGA,091437.00,6340.976817,N,01051.318600,E,2,12,0.8,12.43,M,40.21,M,11.0,0907*41
2021:01:22:10:14:38.846000,1611306878.846,$GPGGA,091438.00,6340.978323,N,01051.324426,E,2,12,0.8,12.42,M,40.21,M,12.0,0907*47
2021:01:22:10:14:39.846000,1611306879.846,$GPGGA,091439.00,6340.979813,N,01051.330297,E,2,12,0.7,12.41,M,40.21,M,8.0,0907*71
2021:01:22:10:14:40.846000,1611306880.846,$GPGGA,091440.00,6340.981300,N,01051.336158,E,2,12,0.7,12.41,M,40.21,M,9.0,0907*76
2021:01:22:10:14:41.846000,1611306881.846,$GPGGA,091441.00,6340.982781,N,01051.342016,E,2,12,0.7,12.39,M,40.21,M,10.0,0907*46
2021:01:22:10:14:42.846000,1611306882.846,$GPGGA,091442.00,6340.984272,N,01051.347879,E,2,12,0.7,12.42,M,40.21,M,5.0,0907*76
2021:01:22:10:14:43.846000,1611306883.846,$GPGGA,091443.00,6340.985759,N,01051.353745,E,2,12,0.7,12.42,M,40.21,M,6.0,0907*7C
2021:01:22:10:14:44.846000,1611306884.846,$GPGGA,091444.00,6340.987245,N,01051.359597,E,2,12,0.7,12.43,M,40.21,M,7.0,0907*76
2021:01:22:10:14:45.846000,1611306885.846,$GPGGA,091445.00,6340.988717,N,01051.365471,E,2,12,0.7,12.42,M,40.21,M,8.0,0907*72
2021:01:22:10:14:47.846000,1611306887.846,$GPGGA,091447.00,6340.991624,N,01051.377351,E,2,12,0.7,12.40,M,40.21,M,10.0,0907*44
2021:01:22:10:14:48.846000,1611306888.846,$GPGGA,091448.00,6340.993054,N,01051.383252,E,2,12,0.7,12.43,M,40.21,M,11.0,0907*43
2021:01:22:10:14:49.847000,1611306889.847,$GPGGA,091449.00,6340.994523,N,01051.389136,E,2,12,0.7,12.44,M,40.21,M,7.0,0907*7B
2021:01:22:10:14:51.847000,1611306891.847,$GPGGA,091451.00,6340.997452,N,01051.400963,E,2,12,0.7,12.42,M,40.21,M,9.0,0907*70
2021:01:22:10:14:52.847000,1611306892.847,$GPGGA,091452.00,6340.998921,N,01051.406825,E,2,12,0.7,12.44,M,40.21,M,10.0,0907*4E
2021:01:22:10:14:53.847000,1611306893.847,$GPGGA,091453.00,6341.000414,N,01051.412648,E,2,12,0.7,12.47,M,40.21,M,11.0,0907*4F
2021:01:22:10:14:55.847000,1611306895.847,$GPGGA,091455.00,6341.003428,N,01051.424426,E,2,12,0.7,12.42,M,40.21,M,13.0,0907*4D
2021:01:22:10:14:56.847000,1611306896.847,$GPGGA,091456.00,6341.004913,N,01051.430340,E,2,12,0.7,12.43,M,40.21,M,9.0,0907*74
2021:01:22:10:14:57.847000,1611306897.847,$GPGGA,091457.00,6341.006442,N,01051.436178,E,2,12,0.7,12.46,M,40.21,M,10.0,0907*4C
2021:01:22:10:14:58.847000,1611306898.847,$GPGGA,091458.00,6341.007989,N,01051.441988,E,2,12,0.7,12.48,M,40.21,M,5.0,0907*75
2021:01:22:10:15:00.846000,1611306900.846,$GPGGA,091500.00,6341.010978,N,01051.453805,E,2,12,0.7,12.43,M,40.21,M,7.0,0907*7F
2021:01:22:10:15:01.846000,1611306901.846,$GPGGA,091501.00,6341.012451,N,01051.459702,E,2,12,0.8,12.43,M,40.21,M,8.0,0907*78
2021:01:22:10:15:02.846000,1611306902.846,$GPGGA,091502.00,6341.013906,N,01051.465594,E,2,12,0.8,12.45,M,40.21,M,4.0,0907*7D
2021:01:22:10:15:03.846000,1611306903.846,$GPGGA,091503.00,6341.015373,N,01051.471486,E,2,12,0.7,12.43,M,40.21,M,5.0,0907*7D
2021:01:22:10:15:04.847000,1611306904.847,$GPGGA,091504.00,6341.016812,N,01051.477427,E,2,12,0.7,12.43,M,40.21,M,6.0,0907*7B
2021:01:22:10:15:05.847000,1611306905.847,$GPGGA,091505.00,6341.018247,N,01051.483378,E,2,12,0.7,12.42,M,40.21,M,7.0,0907*78
2021:01:22:10:15:06.847000,1611306906.847,$GPGGA,091506.00,6341.019690,N,01051.489319,E,2,12,0.7,12.42,M,40.21,M,8.0,0907*76
2021:01:22:10:15:07.847000,1611306907.847,$GPGGA,091507.00,6341.021138,N,01051.495276,E,2,12,0.7,12.42,M,40.21,M,9.0,0907*7D
2021:01:22:10:15:08.847000,1611306908.847,$GPGGA,091508.00,6341.022592,N,01051.501220,E,2,12,0.7,12.43,M,40.21,M,10.0,0907*43
2021:01:22:10:15:09.847000,1611306909.847,$GPGGA,091509.00,6341.024039,N,01051.507122,E,2,12,0.7,12.44,M,40.21,M,11.0,0907*41
2021:01:22:10:15:10.847000,1611306910.847,$GPGGA,091510.00,6341.025521,N,01051.513010,E,2,12,0.7,12.43,M,40.21,M,12.0,0907*45
2021:01:22:10:15:11.847000,1611306911.847,$GPGGA,091511.00,6341.026989,N,01051.518940,E,2,12,0.7,12.43,M,40.21,M,13.0,0907*4F
2021:01:22:10:15:12.847000,1611306912.847,$GPGGA,091512.00,6341.028436,N,01051.524856,E,2,12,0.7,12.44,M,40.21,M,9.0,0907*7E
2021:01:22:10:15:13.847000,1611306913.847,$GPGGA,091513.00,6341.029919,N,01051.530730,E,2,12,0.7,12.45,M,40.21,M,10.0,0907*4D
2021:01:22:10:15:14.847000,1611306914.847,$GPGGA,091514.00,6341.031414,N,01051.536618,E,2,12,0.7,12.44,M,40.21,M,11.0,0907*4E
2021:01:22:10:15:16.847000,1611306916.847,$GPGGA,091516.00,6341.034413,N,01051.548419,E,2,12,0.7,12.47,M,40.21,M,7.0,0907*70
2021:01:22:10:15:17.847000,1611306917.847,$GPGGA,091517.00,6341.035940,N,01051.554255,E,2,12,0.7,12.48,M,40.21,M,8.0,0907*78
2021:01:22:10:15:18.847000,1611306918.847,$GPGGA,091518.00,6341.037485,N,01051.560110,E,2,12,0.8,12.44,M,40.21,M,9.0,0907*76
2021:01:22:10:15:20.848000,1611306920.848,$GPGGA,091520.00,6341.040503,N,01051.571908,E,2,12,0.8,12.41,M,40.21,M,6.0,0907*79
2021:01:22:10:15:21.848000,1611306921.848,$GPGGA,091521.00,6341.042015,N,01051.577791,E,2,12,0.7,12.44,M,40.21,M,7.0,0907*7B
2021:01:22:10:15:22.848000,1611306922.848,$GPGGA,091522.00,6341.043460,N,01051.583761,E,2,12,0.8,12.43,M,40.21,M,8.0,0907*7C
2021:01:22:10:15:23.848000,1611306923.848,$GPGGA,091523.00,6341.044924,N,01051.589716,E,2,12,0.8,12.42,M,40.21,M,9.0,0907*7D
2021:01:22:10:15:24.848000,1611306924.848,$GPGGA,091524.00,6341.046410,N,01051.595623,E,2,12,0.8,12.42,M,40.21,M,10.0,0907*40
2021:01:22:10:15:25.848000,1611306925.848,$GPGGA,091525.00,6341.047881,N,01051.601554,E,2,12,0.8,12.42,M,40.21,M,11.0,0907*48
2021:01:22:10:15:26.848000,1611306926.848,$GPGGA,091526.00,6341.049364,N,01051.607435,E,2,12,0.7,12.39,M,40.21,M,7.0,0907*71
2021:01:22:10:15:27.848000,1611306927.848,$GPGGA,091527.00,6341.050837,N,01051.613324,E,2,12,0.7,12.41,M,40.21,M,8.0,0907*77
2021:01:22:10:15:28.847000,1611306928.847,$GPGGA,091528.00,6341.052302,N,01051.619231,E,2,12,0.7,12.41,M,40.21,M,9.0,0907*79
2021:01:22:10:15:29.847000,1611306929.847,$GPGGA,091529.00,6341.053761,N,01051.625125,E,2,12,0.7,12.41,M,40.21,M,5.0,0907*7D
2021:01:22:10:15:30.847000,1611306930.847,$GPGGA,091530.00,6341.055204,N,01051.631056,E,2,12,0.7,12.40,M,40.21,M,6.0,0907*77
2021:01:22:10:15:32.847000,1611306932.847,$GPGGA,091532.00,6341.058165,N,01051.642885,E,2,12,0.7,12.42,M,40.21,M,8.0,0907*72
2021:01:22:10:15:33.847000,1611306933.847,$GPGGA,091533.00,6341.059704,N,01051.648718,E,2,12,0.7,12.41,M,40.21,M,9.0,0907*70
2021:01:22:10:15:34.848000,1611306934.848,$GPGGA,091534.00,6341.061235,N,01051.654600,E,2,12,0.7,12.40,M,40.21,M,10.0,0907*47
2021:01:22:10:15:35.848000,1611306935.848,$GPGGA,091535.00,6341.062713,N,01051.660536,E,2,12,0.7,12.40,M,40.21,M,11.0,0907*44
2021:01:22:10:15:37.848000,1611306937.848,$GPGGA,091537.00,6341.065695,N,01051.672308,E,2,12,0.8,12.40,M,40.20,M,7.0,0907*7F
2021:01:22:10:15:38.848000,1611306938.848,$GPGGA,091538.00,6341.067206,N,01051.678198,E,2,12,0.7,12.40,M,40.20,M,8.0,0907*7D
2021:01:22:10:15:39.848000,1611306939.848,$GPGGA,091539.00,6341.068663,N,01051.684105,E,2,12,0.7,12.40,M,40.20,M,4.0,0907*7F
2021:01:22:10:15:41.848000,1611306941.848,$GPGGA,091541.00,6341.071484,N,01051.695964,E,2,12,0.8,12.41,M,40.20,M,6.0,0907*70
2021:01:22:10:15:42.848000,1611306942.848,$GPGGA,091542.00,6341.072973,N,01051.701840,E,2,12,0.8,12.39,M,40.20,M,7.0,0907*70
2021:01:22:10:15:43.848000,1611306943.848,$GPGGA,091543.00,6341.074453,N,01051.707732,E,2,12,0.8,12.37,M,40.20,M,8.0,0907*75
2021:01:22:10:15:45.848000,1611306945.848,$GPGGA,091545.00,6341.077377,N,01051.719475,E,2,12,0.7,12.38,M,40.20,M,5.0,0907*73
2021:01:22:10:15:46.848000,1611306946.848,$GPGGA,091546.00,6341.078848,N,01051.725366,E,2,12,0.7,12.38,M,40.20,M,6.0,0907*71
2021:01:22:10:15:47.848000,1611306947.848,$GPGGA,091547.00,6341.080305,N,01051.731316,E,2,12,0.7,12.39,M,40.20,M,7.0,0907*77
2021:01:22:10:15:48.848000,1611306948.848,$GPGGA,091548.00,6341.081750,N,01051.737252,E,2,12,0.7,12.42,M,40.20,M,8.0,0907*79
2021:01:22:10:15:49.849000,1611306949.849,$GPGGA,091549.00,6341.083186,N,01051.743195,E,2,12,0.7,12.41,M,40.20,M,4.0,0907*73
2021:01:22:10:15:50.849000,1611306950.849,$GPGGA,091550.00,6341.084634,N,01051.749161,E,2,12,0.7,12.39,M,40.20,M,5.0,0907*7D
2021:01:22:10:15:51.849000,1611306951.849,$GPGGA,091551.00,6341.086065,N,01051.755148,E,2,12,0.7,12.38,M,40.20,M,6.0,0907*78
2021:01:22:10:15:52.849000,1611306952.849,$GPGGA,091552.00,6341.087490,N,01051.761104,E,2,12,0.7,12.40,M,40.20,M,7.0,0907*75
2021:01:22:10:15:53.849000,1611306953.849,$GPGGA,091553.00,6341.088934,N,01051.767020,E,2,12,0.7,12.38,M,40.20,M,8.0,0907*79
2021:01:22:10:15:54.849000,1611306954.849,$GPGGA,091554.00,6341.090413,N,01051.772929,E,2,12,0.7,12.38,M,40.20,M,9.0,0907*7A
2021:01:22:10:15:55.849000,1611306955.849,$GPGGA,091555.00,6341.091874,N,01051.778845,E,2,12,0.8,12.39,M,40.20,M,10.0,0907*40
2021:01:22:10:15:56.848000,1611306956.848,$GPGGA,091556.00,6341.093322,N,01051.784780,E,2,12,0.8,12.39,M,40.20,M,11.0,0907*4D
2021:01:22:10:15:57.848000,1611306957.848,$GPGGA,091557.00,6341.094769,N,01051.790680,E,2,12,0.8,12.40,M,40.20,M,7.0,0907*7D
2021:01:22:10:15:58.848000,1611306958.848,$GPGGA,091558.00,6341.096241,N,01051.796622,E,2,12,0.8,12.38,M,40.20,M,8.0,0907*71
2021:01:22:10:15:59.848000,1611306959.848,$GPGGA,091559.00,6341.097719,N,01051.802531,E,2,12,0.8,12.38,M,40.20,M,4.0,0907*76
2021:01:22:10:16:02.848000,1611306962.848,$GPGGA,091602.00,6341.102210,N,01051.820174,E,2,12,0.7,12.39,M,40.20,M,7.0,0907*72
2021:01:22:10:16:03.848000,1611306963.848,$GPGGA,091603.00,6341.103719,N,01051.826053,E,2,12,0.7,12.38,M,40.20,M,8.0,0907*72
2021:01:22:10:16:05.849000,1611306965.849,$GPGGA,091605.00,6341.106728,N,01051.837786,E,2,12,0.7,12.38,M,40.20,M,10.0,0907*45
2021:01:22:10:16:06.849000,1611306966.849,$GPGGA,091606.00,6341.108199,N,01051.843707,E,2,12,0.7,12.36,M,40.20,M,6.0,0907*77
2021:01:22:10:16:07.849000,1611306967.849,$GPGGA,091607.00,6341.109664,N,01051.849634,E,2,12,0.7,12.37,M,40.20,M,7.0,0907*79
2021:01:22:10:16:08.849000,1611306968.849,$GPGGA,091608.00,6341.111128,N,01051.855547,E,2,12,0.7,12.39,M,40.20,M,8.0,0907*7B
2021:01:22:10:16:10.849000,1611306970.849,$GPGGA,091610.00,6341.114125,N,01051.867289,E,2,12,0.8,12.37,M,40.20,M,10.0,0907*46
2021:01:22:10:16:11.849000,1611306971.849,$GPGGA,091611.00,6341.115612,N,01051.873185,E,2,12,0.8,12.36,M,40.20,M,11.0,0907*4F
2021:01:22:10:16:12.849000,1611306972.849,$GPGGA,091612.00,6341.117106,N,01051.879031,E,2,12,0.8,12.40,M,40.20,M,12.0,0907*4A
2021:01:22:10:16:13.849000,1611306973.849,$GPGGA,091613.00,6341.118596,N,01051.884875,E,2,12,0.8,12.40,M,40.20,M,8.0,0907*78
2021:01:22:10:16:14.849000,1611306974.849,$GPGGA,091614.00,6341.120080,N,01051.890775,E,2,12,0.8,12.38,M,40.20,M,9.0,0907*72
2021:01:22:10:16:15.849000,1611306975.849,$GPGGA,091615.00,6341.121549,N,01051.896665,E,2,12,0.7,12.35,M,40.20,M,10.0,0907*4E
2021:01:22:10:16:16.849000,1611306976.849,$GPGGA,091616.00,6341.123022,N,01051.902515,E,2,12,0.7,12.38,M,40.20,M,6.0,0907*75
2021:01:22:10:16:17.849000,1611306977.849,$GPGGA,091617.00,6341.124501,N,01051.908353,E,2,12,0.7,12.40,M,40.20,M,7.0,0907*77
2021:01:22:10:16:18.849000,1611306978.849,$GPGGA,091618.00,6341.126002,N,01051.914211,E,2,12,0.7,12.38,M,40.20,M,8.0,0907*76
2021:01:22:10:16:19.850000,1611306979.85,$GPGGA,091619.00,6341.127494,N,01051.920067,E,2,12,0.7,12.37,M,40.20,M,9.0,0907*77
2021:01:22:10:16:20.850000,1611306980.85,$GPGGA,091620.00,6341.128989,N,01051.925885,E,2,12,0.8,12.38,M,40.20,M,10.0,0907*4A
2021:01:22:10:16:22.850000,1611306982.85,$GPGGA,091622.00,6341.132036,N,01051.937434,E,2,12,0.8,12.37,M,40.20,M,12.0,0907*46
2021:01:22:10:16:23.850000,1611306983.85,$GPGGA,091623.00,6341.133559,N,01051.943263,E,2,12,0.8,12.36,M,40.20,M,8.0,0907*77
2021:01:22:10:16:24.850000,1611306984.85,$GPGGA,091624.00,6341.135066,N,01051.949079,E,2,12,0.7,12.37,M,40.20,M,9.0,0907*73
2021:01:22:10:16:26.850000,1611306986.85,$GPGGA,091626.00,6341.138117,N,01051.960694,E,2,12,0.7,12.38,M,40.20,M,5.0,0907*76
2021:01:22:10:16:27.850000,1611306987.85,$GPGGA,091627.00,6341.139640,N,01051.966559,E,2,12,0.7,12.36,M,40.20,M,6.0,0907*7A
2021:01:22:10:16:28.849000,1611306988.849,$GPGGA,091628.00,6341.141151,N,01051.972391,E,2,12,0.8,12.39,M,40.20,M,7.0,0907*7B
2021:01:22:10:16:31.849000,1611306991.849,$GPGGA,091631.00,6341.145684,N,01051.989863,E,2,12,0.8,12.35,M,40.20,M,10.0,0907*40
2021:01:22:10:16:32.849000,1611306992.849,$GPGGA,091632.00,6341.147213,N,01051.995689,E,2,12,0.8,12.34,M,40.20,M,11.0,0907*4C
2021:01:22:10:16:33.849000,1611306993.849,$GPGGA,091633.00,6341.148722,N,01052.001480,E,2,12,0.8,12.34,M,40.20,M,12.0,0907*4A
2021:01:22:10:16:35.850000,1611306995.85,$GPGGA,091635.00,6341.151721,N,01052.013186,E,2,12,0.8,12.34,M,40.20,M,9.0,0907*7D
2021:01:22:10:16:36.850000,1611306996.85,$GPGGA,091636.00,6341.153205,N,01052.019079,E,2,12,0.8,12.37,M,40.19,M,5.0,0907*71
2021:01:22:10:16:37.850000,1611306997.85,$GPGGA,091637.00,6341.154701,N,01052.024938,E,2,12,0.7,12.40,M,40.19,M,6.0,0907*78
2021:01:22:10:16:38.850000,1611306998.85,$GPGGA,091638.00,6341.156229,N,01052.030782,E,2,12,0.7,12.39,M,40.19,M,7.0,0907*7F
2021:01:22:10:16:39.850000,1611306999.85,$GPGGA,091639.00,6341.157763,N,01052.036598,E,2,12,0.7,12.38,M,40.19,M,8.0,0907*75
2021:01:22:10:16:40.850000,1611307000.85,$GPGGA,091640.00,6341.159275,N,01052.042453,E,2,12,0.7,12.38,M,40.19,M,9.0,0907*73
2021:01:22:10:16:41.850000,1611307001.85,$GPGGA,091641.00,6341.160768,N,01052.048337,E,2,12,0.7,12.38,M,40.19,M,10.0,0907*46
2021:01:22:10:16:42.850000,1611307002.85,$GPGGA,091642.00,6341.162235,N,01052.054241,E,2,12,0.7,12.37,M,40.19,M,11.0,0907*49
2021:01:22:10:16:43.850000,1611307003.85,$GPGGA,091643.00,6341.163707,N,01052.060135,E,2,12,0.7,12.36,M,40.19,M,7.0,0907*7C
2021:01:22:10:16:44.850000,1611307004.85,$GPGGA,091644.00,6341.165169,N,01052.066043,E,2,12,0.7,12.34,M,40.19,M,8.0,0907*78
2021:01:22:10:16:45.850000,1611307005.85,$GPGGA,091645.00,6341.166602,N,01052.071975,E,2,12,0.7,12.37,M,40.19,M,9.0,0907*78
2021:01:22:10:16:47.850000,1611307007.85,$GPGGA,091647.00,6341.169497,N,01052.083758,E,2,12,0.7,12.39,M,40.19,M,5.0,0907*75
2021:01:22:10:16:48.850000,1611307008.85,$GPGGA,091648.00,6341.170983,N,01052.089623,E,2,12,0.7,12.39,M,40.19,M,6.0,0907*7E
2021:01:22:10:16:49.851000,1611307009.851,$GPGGA,091649.00,6341.172495,N,01052.095464,E,2,12,0.7,12.38,M,40.19,M,7.0,0907*7B
2021:01:22:10:16:50.851000,1611307010.851,$GPGGA,091650.00,6341.174004,N,01052.101304,E,2,12,0.8,12.37,M,40.19,M,8.0,0907*7B
2021:01:22:10:16:51.851000,1611307011.851,$GPGGA,091651.00,6341.175491,N,01052.107168,E,2,12,0.8,12.38,M,40.19,M,9.0,0907*73
2021:01:22:10:16:52.851000,1611307012.851,$GPGGA,091652.00,6341.176954,N,01052.113005,E,2,12,0.8,12.39,M,40.19,M,10.0,0907*41
2021:01:22:10:16:53.851000,1611307013.851,$GPGGA,091653.00,6341.178466,N,01052.118850,E,2,12,0.8,12.40,M,40.19,M,6.0,0907*78
2021:01:22:10:16:55.850000,1611307015.85,$GPGGA,091655.00,6341.181492,N,01052.130579,E,2,12,0.8,12.41,M,40.19,M,8.0,0907*70
2021:01:22:10:16:56.850000,1611307016.85,$GPGGA,091656.00,6341.182999,N,01052.136410,E,2,12,0.8,12.42,M,40.19,M,9.0,0907*7C
2021:01:22:10:16:57.850000,1611307017.85,$GPGGA,091657.00,6341.184510,N,01052.142228,E,2,12,0.8,12.42,M,40.19,M,10.0,0907*40
2021:01:22:10:16:58.850000,1611307018.85,$GPGGA,091658.00,6341.186036,N,01052.148048,E,2,12,0.8,12.41,M,40.19,M,11.0,0907*40
2021:01:22:10:16:59.850000,1611307019.85,$GPGGA,091659.00,6341.187576,N,01052.153867,E,2,12,0.8,12.38,M,40.19,M,7.0,0907*77
2021:01:22:10:17:00.850000,1611307020.85,$GPGGA,091700.00,6341.189078,N,01052.159741,E,2,12,0.8,12.39,M,40.19,M,8.0,0907*70
2021:01:22:10:17:01.850000,1611307021.85,$GPGGA,091701.00,6341.190558,N,01052.165625,E,2,12,0.8,12.41,M,40.19,M,9.0,0907*7C
2021:01:22:10:17:02.850000,1611307022.85,$GPGGA,091702.00,6341.192042,N,01052.171467,E,2,12,0.8,12.45,M,40.19,M,10.0,0907*4E
2021:01:22:10:17:03.850000,1611307023.85,$GPGGA,091703.00,6341.193524,N,01052.177339,E,2,12,0.8,12.43,M,40.19,M,5.0,0907*73
2021:01:22:10:17:04.851000,1611307024.851,$GPGGA,091704.00,6341.194996,N,01052.183248,E,2,12,0.8,12.39,M,40.19,M,6.0,0907*74
2021:01:22:10:17:05.851000,1611307025.851,$GPGGA,091705.00,6341.196439,N,01052.189168,E,2,12,0.7,12.39,M,40.19,M,7.0,0907*7A
2021:01:22:10:17:07.851000,1611307027.851,$GPGGA,091707.00,6341.199326,N,01052.201042,E,2,12,0.7,12.39,M,40.19,M,9.0,0907*7A
2021:01:22:10:17:08.851000,1611307028.851,$GPGGA,091708.00,6341.200784,N,01052.206975,E,2,12,0.7,12.39,M,40.19,M,10.0,0907*48
2021:01:22:10:17:09.851000,1611307029.851,$GPGGA,091709.00,6341.202226,N,01052.212891,E,2,12,0.7,12.40,M,40.19,M,11.0,0907*47
2021:01:22:10:17:10.851000,1611307030.851,$GPGGA,091710.00,6341.203649,N,01052.218845,E,2,12,0.7,12.41,M,40.19,M,7.0,0907*76
2021:01:22:10:17:12.851000,1611307032.851,$GPGGA,091712.00,6341.206540,N,01052.230712,E,2,12,0.7,12.40,M,40.19,M,9.0,0907*73
2021:01:22:10:17:13.851000,1611307033.851,$GPGGA,091713.00,6341.207976,N,01052.236632,E,2,12,0.7,12.40,M,40.19,M,10.0,0907*47
2021:01:22:10:17:14.851000,1611307034.851,$GPGGA,091714.00,6341.209395,N,01052.242574,E,2,12,0.7,12.39,M,40.19,M,11.0,0907*44
2021:01:22:10:17:16.851000,1611307036.851,$GPGGA,091716.00,6341.212274,N,01052.254425,E,2,12,0.7,12.39,M,40.19,M,13.0,0907*42
2021:01:22:10:17:17.851000,1611307037.851,$GPGGA,091717.00,6341.213742,N,01052.260295,E,2,12,0.7,12.37,M,40.19,M,9.0,0907*7D
2021:01:22:10:17:18.851000,1611307038.851,$GPGGA,091718.00,6341.215203,N,01052.266209,E,2,12,0.7,12.36,M,40.19,M,10.0,0907*4E
2021:01:22:10:17:20.852000,1611307040.852,$GPGGA,091720.00,6341.218141,N,01052.278084,E,2,12,0.7,12.39,M,40.19,M,7.0,0907*7C
2021:01:22:10:17:21.852000,1611307041.852,$GPGGA,091721.00,6341.219616,N,01052.284010,E,2,12,0.7,12.40,M,40.19,M,8.0,0907*76
2021:01:22:10:17:22.852000,1611307042.852,$GPGGA,091722.00,6341.221080,N,01052.289928,E,2,12,0.7,12.42,M,40.19,M,9.0,0907*7B
2021:01:22:10:17:23.851000,1611307043.851,$GPGGA,091723.00,6341.222579,N,01052.295831,E,2,12,0.7,12.43,M,40.19,M,10.0,0907*47
2021:01:22:10:17:24.852000,1611307044.852,$GPGGA,091724.00,6341.224073,N,01052.301762,E,2,12,0.7,12.39,M,40.19,M,11.0,0907*40
2021:01:22:10:17:25.851000,1611307045.851,$GPGGA,091725.00,6341.225559,N,01052.307660,E,2,12,0.7,12.38,M,40.19,M,12.0,0907*4A
2021:01:22:10:17:26.851000,1611307046.851,$GPGGA,091726.00,6341.227050,N,01052.313521,E,2,12,0.7,12.39,M,40.19,M,13.0,0907*44
2021:01:22:10:17:27.851000,1611307047.851,$GPGGA,091727.00,6341.228540,N,01052.319366,E,2,12,0.7,12.41,M,40.19,M,9.0,0907*75
2021:01:22:10:17:28.851000,1611307048.851,$GPGGA,091728.00,6341.230064,N,01052.325260,E,2,12,0.7,12.38,M,40.19,M,10.0,0907*4E
2021:01:22:10:17:29.851000,1611307049.851,$GPGGA,091729.00,6341.231577,N,01052.331135,E,2,12,0.7,12.37,M,40.19,M,11.0,0907*41
2021:01:22:10:17:30.851000,1611307050.851,$GPGGA,091730.00,6341.233097,N,01052.336995,E,2,12,0.7,12.37,M,40.19,M,6.0,0907*73
2021:01:22:10:17:32.851000,1611307052.851,$GPGGA,091732.00,6341.236176,N,01052.348646,E,2,12,0.8,12.38,M,40.19,M,8.0,0907*7C
2021:01:22:10:17:33.852000,1611307053.852,$GPGGA,091733.00,6341.237693,N,01052.354516,E,2,12,0.8,12.36,M,40.19,M,9.0,0907*74
2021:01:22:10:17:34.852000,1611307054.852,$GPGGA,091734.00,6341.239218,N,01052.360372,E,2,12,0.8,12.35,M,40.19,M,10.0,0907*42
2021:01:22:10:17:35.852000,1611307055.852,$GPGGA,091735.00,6341.240752,N,01052.366190,E,2,12,0.8,12.37,M,40.19,M,11.0,0907*4D
2021:01:22:10:17:37.852000,1611307057.852,$GPGGA,091737.00,6341.243822,N,01052.377869,E,2,12,0.8,12.41,M,40.18,M,8.0,0907*73
2021:01:22:10:17:38.852000,1611307058.852,$GPGGA,091738.00,6341.245342,N,01052.383725,E,2,12,0.8,12.42,M,40.18,M,9.0,0907*79
2021:01:22:10:17:41.852000,1611307061.852,$GPGGA,091741.00,6341.249965,N,01052.401213,E,2,12,0.8,12.43,M,40.18,M,12.0,0907*42
2021:01:22:10:17:42.852000,1611307062.852,$GPGGA,091742.00,6341.251519,N,01052.407037,E,2,12,0.8,12.42,M,40.18,M,13.0,0907*4D
2021:01:22:10:17:43.852000,1611307063.852,$GPGGA,091743.00,6341.253049,N,01052.412869,E,2,12,0.8,12.42,M,40.18,M,14.0,0907*4E
2021:01:22:10:17:44.852000,1611307064.852,$GPGGA,091744.00,6341.254550,N,01052.418728,E,2,12,0.7,12.40,M,40.18,M,5.0,0907*7E
2021:01:22:10:17:45.852000,1611307065.852,$GPGGA,091745.00,6341.256075,N,01052.424559,E,2,12,0.7,12.40,M,40.18,M,6.0,0907*77
2021:01:22:10:17:46.852000,1611307066.852,$GPGGA,091746.00,6341.257599,N,01052.430396,E,2,12,0.7,12.39,M,40.18,M,7.0,0907*7D
2021:01:22:10:17:47.852000,1611307067.852,$GPGGA,091747.00,6341.259104,N,01052.436286,E,2,12,0.7,12.38,M,40.18,M,8.0,0907*7A
2021:01:22:10:17:48.853000,1611307068.853,$GPGGA,091748.00,6341.260571,N,01052.442216,E,2,12,0.7,12.37,M,40.18,M,9.0,0907*7D
2021:01:22:10:17:49.853000,1611307069.853,$GPGGA,091749.00,6341.262048,N,01052.448110,E,2,12,0.7,12.39,M,40.18,M,10.0,0907*48
2021:01:22:10:17:50.853000,1611307070.853,$GPGGA,091750.00,6341.263564,N,01052.453996,E,2,12,0.8,12.39,M,40.18,M,5.0,0907*7D
2021:01:22:10:17:51.853000,1611307071.853,$GPGGA,091751.00,6341.265087,N,01052.459871,E,2,12,0.8,12.39,M,40.18,M,6.0,0907*73
2021:01:22:10:17:52.853000,1611307072.853,$GPGGA,091752.00,6341.266559,N,01052.465808,E,2,12,0.8,12.37,M,40.18,M,7.0,0907*7B
2021:01:22:10:17:53.852000,1611307073.852,$GPGGA,091753.00,6341.268013,N,01052.471761,E,2,12,0.8,12.38,M,40.18,M,8.0,0907*7A
2021:01:22:10:17:54.852000,1611307074.852,$GPGGA,091754.00,6341.269453,N,01052.477729,E,2,12,0.8,12.36,M,40.18,M,9.0,0907*79
2021:01:22:10:17:55.852000,1611307075.852,$GPGGA,091755.00,6341.270901,N,01052.483713,E,2,12,0.8,12.36,M,40.18,M,10.0,0907*40
2021:01:22:10:17:57.852000,1611307077.852,$GPGGA,091757.00,6341.273761,N,01052.495623,E,2,12,0.8,12.37,M,40.18,M,7.0,0907*7B
2021:01:22:10:17:58.852000,1611307078.852,$GPGGA,091758.00,6341.275217,N,01052.501554,E,2,12,0.8,12.36,M,40.18,M,8.0,0907*77
2021:01:22:10:17:59.852000,1611307079.852,$GPGGA,091759.00,6341.276680,N,01052.507508,E,2,12,0.7,12.37,M,40.18,M,9.0,0907*7F
2021:01:22:10:18:01.852000,1611307081.852,$GPGGA,091801.00,6341.279675,N,01052.519313,E,2,12,0.7,12.39,M,40.18,M,6.0,0907*7A
2021:01:22:10:18:02.853000,1611307082.853,$GPGGA,091802.00,6341.281188,N,01052.525186,E,2,12,0.7,12.41,M,40.18,M,7.0,0907*74
2021:01:22:10:18:03.853000,1611307083.853,$GPGGA,091803.00,6341.282694,N,01052.531105,E,2,12,0.7,12.40,M,40.18,M,8.0,0907*7C
2021:01:22:10:18:06.853000,1611307086.853,$GPGGA,091806.00,6341.287143,N,01052.548887,E,2,12,0.7,12.39,M,40.18,M,11.0,0907*4A
2021:01:22:10:18:07.853000,1611307087.853,$GPGGA,091807.00,6341.288640,N,01052.554809,E,2,12,0.7,12.39,M,40.18,M,7.0,0907*7C
2021:01:22:10:18:08.853000,1611307088.853,$GPGGA,091808.00,6341.290126,N,01052.560720,E,2,12,0.7,12.37,M,40.18,M,8.0,0907*7F
2021:01:22:10:18:10.853000,1611307090.853,$GPGGA,091810.00,6341.293055,N,01052.572636,E,2,12,0.7,12.36,M,40.18,M,10.0,0907*4D
2021:01:22:10:18:11.853000,1611307091.853,$GPGGA,091811.00,6341.294494,N,01052.578562,E,2,12,0.7,12.36,M,40.18,M,5.0,0907*7E
2021:01:22:10:18:12.853000,1611307092.853,$GPGGA,091812.00,6341.295944,N,01052.584522,E,2,12,0.7,12.36,M,40.18,M,6.0,0907*78
2021:01:22:10:18:13.853000,1611307093.853,$GPGGA,091813.00,6341.297384,N,01052.590481,E,2,12,0.7,12.36,M,40.18,M,7.0,0907*71
2021:01:22:10:18:14.853000,1611307094.853,$GPGGA,091814.00,6341.298834,N,01052.596439,E,2,12,0.7,12.37,M,40.18,M,8.0,0907*72
2021:01:22:10:18:15.853000,1611307095.853,$GPGGA,091815.00,6341.300276,N,01052.602375,E,2,12,0.7,12.36,M,40.18,M,9.0,0907*7E
2021:01:22:10:18:16.853000,1611307096.853,$GPGGA,091816.00,6341.301748,N,01052.608304,E,2,12,0.7,12.37,M,40.18,M,10.0,0907*41
2021:01:22:10:18:17.854000,1611307097.854,$GPGGA,091817.00,6341.303216,N,01052.614220,E,2,12,0.7,12.37,M,40.18,M,6.0,0907*71
2021:01:22:10:18:18.854000,1611307098.854,$GPGGA,091818.00,6341.304687,N,01052.620143,E,2,12,0.7,12.37,M,40.18,M,7.0,0907*75
2021:01:22:10:18:19.854000,1611307099.854,$GPGGA,091819.00,6341.306158,N,01052.626061,E,2,12,0.7,12.37,M,40.18,M,8.0,0907*7B
2021:01:22:10:18:20.854000,1611307100.854,$GPGGA,091820.00,6341.307615,N,01052.631984,E,2,12,0.7,12.37,M,40.18,M,9.0,0907*7B
2021:01:22:10:18:22.853000,1611307102.853,$GPGGA,091822.00,6341.310597,N,01052.643814,E,2,12,0.7,12.39,M,40.18,M,11.0,0907*4C
2021:01:22:10:18:23.853000,1611307103.853,$GPGGA,091823.00,6341.312105,N,01052.649708,E,2,12,0.7,12.36,M,40.18,M,6.0,0907*71
2021:01:22:10:18:24.853000,1611307104.853,$GPGGA,091824.00,6341.313622,N,01052.655582,E,2,12,0.7,12.37,M,40.18,M,7.0,0907*78
2021:01:22:10:18:26.853000,1611307106.853,$GPGGA,091826.00,6341.316591,N,01052.667382,E,2,12,0.7,12.38,M,40.18,M,9.0,0907*72
2021:01:22:10:18:27.853000,1611307107.853,$GPGGA,091827.00,6341.318036,N,01052.673348,E,2,12,0.7,12.37,M,40.18,M,5.0,0907*75
2021:01:22:10:18:28.853000,1611307108.853,$GPGGA,091828.00,6341.319471,N,01052.679303,E,2,12,0.7,12.35,M,40.18,M,6.0,0907*78
2021:01:22:10:18:29.853000,1611307109.853,$GPGGA,091829.00,6341.320909,N,01052.685264,E,2,12,0.7,12.35,M,40.18,M,7.0,0907*73
2021:01:22:10:18:30.853000,1611307110.853,$GPGGA,091830.00,6341.322360,N,01052.691226,E,2,12,0.7,12.35,M,40.18,M,8.0,0907*70
2021:01:22:10:18:31.854000,1611307111.854,$GPGGA,091831.00,6341.323820,N,01052.697174,E,2,12,0.7,12.37,M,40.18,M,9.0,0907*7E
2021:01:22:10:18:32.854000,1611307112.854,$GPGGA,091832.00,6341.325295,N,01052.703093,E,2,12,0.7,12.36,M,40.18,M,10.0,0907*42
2021:01:22:10:18:33.854000,1611307113.854,$GPGGA,091833.00,6341.326771,N,01052.709000,E,2,12,0.7,12.34,M,40.18,M,11.0,0907*4C
2021:01:22:10:18:35.854000,1611307115.854,$GPGGA,091835.00,6341.329645,N,01052.720938,E,2,12,0.7,12.34,M,40.17,M,8.0,0907*7D
2021:01:22:10:18:36.854000,1611307116.854,$GPGGA,091836.00,6341.331079,N,01052.726907,E,2,12,0.7,12.34,M,40.17,M,9.0,0907*75
2021:01:22:10:18:37.854000,1611307117.854,$GPGGA,091837.00,6341.332540,N,01052.732827,E,2,12,0.7,12.35,M,40.17,M,10.0,0907*47
2021:01:22:10:18:38.854000,1611307118.854,$GPGGA,091838.00,6341.334001,N,01052.738794,E,2,12,0.7,12.33,M,40.17,M,11.0,0907*44
2021:01:22:10:18:39.854000,1611307119.854,$GPGGA,091839.00,6341.335468,N,01052.744727,E,2,12,0.7,12.34,M,40.17,M,12.0,0907*48
2021:01:22:10:18:40.854000,1611307120.854,$GPGGA,091840.00,6341.336963,N,01052.750625,E,2,12,0.7,12.35,M,40.17,M,13.0,0907*45
2021:01:22:10:18:41.854000,1611307121.854,$GPGGA,091841.00,6341.338452,N,01052.756573,E,2,12,0.7,12.37,M,40.17,M,9.0,0907*7A
2021:01:22:10:18:42.854000,1611307122.854,$GPGGA,091842.00,6341.339947,N,01052.762508,E,2,12,0.7,12.38,M,40.17,M,10.0,0907*4D
2021:01:22:10:18:43.854000,1611307123.854,$GPGGA,091843.00,6341.341451,N,01052.768440,E,2,12,0.7,12.35,M,40.17,M,11.0,0907*42
2021:01:22:10:18:44.854000,1611307124.854,$GPGGA,091844.00,6341.342949,N,01052.774380,E,2,12,0.7,12.33,M,40.17,M,7.0,0907*75
2021:01:22:10:18:45.854000,1611307125.854,$GPGGA,091845.00,6341.344455,N,01052.780259,E,2,12,0.7,12.34,M,40.17,M,8.0,0907*74
2021:01:22:10:18:47.855000,1611307127.855,$GPGGA,091847.00,6341.347431,N,01052.792064,E,2,12,0.7,12.36,M,40.17,M,5.0,0907*77
2021:01:22:10:18:48.855000,1611307128.855,$GPGGA,091848.00,6341.348895,N,01052.798014,E,2,12,0.7,12.36,M,40.17,M,6.0,0907*7B
2021:01:22:10:18:49.855000,1611307129.855,$GPGGA,091849.00,6341.350363,N,01052.803951,E,2,12,0.7,12.36,M,40.17,M,7.0,0907*75
2021:01:22:10:18:51.855000,1611307131.855,$GPGGA,091851.00,6341.353327,N,01052.815770,E,2,12,0.7,12.37,M,40.17,M,9.0,0907*7A
2021:01:22:10:18:52.854000,1611307132.854,$GPGGA,091852.00,6341.354806,N,01052.821733,E,2,12,0.7,12.35,M,40.17,M,10.0,0907*4C
2021:01:22:10:18:53.855000,1611307133.855,$GPGGA,091853.00,6341.356291,N,01052.827693,E,2,12,0.7,12.34,M,40.17,M,11.0,0907*46
2021:01:22:10:18:55.854000,1611307135.854,$GPGGA,091855.00,6341.359248,N,01052.839564,E,2,12,0.7,12.36,M,40.17,M,7.0,0907*7A
2021:01:22:10:18:56.854000,1611307136.854,$GPGGA,091856.00,6341.360711,N,01052.845513,E,2,12,0.7,12.37,M,40.17,M,8.0,0907*7F
2021:01:22:10:18:57.854000,1611307137.854,$GPGGA,091857.00,6341.362172,N,01052.851478,E,2,12,0.7,12.36,M,40.17,M,9.0,0907*76
2021:01:22:10:18:58.854000,1611307138.854,$GPGGA,091858.00,6341.363630,N,01052.857429,E,2,12,0.7,12.33,M,40.17,M,10.0,0907*46
2021:01:22:10:18:59.855000,1611307139.855,$GPGGA,091859.00,6341.365082,N,01052.863385,E,2,12,0.7,12.34,M,40.17,M,11.0,0907*4E
2021:01:22:10:19:00.854000,1611307140.854,$GPGGA,091900.00,6341.366548,N,01052.869331,E,2,12,0.7,12.36,M,40.17,M,7.0,0907*73
2021:01:22:10:19:01.855000,1611307141.855,$GPGGA,091901.00,6341.368046,N,01052.875241,E,2,12,0.7,12.36,M,40.17,M,8.0,0907*73
2021:01:22:10:19:02.855000,1611307142.855,$GPGGA,091902.00,6341.369550,N,01052.881180,E,2,12,0.7,12.33,M,40.17,M,9.0,0907*72
2021:01:22:10:19:03.855000,1611307143.855,$GPGGA,091903.00,6341.371040,N,01052.887114,E,2,12,0.7,12.33,M,40.17,M,10.0,0907*4D
2021:01:22:10:19:04.855000,1611307144.855,$GPGGA,091904.00,6341.372542,N,01052.893004,E,2,12,0.7,12.34,M,40.17,M,5.0,0907*78
2021:01:22:10:19:05.855000,1611307145.855,$GPGGA,091905.00,6341.374048,N,01052.898887,E,2,12,0.7,12.34,M,40.17,M,6.0,0907*7B
2021:01:22:10:19:07.855000,1611307147.855,$GPGGA,091907.00,6341.377045,N,01052.910683,E,2,12,0.7,12.36,M,40.17,M,8.0,0907*70
2021:01:22:10:19:08.855000,1611307148.855,$GPGGA,091908.00,6341.378533,N,01052.916579,E,2,12,0.7,12.37,M,40.17,M,9.0,0907*74
2021:01:22:10:19:09.855000,1611307149.855,$GPGGA,091909.00,6341.380025,N,01052.922508,E,2,12,0.7,12.35,M,40.17,M,10.0,0907*4B
2021:01:22:10:19:10.855000,1611307150.855,$GPGGA,091910.00,6341.381528,N,01052.928375,E,2,12,0.7,12.35,M,40.17,M,11.0,0907*4D
2021:01:22:10:19:12.855000,1611307152.855,$GPGGA,091912.00,6341.384574,N,01052.940069,E,2,12,0.7,12.36,M,40.17,M,8.0,0907*78
2021:01:22:10:19:13.855000,1611307153.855,$GPGGA,091913.00,6341.386071,N,01052.945957,E,2,12,0.8,12.36,M,40.17,M,9.0,0907*74
2021:01:22:10:19:14.855000,1611307154.855,$GPGGA,091914.00,6341.387580,N,01052.951840,E,2,12,0.8,12.34,M,40.17,M,5.0,0907*75
2021:01:22:10:19:16.856000,1611307156.856,$GPGGA,091916.00,6341.390639,N,01052.963535,E,2,12,0.8,12.33,M,40.17,M,7.0,0907*7B
2021:01:22:10:19:17.856000,1611307157.856,$GPGGA,091917.00,6341.392164,N,01052.969368,E,2,12,0.8,12.33,M,40.17,M,8.0,0907*7C
2021:01:22:10:19:18.856000,1611307158.856,$GPGGA,091918.00,6341.393685,N,01052.975215,E,2,12,0.8,12.33,M,40.17,M,9.0,0907*7D
2021:01:22:10:19:20.855000,1611307160.855,$GPGGA,091920.00,6341.396667,N,01052.986987,E,2,12,0.7,12.33,M,40.17,M,11.0,0907*45
2021:01:22:10:19:21.855000,1611307161.855,$GPGGA,091921.00,6341.398161,N,01052.992866,E,2,12,0.7,12.32,M,40.17,M,12.0,0907*42
2021:01:22:10:19:22.855000,1611307162.855,$GPGGA,091922.00,6341.399645,N,01052.998744,E,2,12,0.7,12.34,M,40.17,M,13.0,0907*43
2021:01:22:10:19:23.855000,1611307163.855,$GPGGA,091923.00,6341.401145,N,01053.004617,E,2,12,0.7,12.36,M,40.17,M,14.0,0907*4C
2021:01:22:10:19:24.855000,1611307164.855,$GPGGA,091924.00,6341.402663,N,01053.010491,E,2,12,0.7,12.36,M,40.17,M,10.0,0907*46
2021:01:22:10:19:25.855000,1611307165.855,$GPGGA,091925.00,6341.404159,N,01053.016387,E,2,12,0.7,12.37,M,40.17,M,11.0,0907*49
2021:01:22:10:19:26.855000,1611307166.855,$GPGGA,091926.00,6341.405661,N,01053.022271,E,2,12,0.7,12.37,M,40.17,M,12.0,0907*4B
2021:01:22:10:19:27.855000,1611307167.855,$GPGGA,091927.00,6341.407170,N,01053.028156,E,2,12,0.7,12.35,M,40.17,M,13.0,0907*40
2021:01:22:10:19:28.855000,1611307168.855,$GPGGA,091928.00,6341.408662,N,01053.034064,E,2,12,0.7,12.35,M,40.17,M,9.0,0907*72
2021:01:22:10:19:29.855000,1611307169.855,$GPGGA,091929.00,6341.410144,N,01053.039941,E,2,12,0.7,12.36,M,40.17,M,10.0,0907*41
2021:01:22:10:19:30.856000,1611307170.856,$GPGGA,091930.00,6341.411637,N,01053.045811,E,2,12,0.7,12.38,M,40.17,M,11.0,0907*4B
2021:01:22:10:19:32.856000,1611307172.856,$GPGGA,091932.00,6341.414623,N,01053.057621,E,2,12,0.7,12.32,M,40.17,M,7.0,0907*7A
2021:01:22:10:19:33.856000,1611307173.856,$GPGGA,091933.00,6341.416115,N,01053.063502,E,2,12,0.7,12.35,M,40.17,M,8.0,0907*76
2021:01:22:10:19:34.856000,1611307174.856,$GPGGA,091934.00,6341.417626,N,01053.069367,E,2,12,0.7,12.35,M,40.16,M,9.0,0907*78
2021:01:22:10:19:37.856000,1611307177.856,$GPGGA,091937.00,6341.422053,N,01053.087062,E,2,12,0.7,12.37,M,40.16,M,7.0,0907*73
2021:01:22:10:19:38.856000,1611307178.856,$GPGGA,091938.00,6341.423513,N,01053.093005,E,2,12,0.7,12.36,M,40.16,M,8.0,0907*76
2021:01:22:10:19:41.856000,1611307181.856,$GPGGA,091941.00,6341.427806,N,01053.110832,E,2,12,0.7,12.38,M,40.16,M,11.0,0907*45
2021:01:22:10:19:42.856000,1611307182.856,$GPGGA,091942.00,6341.429251,N,01053.116754,E,2,12,0.7,12.38,M,40.16,M,12.0,0907*4A
2021:01:22:10:19:43.856000,1611307183.856,$GPGGA,091943.00,6341.430689,N,01053.122692,E,2,12,0.7,12.36,M,40.16,M,13.0,0907*41
2021:01:22:10:19:45.857000,1611307185.857,$GPGGA,091945.00,6341.433574,N,01053.134483,E,2,12,0.7,12.38,M,40.16,M,15.0,0907*48
2021:01:22:10:19:46.857000,1611307186.857,$GPGGA,091946.00,6341.435025,N,01053.140392,E,2,12,0.7,12.37,M,40.16,M,16.0,0907*44
2021:01:22:10:19:47.857000,1611307187.857,$GPGGA,091947.00,6341.436489,N,01053.146332,E,2,12,0.7,12.34,M,40.16,M,10.0,0907*4D
2021:01:22:10:19:48.856000,1611307188.856,$GPGGA,091948.00,6341.437934,N,01053.152245,E,2,12,0.7,12.37,M,40.16,M,11.0,0907*4E
2021:01:22:10:19:49.856000,1611307189.856,$GPGGA,091949.00,6341.439371,N,01053.158154,E,2,12,0.7,12.38,M,40.16,M,12.0,0907*4F
2021:01:22:10:19:50.856000,1611307190.856,$GPGGA,091950.00,6341.440844,N,01053.164047,E,2,12,0.7,12.35,M,40.16,M,13.0,0907*44
2021:01:22:10:19:51.856000,1611307191.856,$GPGGA,091951.00,6341.442325,N,01053.169976,E,2,12,0.8,12.33,M,40.16,M,14.0,0907*43
2021:01:22:10:19:52.856000,1611307192.856,$GPGGA,091952.00,6341.443788,N,01053.175900,E,2,12,0.8,12.32,M,40.16,M,15.0,0907*4E
2021:01:22:10:19:53.856000,1611307193.856,$GPGGA,091953.00,6341.445245,N,01053.181802,E,2,12,0.8,12.33,M,40.16,M,16.0,0907*47
2021:01:22:10:19:54.856000,1611307194.856,$GPGGA,091954.00,6341.446710,N,01053.187709,E,2,12,0.7,12.35,M,40.16,M,17.0,0907*4C
2021:01:22:10:19:55.856000,1611307195.856,$GPGGA,091955.00,6341.448193,N,01053.193635,E,2,12,0.7,12.33,M,40.16,M,6.0,0907*73
2021:01:22:10:19:57.856000,1611307197.856,$GPGGA,091957.00,6341.451122,N,01053.205521,E,2,12,0.7,12.31,M,40.16,M,8.0,0907*75
2021:01:22:10:19:58.856000,1611307198.856,$GPGGA,091958.00,6341.452599,N,01053.211426,E,2,12,0.7,12.31,M,40.16,M,9.0,0907*7F
2021:01:22:10:19:59.856000,1611307199.856,$GPGGA,091959.00,6341.454094,N,01053.217334,E,2,12,0.7,12.32,M,40.16,M,10.0,0907*49
2021:01:22:10:20:01.857000,1611307201.857,$GPGGA,092001.00,6341.457061,N,01053.229203,E,2,12,0.7,12.34,M,40.16,M,7.0,0907*7F
2021:01:22:10:20:02.857000,1611307202.857,$GPGGA,092002.00,6341.458544,N,01053.235132,E,2,12,0.7,12.35,M,40.16,M,8.0,0907*73
2021:01:22:10:20:03.857000,1611307203.857,$GPGGA,092003.00,6341.460060,N,01053.241007,E,2,12,0.8,12.35,M,40.16,M,9.0,0907*70
2021:01:22:10:20:05.857000,1611307205.857,$GPGGA,092005.00,6341.463099,N,01053.252752,E,2,12,0.8,12.33,M,40.16,M,6.0,0907*7F
2021:01:22:10:20:06.857000,1611307206.857,$GPGGA,092006.00,6341.464614,N,01053.258639,E,2,12,0.8,12.33,M,40.16,M,7.0,0907*7F
2021:01:22:10:20:07.857000,1611307207.857,$GPGGA,092007.00,6341.466137,N,01053.264504,E,2,12,0.8,12.34,M,40.16,M,8.0,0907*70
2021:01:22:10:20:08.857000,1611307208.857,$GPGGA,092008.00,6341.467656,N,01053.270390,E,2,12,0.8,12.34,M,40.16,M,9.0,0907*71
2021:01:22:10:20:10.857000,1611307210.857,$GPGGA,092010.00,6341.470694,N,01053.282126,E,2,12,0.7,12.36,M,40.16,M,11.0,0907*46
2021:01:22:10:20:11.857000,1611307211.857,$GPGGA,092011.00,6341.472219,N,01053.287998,E,2,12,0.7,12.37,M,40.16,M,12.0,0907*4E
2021:01:22:10:20:12.857000,1611307212.857,$GPGGA,092012.00,6341.473742,N,01053.293887,E,2,12,0.7,12.34,M,40.16,M,8.0,0907*75
2021:01:22:10:20:13.857000,1611307213.857,$GPGGA,092013.00,6341.475247,N,01053.299787,E,2,12,0.7,12.35,M,40.16,M,9.0,0907*77
2021:01:22:10:20:14.857000,1611307214.857,$GPGGA,092014.00,6341.476764,N,01053.305671,E,2,12,0.7,12.34,M,40.16,M,4.0,0907*77
2021:01:22:10:20:15.858000,1611307215.858,$GPGGA,092015.00,6341.478298,N,01053.311499,E,2,12,0.7,12.34,M,40.16,M,5.0,0907*7E
2021:01:22:10:20:16.858000,1611307216.858,$GPGGA,092016.00,6341.479825,N,01053.317348,E,2,12,0.7,12.35,M,40.16,M,6.0,0907*7F
2021:01:22:10:20:17.857000,1611307217.857,$GPGGA,092017.00,6341.481333,N,01053.323239,E,2,12,0.7,12.35,M,40.16,M,7.0,0907*74
2021:01:22:10:20:18.857000,1611307218.857,$GPGGA,092018.00,6341.482815,N,01053.329134,E,2,12,0.7,12.34,M,40.16,M,8.0,0907*7D
2021:01:22:10:20:19.857000,1611307219.857,$GPGGA,092019.00,6341.484297,N,01053.335009,E,2,12,0.7,12.35,M,40.16,M,9.0,0907*78
2021:01:22:10:20:20.857000,1611307220.857,$GPGGA,092020.00,6341.485818,N,01053.340852,E,2,12,0.7,12.34,M,40.16,M,10.0,0907*43
2021:01:22:10:20:22.857000,1611307222.857,$GPGGA,092022.00,6341.488841,N,01053.352604,E,2,12,0.7,12.32,M,40.16,M,12.0,0907*4A
2021:01:22:10:20:23.857000,1611307223.857,$GPGGA,092023.00,6341.490333,N,01053.358454,E,2,12,0.7,12.34,M,40.16,M,13.0,0907*46
2021:01:22:10:20:24.857000,1611307224.857,$GPGGA,092024.00,6341.491816,N,01053.364325,E,2,12,0.7,12.33,M,40.16,M,9.0,0907*7E
2021:01:22:10:20:26.857000,1611307226.857,$GPGGA,092026.00,6341.494803,N,01053.376107,E,2,12,0.7,12.34,M,40.16,M,11.0,0907*42
2021:01:22:10:20:27.857000,1611307227.857,$GPGGA,092027.00,6341.496293,N,01053.381982,E,2,12,0.7,12.34,M,40.16,M,12.0,0907*4C
2021:01:22:10:20:28.857000,1611307228.857,$GPGGA,092028.00,6341.497770,N,01053.387882,E,2,12,0.7,12.32,M,40.16,M,8.0,0907*70
2021:01:22:10:20:30.858000,1611307230.858,$GPGGA,092030.00,6341.500713,N,01053.399657,E,2,12,0.7,12.31,M,40.16,M,10.0,0907*40
2021:01:22:10:20:31.858000,1611307231.858,$GPGGA,092031.00,6341.502212,N,01053.405501,E,2,12,0.8,12.31,M,40.16,M,11.0,0907*4B
2021:01:22:10:20:32.858000,1611307232.858,$GPGGA,092032.00,6341.503681,N,01053.411389,E,2,12,0.8,12.28,M,40.16,M,7.0,0907*7B
2021:01:22:10:20:33.858000,1611307233.858,$GPGGA,092033.00,6341.505124,N,01053.417303,E,2,12,0.8,12.29,M,40.15,M,8.0,0907*7D
2021:01:22:10:20:34.858000,1611307234.858,$GPGGA,092034.00,6341.506587,N,01053.423186,E,2,12,0.8,12.31,M,40.15,M,9.0,0907*74
2021:01:22:10:20:35.858000,1611307235.858,$GPGGA,092035.00,6341.508074,N,01053.429058,E,2,12,0.8,12.31,M,40.15,M,10.0,0907*42
2021:01:22:10:20:36.858000,1611307236.858,$GPGGA,092036.00,6341.509556,N,01053.434920,E,2,12,0.8,12.31,M,40.15,M,11.0,0907*4E
2021:01:22:10:20:37.858000,1611307237.858,$GPGGA,092037.00,6341.511045,N,01053.440810,E,2,12,0.8,12.31,M,40.15,M,12.0,0907*43
2021:01:22:10:20:38.858000,1611307238.858,$GPGGA,092038.00,6341.512528,N,01053.446672,E,2,12,0.7,12.30,M,40.15,M,7.0,0907*77
2021:01:22:10:20:39.858000,1611307239.858,$GPGGA,092039.00,6341.514009,N,01053.452541,E,2,12,0.7,12.32,M,40.15,M,8.0,0907*7D
2021:01:22:10:20:40.858000,1611307240.858,$GPGGA,092040.00,6341.515511,N,01053.458370,E,2,12,0.7,12.32,M,40.15,M,9.0,0907*71
2021:01:22:10:20:42.858000,1611307242.858,$GPGGA,092042.00,6341.518554,N,01053.469974,E,2,12,0.7,12.32,M,40.15,M,6.0,0907*7C
2021:01:22:10:20:43.858000,1611307243.858,$GPGGA,092043.00,6341.520081,N,01053.475786,E,2,12,0.7,12.31,M,40.15,M,7.0,0907*77
2021:01:22:10:20:44.859000,1611307244.859,$GPGGA,092044.00,6341.521612,N,01053.481598,E,2,12,0.7,12.30,M,40.15,M,8.0,0907*75
2021:01:22:10:20:45.858000,1611307245.858,$GPGGA,092045.00,6341.523111,N,01053.487431,E,2,12,0.7,12.30,M,40.15,M,4.0,0907*7A
2021:01:22:10:20:47.858000,1611307247.858,$GPGGA,092047.00,6341.526078,N,01053.499126,E,2,12,0.7,12.30,M,40.15,M,6.0,0907*7D
2021:01:22:10:20:48.858000,1611307248.858,$GPGGA,092048.00,6341.527563,N,01053.504956,E,2,12,0.7,12.31,M,40.15,M,7.0,0907*76
2021:01:22:10:20:49.858000,1611307249.858,$GPGGA,092049.00,6341.529050,N,01053.510791,E,2,12,0.7,12.31,M,40.15,M,8.0,0907*73
2021:01:22:10:20:51.858000,1611307251.858,$GPGGA,092051.00,6341.532015,N,01053.522493,E,2,12,0.7,12.32,M,40.15,M,10.0,0907*4B
2021:01:22:10:20:52.858000,1611307252.858,$GPGGA,092052.00,6341.533497,N,01053.528328,E,2,12,0.7,12.34,M,40.15,M,6.0,0907*7B
2021:01:22:10:20:53.858000,1611307253.858,$GPGGA,092053.00,6341.534969,N,01053.534209,E,2,12,0.7,12.33,M,40.15,M,7.0,0907*78
2021:01:22:10:20:55.858000,1611307255.858,$GPGGA,092055.00,6341.537886,N,01053.545994,E,2,12,0.7,12.33,M,40.15,M,9.0,0907*7A
2021:01:22:10:20:56.858000,1611307256.858,$GPGGA,092056.00,6341.539336,N,01053.551888,E,2,12,0.8,12.31,M,40.15,M,10.0,0907*4B
2021:01:22:10:20:57.858000,1611307257.858,$GPGGA,092057.00,6341.540779,N,01053.557778,E,2,12,0.8,12.32,M,40.15,M,11.0,0907*4F
2021:01:22:10:20:59.859000,1611307259.859,$GPGGA,092059.00,6341.543742,N,01053.569460,E,2,12,0.8,12.32,M,40.15,M,7.0,0907*7A
2021:01:22:10:21:00.859000,1611307260.859,$GPGGA,092100.00,6341.545234,N,01053.575299,E,2,12,0.8,12.32,M,40.15,M,8.0,0907*77
2021:01:22:10:21:01.859000,1611307261.859,$GPGGA,092101.00,6341.546723,N,01053.581119,E,2,12,0.8,12.31,M,40.15,M,9.0,0907*74
2021:01:22:10:21:02.859000,1611307262.859,$GPGGA,092102.00,6341.548213,N,01053.586935,E,2,12,0.8,12.32,M,40.15,M,10.0,0907*45
2021:01:22:10:21:03.859000,1611307263.859,$GPGGA,092103.00,6341.549690,N,01053.592781,E,2,12,0.7,12.34,M,40.15,M,11.0,0907*46
2021:01:22:10:21:04.859000,1611307264.859,$GPGGA,092104.00,6341.551169,N,01053.598612,E,2,12,0.8,12.34,M,40.15,M,12.0,0907*44
2021:01:22:10:21:05.859000,1611307265.859,$GPGGA,092105.00,6341.552665,N,01053.604446,E,2,12,0.8,12.34,M,40.15,M,7.0,0907*7C
2021:01:22:10:21:07.859000,1611307267.859,$GPGGA,092107.00,6341.555674,N,01053.616124,E,2,12,0.8,12.34,M,40.15,M,9.0,0907*75
2021:01:22:10:21:08.859000,1611307268.859,$GPGGA,092108.00,6341.557207,N,01053.621933,E,2,12,0.8,12.32,M,40.15,M,10.0,0907*4C
2021:01:22:10:21:09.859000,1611307269.859,$GPGGA,092109.00,6341.558759,N,01053.627714,E,2,12,0.8,12.32,M,40.15,M,6.0,0907*76
2021:01:22:10:21:12.859000,1611307272.859,$GPGGA,092112.00,6341.563241,N,01053.645282,E,2,12,0.8,12.33,M,40.15,M,9.0,0907*78
2021:01:22:10:21:13.860000,1611307273.86,$GPGGA,092113.00,6341.564725,N,01053.651145,E,2,12,0.8,12.32,M,40.15,M,10.0,0907*4D
2021:01:22:10:21:16.859000,1611307276.859,$GPGGA,092116.00,6341.569188,N,01053.668699,E,2,12,0.8,12.29,M,40.15,M,8.0,0907*7B
2021:01:22:10:21:17.859000,1611307277.859,$GPGGA,092117.00,6341.570690,N,01053.674545,E,2,12,0.7,12.29,M,40.15,M,9.0,0907*7D
2021:01:22:10:21:18.859000,1611307278.859,$GPGGA,092118.00,6341.572186,N,01053.680390,E,2,12,0.7,12.29,M,40.15,M,10.0,0907*4D
2021:01:22:10:21:20.859000,1611307280.859,$GPGGA,092120.00,6341.575201,N,01053.692057,E,2,12,0.7,12.28,M,40.15,M,12.0,0907*45
2021:01:22:10:21:21.859000,1611307281.859,$GPGGA,092121.00,6341.576705,N,01053.697927,E,2,12,0.7,12.29,M,40.15,M,13.0,0907*4D
2021:01:22:10:21:22.859000,1611307282.859,$GPGGA,092122.00,6341.578206,N,01053.703813,E,2,12,0.7,12.31,M,40.15,M,9.0,0907*7E
2021:01:22:10:21:24.859000,1611307284.859,$GPGGA,092124.00,6341.581243,N,01053.715421,E,2,12,0.7,12.33,M,40.15,M,11.0,0907*4E
2021:01:22:10:21:25.859000,1611307285.859,$GPGGA,092125.00,6341.582731,N,01053.721266,E,2,12,0.7,12.32,M,40.15,M,6.0,0907*79
2021:01:22:10:21:26.859000,1611307286.859,$GPGGA,092126.00,6341.584216,N,01053.727119,E,2,12,0.7,12.29,M,40.15,M,7.0,0907*7A
2021:01:22:10:21:27.859000,1611307287.859,$GPGGA,092127.00,6341.585716,N,01053.732938,E,2,12,0.7,12.28,M,40.15,M,8.0,0907*7E
2021:01:22:10:21:28.860000,1611307288.86,$GPGGA,092128.00,6341.587200,N,01053.738756,E,2,12,0.7,12.29,M,40.15,M,9.0,0907*7D
2021:01:22:10:21:29.860000,1611307289.86,$GPGGA,092129.00,6341.588682,N,01053.744593,E,2,12,0.7,12.28,M,40.15,M,5.0,0907*70
2021:01:22:10:21:30.860000,1611307290.86,$GPGGA,092130.00,6341.590164,N,01053.750446,E,2,12,0.7,12.29,M,40.15,M,6.0,0907*70
2021:01:22:10:21:32.860000,1611307292.86,$GPGGA,092132.00,6341.593068,N,01053.762240,E,2,12,0.7,12.29,M,40.15,M,8.0,0907*73
2021:01:22:10:21:33.860000,1611307293.86,$GPGGA,092133.00,6341.594548,N,01053.768116,E,2,12,0.7,12.28,M,40.14,M,9.0,0907*79
2021:01:22:10:21:34.860000,1611307294.86,$GPGGA,092134.00,6341.596043,N,01053.773988,E,2,12,0.7,12.29,M,40.14,M,10.0,0907*4E
2021:01:22:10:21:36.860000,1611307296.86,$GPGGA,092136.00,6341.598977,N,01053.785789,E,2,12,0.7,12.29,M,40.14,M,7.0,0907*7C
2021:01:22:10:21:37.860000,1611307297.86,$GPGGA,092137.00,6341.600407,N,01053.791703,E,2,12,0.7,12.29,M,40.14,M,8.0,0907*7D
2021:01:22:10:21:38.860000,1611307298.86,$GPGGA,092138.00,6341.601843,N,01053.797625,E,2,12,0.7,12.30,M,40.14,M,9.0,0907*75
2021:01:22:10:21:41.860000,1611307301.86,$GPGGA,092141.00,6341.606231,N,01053.815305,E,2,12,0.7,12.27,M,40.14,M,12.0,0907*4D
2021:01:22:10:21:42.860000,1611307302.86,$GPGGA,092142.00,6341.607691,N,01053.821181,E,2,12,0.8,12.30,M,40.14,M,7.0,0907*75
2021:01:22:10:21:45.860000,1611307305.86,$GPGGA,092145.00,6341.612065,N,01053.838818,E,2,12,0.7,12.31,M,40.14,M,10.0,0907*42
2021:01:22:10:21:46.860000,1611307306.86,$GPGGA,092146.00,6341.613516,N,01053.844734,E,2,12,0.7,12.31,M,40.14,M,6.0,0907*7C
2021:01:22:10:21:47.860000,1611307307.86,$GPGGA,092147.00,6341.614986,N,01053.850606,E,2,12,0.7,12.34,M,40.14,M,7.0,0907*7E
2021:01:22:10:21:49.860000,1611307309.86,$GPGGA,092149.00,6341.617907,N,01053.862456,E,2,12,0.7,12.30,M,40.14,M,9.0,0907*76
2021:01:22:10:21:50.860000,1611307310.86,$GPGGA,092150.00,6341.619380,N,01053.868337,E,2,12,0.8,12.30,M,40.14,M,10.0,0907*48
2021:01:22:10:21:51.860000,1611307311.86,$GPGGA,092151.00,6341.620864,N,01053.874179,E,2,12,0.8,12.31,M,40.14,M,11.0,0907*47
2021:01:22:10:21:52.860000,1611307312.86,$GPGGA,092152.00,6341.622334,N,01053.880070,E,2,12,0.8,12.31,M,40.14,M,7.0,0907*7C
2021:01:22:10:21:53.860000,1611307313.86,$GPGGA,092153.00,6341.623793,N,01053.885983,E,2,12,0.8,12.33,M,40.14,M,8.0,0907*78
2021:01:22:10:21:54.860000,1611307314.86,$GPGGA,092154.00,6341.625240,N,01053.891894,E,2,12,0.7,12.31,M,40.14,M,9.0,0907*7C
2021:01:22:10:21:55.860000,1611307315.86,$GPGGA,092155.00,6341.626724,N,01053.897765,E,2,12,0.7,12.31,M,40.14,M,10.0,0907*46
2021:01:22:10:21:57.860000,1611307317.86,$GPGGA,092157.00,6341.629737,N,01053.909421,E,2,12,0.8,12.32,M,40.14,M,7.0,0907*76
2021:01:22:10:21:58.861000,1611307318.861,$GPGGA,092158.00,6341.631253,N,01053.915234,E,2,12,0.8,12.33,M,40.14,M,8.0,0907*76
2021:01:22:10:21:59.861000,1611307319.861,$GPGGA,092159.00,6341.632770,N,01053.921059,E,2,12,0.8,12.34,M,40.14,M,9.0,0907*78
2021:01:22:10:22:01.861000,1611307321.861,$GPGGA,092201.00,6341.635829,N,01053.932694,E,2,12,0.8,12.32,M,40.14,M,11.0,0907*48
2021:01:22:10:22:02.861000,1611307322.861,$GPGGA,092202.00,6341.637375,N,01053.938484,E,2,12,0.8,12.32,M,40.14,M,7.0,0907*75
2021:01:22:10:22:03.861000,1611307323.861,$GPGGA,092203.00,6341.638902,N,01053.944266,E,2,12,0.8,12.34,M,40.14,M,8.0,0907*79
2021:01:22:10:22:04.861000,1611307324.861,$GPGGA,092204.00,6341.640416,N,01053.950034,E,2,12,0.8,12.34,M,40.14,M,9.0,0907*78
2021:01:22:10:22:05.861000,1611307325.861,$GPGGA,092205.00,6341.641919,N,01053.955851,E,2,12,0.8,12.32,M,40.14,M,10.0,0907*4A
2021:01:22:10:22:06.861000,1611307326.861,$GPGGA,092206.00,6341.643425,N,01053.961659,E,2,12,0.8,12.32,M,40.14,M,5.0,0907*7C
2021:01:22:10:22:07.861000,1611307327.861,$GPGGA,092207.00,6341.644917,N,01053.967464,E,2,12,0.8,12.33,M,40.14,M,6.0,0907*7E
2021:01:22:10:22:08.861000,1611307328.861,$GPGGA,092208.00,6341.646418,N,01053.973265,E,2,12,0.8,12.33,M,40.14,M,7.0,0907*72
2021:01:22:10:22:09.861000,1611307329.861,$GPGGA,092209.00,6341.647905,N,01053.979074,E,2,12,0.8,12.32,M,40.14,M,8.0,0907*75
2021:01:22:10:22:10.861000,1611307330.861,$GPGGA,092210.00,6341.649390,N,01053.984909,E,2,12,0.8,12.32,M,40.14,M,9.0,0907*75
2021:01:22:10:22:11.861000,1611307331.861,$GPGGA,092211.00,6341.650863,N,01053.990753,E,2,12,0.8,12.30,M,40.14,M,10.0,0907*45
2021:01:22:10:22:12.861000,1611307332.861,$GPGGA,092212.00,6341.652343,N,01053.996603,E,2,12,0.8,12.30,M,40.14,M,6.0,0907*78
2021:01:22:10:22:14.861000,1611307334.861,$GPGGA,092214.00,6341.655262,N,01054.008320,E,2,12,0.8,12.31,M,40.14,M,8.0,0907*79
2021:01:22:10:22:15.861000,1611307335.861,$GPGGA,092215.00,6341.656708,N,01054.014197,E,2,12,0.8,12.32,M,40.14,M,4.0,0907*7E
2021:01:22:10:22:16.861000,1611307336.861,$GPGGA,092216.00,6341.658151,N,01054.020056,E,2,12,0.8,12.32,M,40.14,M,5.0,0907*73
2021:01:22:10:22:17.861000,1611307337.861,$GPGGA,092217.00,6341.659609,N,01054.025924,E,2,12,0.8,12.31,M,40.14,M,6.0,0907*70
2021:01:22:10:22:18.862000,1611307338.862,$GPGGA,092218.00,6341.661072,N,01054.031776,E,2,12,0.8,12.32,M,40.14,M,7.0,0907*70
2021:01:22:10:22:19.861000,1611307339.861,$GPGGA,092219.00,6341.662554,N,01054.037588,E,2,12,0.8,12.32,M,40.14,M,8.0,0907*79
2021:01:22:10:22:20.861000,1611307340.861,$GPGGA,092220.00,6341.664039,N,01054.043400,E,2,12,0.8,12.30,M,40.14,M,9.0,0907*7A
2021:01:22:10:22:22.861000,1611307342.861,$GPGGA,092222.00,6341.666999,N,01054.055007,E,2,12,0.8,12.30,M,40.14,M,11.0,0907*44
2021:01:22:10:22:23.861000,1611307343.861,$GPGGA,092223.00,6341.668443,N,01054.060847,E,2,12,0.8,12.31,M,40.14,M,12.0,0907*49
2021:01:22:10:22:24.861000,1611307344.861,$GPGGA,092224.00,6341.669885,N,01054.066704,E,2,12,0.8,12.29,M,40.14,M,13.0,0907*4F
2021:01:22:10:22:26.861000,1611307346.861,$GPGGA,092226.00,6341.672876,N,01054.078361,E,2,12,0.7,12.28,M,40.14,M,15.0,0907*4B
2021:01:22:10:22:27.861000,1611307347.861,$GPGGA,092227.00,6341.674375,N,01054.084183,E,2,12,0.7,12.31,M,40.14,M,16.0,0907*42
2021:01:22:10:22:28.862000,1611307348.862,$GPGGA,092228.00,6341.675901,N,01054.089962,E,2,12,0.7,12.32,M,40.14,M,17.0,0907*4D
2021:01:22:10:22:30.862000,1611307350.862,$GPGGA,092230.00,6341.678932,N,01054.101592,E,2,12,0.7,12.29,M,40.14,M,19.0,0907*4F
2021:01:22:10:22:31.862000,1611307351.862,$GPGGA,092231.00,6341.680390,N,01054.107438,E,2,12,0.7,12.31,M,40.14,M,20.0,0907*4F
2021:01:22:10:22:32.862000,1611307352.862,$GPGGA,092232.00,6341.681857,N,01054.113293,E,2,12,0.7,12.30,M,40.14,M,21.0,0907*4F
2021:01:22:10:22:34.862000,1611307354.862,$GPGGA,092234.00,6341.684814,N,01054.124996,E,2,12,0.7,12.29,M,40.13,M,12.0,0907*4E
2021:01:22:10:22:35.862000,1611307355.862,$GPGGA,092235.00,6341.686282,N,01054.130820,E,2,12,0.8,12.31,M,40.13,M,13.0,0907*46
2021:01:22:10:22:36.862000,1611307356.862,$GPGGA,092236.00,6341.687776,N,01054.136616,E,2,12,0.8,12.31,M,40.13,M,8.0,0907*7D
2021:01:22:10:22:37.862000,1611307357.862,$GPGGA,092237.00,6341.689254,N,01054.142427,E,2,12,0.8,12.30,M,40.13,M,9.0,0907*74
2021:01:22:10:22:38.862000,1611307358.862,$GPGGA,092238.00,6341.690714,N,01054.148262,E,2,12,0.8,12.29,M,40.13,M,10.0,0907*4F
2021:01:22:10:22:39.862000,1611307359.862,$GPGGA,092239.00,6341.692198,N,01054.154095,E,2,12,0.8,12.28,M,40.13,M,6.0,0907*7F
2021:01:22:10:22:40.862000,1611307360.862,$GPGGA,092240.00,6341.693691,N,01054.159908,E,2,12,0.8,12.29,M,40.13,M,7.0,0907*7E
2021:01:22:10:22:42.862000,1611307362.862,$GPGGA,092242.00,6341.696701,N,01054.171513,E,2,12,0.7,12.30,M,40.13,M,9.0,0907*74
2021:01:22:10:22:43.862000,1611307363.862,$GPGGA,092243.00,6341.698224,N,01054.177322,E,2,12,0.8,12.29,M,40.13,M,5.0,0907*70
2021:01:22:10:22:44.862000,1611307364.862,$GPGGA,092244.00,6341.699750,N,01054.183110,E,2,12,0.8,12.28,M,40.13,M,6.0,0907*7A
2021:01:22:10:22:46.862000,1611307366.862,$GPGGA,092246.00,6341.702715,N,01054.194781,E,2,12,0.8,12.28,M,40.13,M,8.0,0907*7C
2021:01:22:10:22:47.862000,1611307367.862,$GPGGA,092247.00,6341.704180,N,01054.200591,E,2,12,0.8,12.30,M,40.13,M,9.0,0907*74
2021:01:22:10:22:48.862000,1611307368.862,$GPGGA,092248.00,6341.705628,N,01054.206465,E,2,12,0.8,12.28,M,40.13,M,10.0,0907*42
2021:01:22:10:22:49.862000,1611307369.862,$GPGGA,092249.00,6341.707061,N,01054.212384,E,2,12,0.8,12.28,M,40.13,M,6.0,0907*70
2021:01:22:10:22:50.862000,1611307370.862,$GPGGA,092250.00,6341.708500,N,01054.218275,E,2,12,0.8,12.30,M,40.13,M,7.0,0907*78
2021:01:22:10:22:51.862000,1611307371.862,$GPGGA,092251.00,6341.709975,N,01054.224107,E,2,12,0.7,12.30,M,40.13,M,8.0,0907*7F
2021:01:22:10:22:52.862000,1611307372.862,$GPGGA,092252.00,6341.711452,N,01054.229943,E,2,12,0.7,12.27,M,40.13,M,4.0,0907*72
2021:01:22:10:22:53.862000,1611307373.862,$GPGGA,092253.00,6341.712902,N,01054.235844,E,2,12,0.7,12.27,M,40.13,M,5.0,0907*72
2021:01:22:10:22:54.862000,1611307374.862,$GPGGA,092254.00,6341.714325,N,01054.241752,E,2,12,0.7,12.29,M,40.13,M,6.0,0907*7A
2021:01:22:10:22:55.862000,1611307375.862,$GPGGA,092255.00,6341.715751,N,01054.247663,E,2,12,0.7,12.30,M,40.13,M,7.0,0907*71
2021:01:22:10:22:56.862000,1611307376.862,$GPGGA,092256.00,6341.717183,N,01054.253561,E,2,12,0.7,12.29,M,40.13,M,8.0,0907*7A
2021:01:22:10:22:57.863000,1611307377.863,$GPGGA,092257.00,6341.718625,N,01054.259478,E,2,12,0.8,12.29,M,40.13,M,9.0,0907*72
2021:01:22:10:22:58.863000,1611307378.863,$GPGGA,092258.00,6341.720054,N,01054.265395,E,2,12,0.8,12.29,M,40.13,M,10.0,0907*45
2021:01:22:10:22:59.863000,1611307379.863,$GPGGA,092259.00,6341.721494,N,01054.271278,E,2,12,0.8,12.30,M,40.13,M,11.0,0907*43
2021:01:22:10:23:00.863000,1611307380.863,$GPGGA,092300.00,6341.722968,N,01054.277131,E,2,12,0.8,12.27,M,40.13,M,12.0,0907*4E
2021:01:22:10:23:01.863000,1611307381.863,$GPGGA,092301.00,6341.724455,N,01054.282985,E,2,12,0.8,12.29,M,40.13,M,13.0,0907*48
2021:01:22:10:23:02.863000,1611307382.863,$GPGGA,092302.00,6341.725930,N,01054.288849,E,2,12,0.8,12.28,M,40.13,M,8.0,0907*74
2021:01:22:10:23:03.863000,1611307383.863,$GPGGA,092303.00,6341.727399,N,01054.294723,E,2,12,0.8,12.27,M,40.13,M,9.0,0907*7E
2021:01:22:10:23:04.863000,1611307384.863,$GPGGA,092304.00,6341.728856,N,01054.300600,E,2,12,0.8,12.28,M,40.13,M,10.0,0907*45
2021:01:22:10:23:05.863000,1611307385.863,$GPGGA,092305.00,6341.730344,N,01054.306440,E,2,12,0.8,12.30,M,40.13,M,11.0,0907*4D
2021:01:22:10:23:06.863000,1611307386.863,$GPGGA,092306.00,6341.731821,N,01054.312291,E,2,12,0.8,12.30,M,40.13,M,7.0,0907*7F
2021:01:22:10:23:07.863000,1611307387.863,$GPGGA,092307.00,6341.733275,N,01054.318166,E,2,12,0.8,12.29,M,40.13,M,8.0,0907*71
2021:01:22:10:23:08.863000,1611307388.863,$GPGGA,092308.00,6341.734726,N,01054.324037,E,2,12,0.8,12.30,M,40.13,M,9.0,0907*79
2021:01:22:10:23:09.862000,1611307389.862,$GPGGA,092309.00,6341.736185,N,01054.329888,E,2,12,0.8,12.31,M,40.13,M,10.0,0907*4D
2021:01:22:10:23:10.862000,1611307390.862,$GPGGA,092310.00,6341.737637,N,01054.335752,E,2,12,0.7,12.30,M,40.13,M,5.0,0907*75
2021:01:22:10:23:11.862000,1611307391.862,$GPGGA,092311.00,6341.739097,N,01054.341630,E,2,12,0.7,12.29,M,40.13,M,6.0,0907*7B
2021:01:22:10:23:12.863000,1611307392.863,$GPGGA,092312.00,6341.740571,N,01054.347487,E,2,12,0.7,12.28,M,40.13,M,7.0,0907*73
2021:01:22:10:23:13.863000,1611307393.863,$GPGGA,092313.00,6341.742028,N,01054.353352,E,2,12,0.7,12.30,M,40.13,M,8.0,0907*75
2021:01:22:10:23:14.863000,1611307394.863,$GPGGA,092314.00,6341.743471,N,01054.359235,E,2,12,0.7,12.31,M,40.13,M,9.0,0907*71
2021:01:22:10:23:16.863000,1611307396.863,$GPGGA,092316.00,6341.746331,N,01054.371049,E,2,12,0.7,12.27,M,40.13,M,6.0,0907*7E
2021:01:22:10:23:17.863000,1611307397.863,$GPGGA,092317.00,6341.747767,N,01054.376938,E,2,12,0.7,12.28,M,40.13,M,7.0,0907*7F
2021:01:22:10:23:18.863000,1611307398.863,$GPGGA,092318.00,6341.749225,N,01054.382812,E,2,12,0.7,12.28,M,40.13,M,8.0,0907*70
2021:01:22:10:23:20.863000,1611307400.863,$GPGGA,092320.00,6341.752104,N,01054.394619,E,2,12,0.7,12.28,M,40.13,M,10.0,0907*4A
2021:01:22:10:23:21.863000,1611307401.863,$GPGGA,092321.00,6341.753537,N,01054.400532,E,2,12,0.8,12.28,M,40.13,M,11.0,0907*40
2021:01:22:10:23:22.863000,1611307402.863,$GPGGA,092322.00,6341.754966,N,01054.406451,E,2,12,0.8,12.28,M,40.13,M,12.0,0907*4D
2021:01:22:10:23:24.863000,1611307404.863,$GPGGA,092324.00,6341.757853,N,01054.418236,E,2,12,0.8,12.28,M,40.13,M,9.0,0907*7D
2021:01:22:10:23:25.863000,1611307405.863,$GPGGA,092325.00,6341.759283,N,01054.424152,E,2,12,0.8,12.29,M,40.13,M,10.0,0907*42
2021:01:22:10:23:26.863000,1611307406.863,$GPGGA,092326.00,6341.760713,N,01054.430045,E,2,12,0.8,12.30,M,40.13,M,11.0,0907*4C
2021:01:22:10:23:27.864000,1611307407.864,$GPGGA,092327.00,6341.762179,N,01054.435914,E,2,12,0.8,12.31,M,40.13,M,12.0,0907*4F
2021:01:22:10:23:28.864000,1611307408.864,$GPGGA,092328.00,6341.763639,N,01054.441805,E,2,12,0.8,12.30,M,40.13,M,13.0,0907*40
2021:01:22:10:23:29.864000,1611307409.864,$GPGGA,092329.00,6341.765101,N,01054.447688,E,2,12,0.8,12.30,M,40.13,M,9.0,0907*7D
2021:01:22:10:23:30.864000,1611307410.864,$GPGGA,092330.00,6341.766555,N,01054.453537,E,2,12,0.8,12.31,M,40.13,M,5.0,0907*7C
2021:01:22:10:23:32.864000,1611307412.864,$GPGGA,092332.00,6341.769480,N,01054.465245,E,2,12,0.8,12.30,M,40.13,M,7.0,0907*7C
2021:01:22:10:23:33.864000,1611307413.864,$GPGGA,092333.00,6341.770945,N,01054.471101,E,2,12,0.7,12.30,M,40.12,M,8.0,0907*76
2021:01:22:10:23:34.864000,1611307414.864,$GPGGA,092334.00,6341.772413,N,01054.476941,E,2,12,0.7,12.30,M,40.12,M,9.0,0907*77
2021:01:22:10:23:36.864000,1611307416.864,$GPGGA,092336.00,6341.775340,N,01054.488618,E,2,12,0.8,12.31,M,40.12,M,11.0,0907*46
2021:01:22:10:23:37.864000,1611307417.864,$GPGGA,092337.00,6341.776853,N,01054.494420,E,2,12,0.8,12.30,M,40.12,M,6.0,0907*7E
2021:01:22:10:23:38.864000,1611307418.864,$GPGGA,092338.00,6341.778355,N,01054.500203,E,2,12,0.8,12.29,M,40.12,M,7.0,0907*70
2021:01:22:10:23:40.863000,1611307420.863,$GPGGA,092340.00,6341.781313,N,01054.511832,E,2,12,0.7,12.28,M,40.12,M,9.0,0907*73
2021:01:22:10:23:41.864000,1611307421.864,$GPGGA,092341.00,6341.782801,N,01054.517652,E,2,12,0.7,12.27,M,40.12,M,10.0,0907*40
2021:01:22:10:23:42.864000,1611307422.864,$GPGGA,092342.00,6341.784277,N,01054.523477,E,2,12,0.7,12.27,M,40.12,M,11.0,0907*4D
2021:01:22:10:23:44.864000,1611307424.864,$GPGGA,092344.00,6341.787197,N,01054.535152,E,2,12,0.7,12.29,M,40.12,M,8.0,0907*76
2021:01:22:10:23:45.864000,1611307425.864,$GPGGA,092345.00,6341.788660,N,01054.540986,E,2,12,0.7,12.29,M,40.12,M,9.0,0907*75
2021:01:22:10:23:46.864000,1611307426.864,$GPGGA,092346.00,6341.790133,N,01054.546802,E,2,12,0.7,12.30,M,40.12,M,10.0,0907*45
2021:01:22:10:23:47.864000,1611307427.864,$GPGGA,092347.00,6341.791597,N,01054.552630,E,2,12,0.7,12.28,M,40.12,M,6.0,0907*7B
2021:01:22:10:23:48.864000,1611307428.864,$GPGGA,092348.00,6341.793049,N,01054.558483,E,2,12,0.7,12.28,M,40.12,M,7.0,0907*71
2021:01:22:10:23:49.864000,1611307429.864,$GPGGA,092349.00,6341.794461,N,01054.564367,E,2,12,0.7,12.32,M,40.12,M,8.0,0907*7F
2021:01:22:10:23:50.864000,1611307430.864,$GPGGA,092350.00,6341.795867,N,01054.570254,E,2,12,0.7,12.32,M,40.12,M,9.0,0907*79
2021:01:22:10:23:51.864000,1611307431.864,$GPGGA,092351.00,6341.797312,N,01054.576134,E,2,12,0.7,12.32,M,40.12,M,10.0,0907*48
2021:01:22:10:23:52.864000,1611307432.864,$GPGGA,092352.00,6341.798756,N,01054.582000,E,2,12,0.7,12.33,M,40.12,M,11.0,0907*4D
2021:01:22:10:23:53.864000,1611307433.864,$GPGGA,092353.00,6341.800212,N,01054.587834,E,2,12,0.7,12.36,M,40.12,M,7.0,0907*7F
2021:01:22:10:23:54.864000,1611307434.864,$GPGGA,092354.00,6341.801702,N,01054.593662,E,2,12,0.8,12.34,M,40.12,M,8.0,0907*77
2021:01:22:10:23:55.865000,1611307435.865,$GPGGA,092355.00,6341.803171,N,01054.599530,E,2,12,0.8,12.33,M,40.12,M,9.0,0907*7E
2021:01:22:10:23:56.865000,1611307436.865,$GPGGA,092356.00,6341.804610,N,01054.605395,E,2,12,0.8,12.32,M,40.12,M,10.0,0907*4C
2021:01:22:10:23:57.865000,1611307437.865,$GPGGA,092357.00,6341.806065,N,01054.611259,E,2,12,0.8,12.33,M,40.12,M,11.0,0907*4F
2021:01:22:10:23:58.865000,1611307438.865,$GPGGA,092358.00,6341.807531,N,01054.617135,E,2,12,0.8,12.34,M,40.12,M,12.0,0907*4E
2021:01:22:10:23:59.865000,1611307439.865,$GPGGA,092359.00,6341.809004,N,01054.622972,E,2,12,0.8,12.34,M,40.12,M,13.0,0907*4E
2021:01:22:10:24:00.865000,1611307440.865,$GPGGA,092400.00,6341.810495,N,01054.628804,E,2,12,0.7,12.34,M,40.12,M,8.0,0907*7E
2021:01:22:10:24:01.865000,1611307441.865,$GPGGA,092401.00,6341.811984,N,01054.634646,E,2,12,0.7,12.33,M,40.12,M,9.0,0907*70
2021:01:22:10:24:02.865000,1611307442.865,$GPGGA,092402.00,6341.813465,N,01054.640487,E,2,12,0.7,12.32,M,40.12,M,10.0,0907*46
2021:01:22:10:24:03.865000,1611307443.865,$GPGGA,092403.00,6341.814944,N,01054.646322,E,2,12,0.7,12.32,M,40.12,M,6.0,0907*77
2021:01:22:10:24:04.865000,1611307444.865,$GPGGA,092404.00,6341.816393,N,01054.652192,E,2,12,0.7,12.33,M,40.12,M,7.0,0907*7E
2021:01:22:10:24:05.865000,1611307445.865,$GPGGA,092405.00,6341.817815,N,01054.658141,E,2,12,0.8,12.31,M,40.12,M,8.0,0907*7D
2021:01:22:10:24:06.865000,1611307446.865,$GPGGA,092406.00,6341.819253,N,01054.664060,E,2,12,0.8,12.31,M,40.12,M,9.0,0907*74
2021:01:22:10:24:07.865000,1611307447.865,$GPGGA,092407.00,6341.820706,N,01054.669953,E,2,12,0.8,12.34,M,40.12,M,5.0,0907*77
2021:01:22:10:24:08.865000,1611307448.865,$GPGGA,092408.00,6341.822180,N,01054.675833,E,2,12,0.7,12.33,M,40.12,M,6.0,0907*73
2021:01:22:10:24:09.865000,1611307449.865,$GPGGA,092409.00,6341.823651,N,01054.681710,E,2,12,0.7,12.32,M,40.12,M,7.0,0907*7D
2021:01:22:10:24:10.865000,1611307450.865,$GPGGA,092410.00,6341.825114,N,01054.687610,E,2,12,0.7,12.29,M,40.12,M,8.0,0907*77
2021:01:22:10:24:11.865000,1611307451.865,$GPGGA,092411.00,6341.826553,N,01054.693527,E,2,12,0.7,12.31,M,40.12,M,9.0,0907*78
2021:01:22:10:24:12.865000,1611307452.865,$GPGGA,092412.00,6341.827971,N,01054.699454,E,2,12,0.7,12.32,M,40.12,M,10.0,0907*42
2021:01:22:10:24:13.865000,1611307453.865,$GPGGA,092413.00,6341.829401,N,01054.705353,E,2,12,0.7,12.33,M,40.12,M,5.0,0907*76
2021:01:22:10:24:14.865000,1611307454.865,$GPGGA,092414.00,6341.830837,N,01054.711253,E,2,12,0.7,12.33,M,40.12,M,6.0,0907*77
2021:01:22:10:24:15.865000,1611307455.865,$GPGGA,092415.00,6341.832260,N,01054.717169,E,2,12,0.7,12.33,M,40.12,M,7.0,0907*71
2021:01:22:10:24:16.865000,1611307456.865,$GPGGA,092416.00,6341.833681,N,01054.723059,E,2,12,0.7,12.35,M,40.12,M,8.0,0907*74
2021:01:22:10:24:18.865000,1611307458.865,$GPGGA,092418.00,6341.836609,N,01054.734762,E,2,12,0.7,12.35,M,40.12,M,10.0,0907*4F
2021:01:22:10:24:19.865000,1611307459.865,$GPGGA,092419.00,6341.838080,N,01054.740584,E,2,12,0.7,12.35,M,40.12,M,11.0,0907*4F
2021:01:22:10:24:20.865000,1611307460.865,$GPGGA,092420.00,6341.839557,N,01054.746405,E,2,12,0.7,12.34,M,40.12,M,7.0,0907*73
2021:01:22:10:24:22.866000,1611307462.866,$GPGGA,092422.00,6341.842473,N,01054.758128,E,2,12,0.7,12.34,M,40.12,M,9.0,0907*71
2021:01:22:10:24:23.866000,1611307463.866,$GPGGA,092423.00,6341.843952,N,01054.763945,E,2,12,0.7,12.32,M,40.12,M,10.0,0907*4A
2021:01:22:10:24:24.866000,1611307464.866,$GPGGA,092424.00,6341.845431,N,01054.769774,E,2,12,0.7,12.32,M,40.12,M,11.0,0907*44
2021:01:22:10:24:26.866000,1611307466.866,$GPGGA,092426.00,6341.848413,N,01054.781350,E,2,12,0.7,12.33,M,40.12,M,8.0,0907*76
2021:01:22:10:24:27.866000,1611307467.866,$GPGGA,092427.00,6341.849902,N,01054.787178,E,2,12,0.8,12.33,M,40.12,M,9.0,0907*7B
2021:01:22:10:24:28.866000,1611307468.866,$GPGGA,092428.00,6341.851394,N,01054.793006,E,2,12,0.8,12.32,M,40.12,M,10.0,0907*4C
2021:01:22:10:24:30.866000,1611307470.866,$GPGGA,092430.00,6341.854421,N,01054.804600,E,2,12,0.8,12.33,M,40.12,M,7.0,0907*7F
2021:01:22:10:24:31.866000,1611307471.866,$GPGGA,092431.00,6341.855889,N,01054.810435,E,2,12,0.8,12.34,M,40.12,M,8.0,0907*78
2021:01:22:10:24:32.866000,1611307472.866,$GPGGA,092432.00,6341.857358,N,01054.816288,E,2,12,0.8,12.35,M,40.12,M,9.0,0907*78
2021:01:22:10:24:34.866000,1611307474.866,$GPGGA,092434.00,6341.860369,N,01054.827946,E,2,12,0.8,12.33,M,40.11,M,5.0,0907*7A
2021:01:22:10:24:35.866000,1611307475.866,$GPGGA,092435.00,6341.861861,N,01054.833757,E,2,12,0.8,12.33,M,40.11,M,6.0,0907*71
2021:01:22:10:24:36.866000,1611307476.866,$GPGGA,092436.00,6341.863343,N,01054.839565,E,2,12,0.7,12.33,M,40.11,M,7.0,0907*7C
2021:01:22:10:24:38.866000,1611307478.866,$GPGGA,092438.00,6341.866266,N,01054.851241,E,2,12,0.7,12.34,M,40.11,M,9.0,0907*77
2021:01:22:10:24:39.866000,1611307479.866,$GPGGA,092439.00,6341.867764,N,01054.857029,E,2,12,0.7,12.33,M,40.11,M,10.0,0907*45
2021:01:22:10:24:40.866000,1611307480.866,$GPGGA,092440.00,6341.869260,N,01054.862833,E,2,12,0.7,12.32,M,40.11,M,6.0,0907*77
2021:01:22:10:24:42.866000,1611307482.866,$GPGGA,092442.00,6341.872272,N,01054.874430,E,2,12,0.7,12.34,M,40.11,M,8.0,0907*7C
2021:01:22:10:24:43.866000,1611307483.866,$GPGGA,092443.00,6341.873798,N,01054.880192,E,2,12,0.7,12.33,M,40.11,M,9.0,0907*7D
2021:01:22:10:24:44.866000,1611307484.866,$GPGGA,092444.00,6341.875295,N,01054.886003,E,2,12,0.7,12.31,M,40.11,M,5.0,0907*75
2021:01:22:10:24:46.866000,1611307486.866,$GPGGA,092446.00,6341.878269,N,01054.897635,E,2,12,0.7,12.33,M,40.11,M,7.0,0907*7A
2021:01:22:10:24:47.866000,1611307487.866,$GPGGA,092447.00,6341.879736,N,01054.903457,E,2,12,0.7,12.33,M,40.11,M,8.0,0907*70
2021:01:22:10:24:48.866000,1611307488.866,$GPGGA,092448.00,6341.881220,N,01054.909266,E,2,12,0.7,12.32,M,40.11,M,9.0,0907*74
2021:01:22:10:24:50.867000,1611307490.867,$GPGGA,092450.00,6341.884209,N,01054.920931,E,2,12,0.7,12.30,M,40.11,M,6.0,0907*7C
2021:01:22:10:24:51.867000,1611307491.867,$GPGGA,092451.00,6341.885674,N,01054.926788,E,2,12,0.7,12.32,M,40.11,M,7.0,0907*7B
2021:01:22:10:24:52.867000,1611307492.867,$GPGGA,092452.00,6341.887149,N,01054.932625,E,2,12,0.7,12.34,M,40.11,M,8.0,0907*79
2021:01:22:10:24:53.867000,1611307493.867,$GPGGA,092453.00,6341.888626,N,01054.938468,E,2,12,0.7,12.34,M,40.11,M,4.0,0907*74
2021:01:22:10:24:54.867000,1611307494.867,$GPGGA,092454.00,6341.890103,N,01054.944333,E,2,12,0.7,12.31,M,40.11,M,5.0,0907*7C
2021:01:22:10:24:55.867000,1611307495.867,$GPGGA,092455.00,6341.891581,N,01054.950181,E,2,12,0.8,12.30,M,40.11,M,6.0,0907*71
2021:01:22:10:24:56.867000,1611307496.867,$GPGGA,092456.00,6341.893069,N,01054.955986,E,2,12,0.8,12.31,M,40.11,M,7.0,0907*79
2021:01:22:10:24:57.867000,1611307497.867,$GPGGA,092457.00,6341.894558,N,01054.961793,E,2,12,0.8,12.31,M,40.11,M,8.0,0907*7A
2021:01:22:10:24:58.867000,1611307498.867,$GPGGA,092458.00,6341.896047,N,01054.967622,E,2,12,0.8,12.31,M,40.11,M,9.0,0907*70
2021:01:22:10:24:59.867000,1611307499.867,$GPGGA,092459.00,6341.897527,N,01054.973443,E,2,12,0.8,12.30,M,40.11,M,10.0,0907*4A
2021:01:22:10:25:00.867000,1611307500.867,$GPGGA,092500.00,6341.899026,N,01054.979222,E,2,12,0.8,12.31,M,40.11,M,11.0,0907*46
2021:01:22:10:25:01.867000,1611307501.867,$GPGGA,092501.00,6341.900553,N,01054.984970,E,2,12,0.8,12.30,M,40.11,M,6.0,0907*78
2021:01:22:10:25:02.867000,1611307502.867,$GPGGA,092502.00,6341.902076,N,01054.990752,E,2,12,0.8,12.30,M,40.11,M,7.0,0907*71
2021:01:22:10:25:03.868000,1611307503.868,$GPGGA,092503.00,6341.903593,N,01054.996547,E,2,12,0.8,12.28,M,40.11,M,8.0,0907*79
2021:01:22:10:25:04.868000,1611307504.868,$GPGGA,092504.00,6341.905126,N,01055.002292,E,2,12,0.8,12.29,M,40.11,M,9.0,0907*78
2021:01:22:10:25:05.867000,1611307505.867,$GPGGA,092505.00,6341.906633,N,01055.008087,E,2,12,0.8,12.31,M,40.11,M,10.0,0907*44
2021:01:22:10:25:06.867000,1611307506.867,$GPGGA,092506.00,6341.908114,N,01055.013933,E,2,12,0.7,12.31,M,40.11,M,11.0,0907*49
2021:01:22:10:25:07.867000,1611307507.867,$GPGGA,092507.00,6341.909591,N,01055.019778,E,2,12,0.8,12.31,M,40.11,M,7.0,0907*73
2021:01:22:10:25:08.867000,1611307508.867,$GPGGA,092508.00,6341.911079,N,01055.025591,E,2,12,0.8,12.31,M,40.11,M,8.0,0907*73
2021:01:22:10:25:09.867000,1611307509.867,$GPGGA,092509.00,6341.912574,N,01055.031396,E,2,12,0.8,12.31,M,40.11,M,9.0,0907*7C
2021:01:22:10:25:10.867000,1611307510.867,$GPGGA,092510.00,6341.914062,N,01055.037216,E,2,12,0.8,12.29,M,40.11,M,10.0,0907*4E
2021:01:22:10:25:11.867000,1611307511.867,$GPGGA,092511.00,6341.915533,N,01055.043057,E,2,12,0.8,12.30,M,40.11,M,6.0,0907*74
2021:01:22:10:25:12.867000,1611307512.867,$GPGGA,092512.00,6341.916973,N,01055.048920,E,2,12,0.7,12.32,M,40.11,M,7.0,0907*72
2021:01:22:10:25:13.867000,1611307513.867,$GPGGA,092513.00,6341.918431,N,01055.054766,E,2,12,0.7,12.30,M,40.11,M,8.0,0907*7A
2021:01:22:10:25:14.867000,1611307514.867,$GPGGA,092514.00,6341.919884,N,01055.060635,E,2,12,0.7,12.30,M,40.11,M,9.0,0907*7F
2021:01:22:10:25:15.867000,1611307515.867,$GPGGA,092515.00,6341.921338,N,01055.066520,E,2,12,0.8,12.30,M,40.11,M,10.0,0907*4F
2021:01:22:10:25:16.867000,1611307516.867,$GPGGA,092516.00,6341.922803,N,01055.072359,E,2,12,0.8,12.30,M,40.11,M,11.0,0907*40
2021:01:22:10:25:17.868000,1611307517.868,$GPGGA,092517.00,6341.924277,N,01055.078188,E,2,12,0.8,12.30,M,40.11,M,7.0,0907*7D
2021:01:22:10:25:18.868000,1611307518.868,$GPGGA,092518.00,6341.925774,N,01055.084012,E,2,12,0.7,12.30,M,40.11,M,8.0,0907*74
2021:01:22:10:25:20.868000,1611307520.868,$GPGGA,092520.00,6341.928730,N,01055.095699,E,2,12,0.8,12.28,M,40.11,M,10.0,0907*48
2021:01:22:10:25:21.868000,1611307521.868,$GPGGA,092521.00,6341.930197,N,01055.101569,E,2,12,0.8,12.30,M,40.11,M,11.0,0907*43
2021:01:22:10:25:22.868000,1611307522.868,$GPGGA,092522.00,6341.931681,N,01055.107425,E,2,12,0.7,12.32,M,40.11,M,12.0,0907*40
2021:01:22:10:25:24.868000,1611307524.868,$GPGGA,092524.00,6341.934672,N,01055.119135,E,2,12,0.7,12.30,M,40.11,M,9.0,0907*7C
2021:01:22:10:25:25.868000,1611307525.868,$GPGGA,092525.00,6341.936156,N,01055.124956,E,2,12,0.7,12.30,M,40.11,M,10.0,0907*45
2021:01:22:10:25:26.868000,1611307526.868,$GPGGA,092526.00,6341.937657,N,01055.130779,E,2,12,0.7,12.29,M,40.11,M,11.0,0907*4E
2021:01:22:10:25:28.868000,1611307528.868,$GPGGA,092528.00,6341.940612,N,01055.142485,E,2,12,0.7,12.28,M,40.11,M,8.0,0907*7D
2021:01:22:10:25:29.868000,1611307529.868,$GPGGA,092529.00,6341.942090,N,01055.148319,E,2,12,0.7,12.30,M,40.11,M,9.0,0907*72
2021:01:22:10:25:30.868000,1611307530.868,$GPGGA,092530.00,6341.943580,N,01055.154150,E,2,12,0.8,12.30,M,40.11,M,10.0,0907*4A
2021:01:22:10:25:32.869000,1611307532.869,$GPGGA,092532.00,6341.946544,N,01055.165828,E,2,12,0.8,12.28,M,40.11,M,12.0,0907*4A
2021:01:22:10:25:33.869000,1611307533.869,$GPGGA,092533.00,6341.948052,N,01055.171620,E,2,12,0.8,12.29,M,40.10,M,13.0,0907*45
2021:01:22:10:25:34.868000,1611307534.868,$GPGGA,092534.00,6341.949585,N,01055.177376,E,2,12,0.8,12.30,M,40.10,M,9.0,0907*7F
2021:01:22:10:25:36.868000,1611307536.868,$GPGGA,092536.00,6341.952647,N,01055.188926,E,2,12,0.7,12.28,M,40.10,M,11.0,0907*4A
2021:01:22:10:25:37.868000,1611307537.868,$GPGGA,092537.00,6341.954159,N,01055.194711,E,2,12,0.7,12.27,M,40.10,M,12.0,0907*4E
2021:01:22:10:25:38.868000,1611307538.868,$GPGGA,092538.00,6341.955666,N,01055.200499,E,2,12,0.7,12.30,M,40.10,M,7.0,0907*74
2021:01:22:10:25:40.868000,1611307540.868,$GPGGA,092540.00,6341.958714,N,01055.212059,E,2,12,0.7,12.29,M,40.10,M,9.0,0907*7F
2021:01:22:10:25:41.868000,1611307541.868,$GPGGA,092541.00,6341.960213,N,01055.217848,E,2,12,0.7,12.30,M,40.10,M,5.0,0907*7E
2021:01:22:10:25:42.868000,1611307542.868,$GPGGA,092542.00,6341.961710,N,01055.223652,E,2,12,0.7,12.31,M,40.10,M,6.0,0907*7A
2021:01:22:10:25:44.868000,1611307544.868,$GPGGA,092544.00,6341.964699,N,01055.235308,E,2,12,0.7,12.28,M,40.10,M,8.0,0907*72
2021:01:22:10:25:45.868000,1611307545.868,$GPGGA,092545.00,6341.966200,N,01055.241137,E,2,12,0.7,12.29,M,40.10,M,9.0,0907*78
2021:01:22:10:25:46.868000,1611307546.868,$GPGGA,092546.00,6341.967701,N,01055.246991,E,2,12,0.7,12.28,M,40.10,M,10.0,0907*44
2021:01:22:10:25:48.869000,1611307548.869,$GPGGA,092548.00,6341.970630,N,01055.258720,E,2,12,0.8,12.30,M,40.10,M,7.0,0907*74
2021:01:22:10:25:49.869000,1611307549.869,$GPGGA,092549.00,6341.972099,N,01055.264575,E,2,12,0.8,12.29,M,40.10,M,8.0,0907*78
2021:01:22:10:25:50.869000,1611307550.869,$GPGGA,092550.00,6341.973572,N,01055.270437,E,2,12,0.8,12.29,M,40.10,M,9.0,0907*72
2021:01:22:10:25:52.869000,1611307552.869,$GPGGA,092552.00,6341.976461,N,01055.282197,E,2,12,0.7,12.30,M,40.10,M,11.0,0907*4A
2021:01:22:10:25:53.869000,1611307553.869,$GPGGA,092553.00,6341.977902,N,01055.288066,E,2,12,0.7,12.29,M,40.10,M,12.0,0907*4C
2021:01:22:10:25:54.869000,1611307554.869,$GPGGA,092554.00,6341.979359,N,01055.293930,E,2,12,0.7,12.27,M,40.10,M,7.0,0907*7B
2021:01:22:10:25:55.869000,1611307555.869,$GPGGA,092555.00,6341.980800,N,01055.299813,E,2,12,0.7,12.29,M,40.10,M,8.0,0907*70
2021:01:22:10:25:56.869000,1611307556.869,$GPGGA,092556.00,6341.982257,N,01055.305655,E,2,12,0.7,12.30,M,40.10,M,9.0,0907*78
2021:01:22:10:25:57.869000,1611307557.869,$GPGGA,092557.00,6341.983734,N,01055.311469,E,2,12,0.7,12.31,M,40.10,M,10.0,0907*49
2021:01:22:10:25:58.869000,1611307558.869,$GPGGA,092558.00,6341.985229,N,01055.317274,E,2,12,0.7,12.30,M,40.10,M,6.0,0907*73
2021:01:22:10:25:59.869000,1611307559.869,$GPGGA,092559.00,6341.986710,N,01055.323123,E,2,12,0.7,12.29,M,40.10,M,7.0,0907*71
2021:01:22:10:26:00.869000,1611307560.869,$GPGGA,092600.00,6341.988183,N,01055.328952,E,2,12,0.7,12.30,M,40.10,M,8.0,0907*7E
2021:01:22:10:26:01.870000,1611307561.87,$GPGGA,092601.00,6341.989662,N,01055.334767,E,2,12,0.7,12.28,M,40.10,M,9.0,0907*7B
2021:01:22:10:26:02.869000,1611307562.869,$GPGGA,092602.00,6341.991152,N,01055.340574,E,2,12,0.7,12.28,M,40.10,M,10.0,0907*4E
2021:01:22:10:26:03.869000,1611307563.869,$GPGGA,092603.00,6341.992641,N,01055.346390,E,2,12,0.8,12.31,M,40.10,M,11.0,0907*45
2021:01:22:10:26:04.869000,1611307564.869,$GPGGA,092604.00,6341.994154,N,01055.352158,E,2,12,0.8,12.30,M,40.10,M,6.0,0907*73
2021:01:22:10:26:05.869000,1611307565.869,$GPGGA,092605.00,6341.995654,N,01055.357918,E,2,12,0.8,12.31,M,40.10,M,7.0,0907*7D
2021:01:22:10:26:06.869000,1611307566.869,$GPGGA,092606.00,6341.997150,N,01055.363728,E,2,12,0.8,12.28,M,40.10,M,8.0,0907*72
2021:01:22:10:26:07.869000,1611307567.869,$GPGGA,092607.00,6341.998647,N,01055.369514,E,2,12,0.8,12.28,M,40.10,M,4.0,0907*76
2021:01:22:10:26:08.869000,1611307568.869,$GPGGA,092608.00,6342.000163,N,01055.375284,E,2,12,0.7,12.30,M,40.10,M,5.0,0907*77
2021:01:22:10:26:09.869000,1611307569.869,$GPGGA,092609.00,6342.001686,N,01055.381021,E,2,12,0.7,12.30,M,40.10,M,6.0,0907*7E
2021:01:22:10:26:10.869000,1611307570.869,$GPGGA,092610.00,6342.003177,N,01055.386834,E,2,12,0.8,12.30,M,40.10,M,7.0,0907*78
2021:01:22:10:26:11.869000,1611307571.869,$GPGGA,092611.00,6342.004657,N,01055.392677,E,2,12,0.8,12.27,M,40.10,M,8.0,0907*7E
2021:01:22:10:26:12.869000,1611307572.869,$GPGGA,092612.00,6342.006128,N,01055.398487,E,2,12,0.8,12.30,M,40.10,M,9.0,0907*70
2021:01:22:10:26:13.869000,1611307573.869,$GPGGA,092613.00,6342.007625,N,01055.404249,E,2,12,0.8,12.31,M,40.10,M,10.0,0907*45
2021:01:22:10:26:14.869000,1611307574.869,$GPGGA,092614.00,6342.009132,N,01055.410032,E,2,12,0.8,12.30,M,40.10,M,6.0,0907*70
2021:01:22:10:26:15.869000,1611307575.869,$GPGGA,092615.00,6342.010599,N,01055.415898,E,2,12,0.8,12.29,M,40.10,M,7.0,0907*78
2021:01:22:10:26:16.870000,1611307576.87,$GPGGA,092616.00,6342.012038,N,01055.421776,E,2,12,0.8,12.29,M,40.10,M,8.0,0907*70
2021:01:22:10:26:17.870000,1611307577.87,$GPGGA,092617.00,6342.013485,N,01055.427601,E,2,12,0.8,12.29,M,40.10,M,9.0,0907*74
2021:01:22:10:26:18.870000,1611307578.87,$GPGGA,092618.00,6342.014949,N,01055.433399,E,2,12,0.8,12.29,M,40.10,M,10.0,0907*48
2021:01:22:10:26:19.870000,1611307579.87,$GPGGA,092619.00,6342.016413,N,01055.439231,E,2,12,0.8,12.27,M,40.10,M,11.0,0907*4F
2021:01:22:10:26:20.870000,1611307580.87,$GPGGA,092620.00,6342.017859,N,01055.445092,E,2,12,0.8,12.28,M,40.10,M,12.0,0907*4A
2021:01:22:10:26:22.870000,1611307582.87,$GPGGA,092622.00,6342.020736,N,01055.456813,E,2,12,0.8,12.30,M,40.10,M,8.0,0907*7B
2021:01:22:10:26:23.870000,1611307583.87,$GPGGA,092623.00,6342.022201,N,01055.462652,E,2,12,0.8,12.30,M,40.10,M,9.0,0907*74
2021:01:22:10:26:24.870000,1611307584.87,$GPGGA,092624.00,6342.023669,N,01055.468510,E,2,12,0.8,12.29,M,40.10,M,10.0,0907*47
2021:01:22:10:26:26.870000,1611307586.87,$GPGGA,092626.00,6342.026583,N,01055.480231,E,2,12,0.8,12.29,M,40.10,M,12.0,0907*47
2021:01:22:10:26:27.870000,1611307587.87,$GPGGA,092627.00,6342.028041,N,01055.486056,E,2,12,0.7,12.29,M,40.10,M,8.0,0907*72
2021:01:22:10:26:28.870000,1611307588.87,$GPGGA,092628.00,6342.029511,N,01055.491909,E,2,12,0.7,12.28,M,40.10,M,9.0,0907*79
2021:01:22:10:26:30.870000,1611307590.87,$GPGGA,092630.00,6342.032436,N,01055.503627,E,2,12,0.7,12.27,M,40.10,M,11.0,0907*41
2021:01:22:10:26:31.870000,1611307591.87,$GPGGA,092631.00,6342.033892,N,01055.509479,E,2,12,0.7,12.26,M,40.10,M,7.0,0907*76
2021:01:22:10:26:32.870000,1611307592.87,$GPGGA,092632.00,6342.035352,N,01055.515351,E,2,12,0.7,12.26,M,40.10,M,8.0,0907*7B
2021:01:22:10:26:34.870000,1611307594.87,$GPGGA,092634.00,6342.038307,N,01055.527079,E,2,12,0.7,12.27,M,40.09,M,10.0,0907*48
2021:01:22:10:26:35.870000,1611307595.87,$GPGGA,092635.00,6342.039797,N,01055.532907,E,2,12,0.7,12.28,M,40.09,M,11.0,0907*4F
2021:01:22:10:26:36.870000,1611307596.87,$GPGGA,092636.00,6342.041287,N,01055.538722,E,2,12,0.8,12.28,M,40.09,M,12.0,0907*48
2021:01:22:10:26:38.870000,1611307598.87,$GPGGA,092638.00,6342.044233,N,01055.550449,E,2,12,0.8,12.27,M,40.09,M,9.0,0907*79
2021:01:22:10:26:39.870000,1611307599.87,$GPGGA,092639.00,6342.045682,N,01055.556348,E,2,12,0.8,12.27,M,40.09,M,10.0,0907*4F
2021:01:22:10:26:40.870000,1611307600.87,$GPGGA,092640.00,6342.047121,N,01055.562249,E,2,12,0.7,12.28,M,40.09,M,11.0,0907*4B
2021:01:22:10:26:42.870000,1611307602.87,$GPGGA,092642.00,6342.049945,N,01055.574160,E,2,12,0.7,12.29,M,40.09,M,8.0,0907*7B
2021:01:22:10:26:43.870000,1611307603.87,$GPGGA,092643.00,6342.051334,N,01055.580111,E,2,12,0.8,12.28,M,40.09,M,9.0,0907*7D
2021:01:22:10:26:44.870000,1611307604.87,$GPGGA,092644.00,6342.052756,N,01055.586032,E,2,12,0.8,12.30,M,40.09,M,10.0,0907*4E
2021:01:22:10:26:46.871000,1611307606.871,$GPGGA,092646.00,6342.055625,N,01055.597856,E,2,12,0.8,12.28,M,40.09,M,6.0,0907*7A
2021:01:22:10:26:47.871000,1611307607.871,$GPGGA,092647.00,6342.057079,N,01055.603749,E,2,12,0.8,12.26,M,40.09,M,7.0,0907*76
2021:01:22:10:26:48.871000,1611307608.871,$GPGGA,092648.00,6342.058523,N,01055.609639,E,2,12,0.8,12.26,M,40.09,M,8.0,0907*7F
2021:01:22:10:26:50.871000,1611307610.871,$GPGGA,092650.00,6342.061373,N,01055.621444,E,2,12,0.8,12.29,M,40.09,M,10.0,0907*4B
2021:01:22:10:26:51.871000,1611307611.871,$GPGGA,092651.00,6342.062794,N,01055.627359,E,2,12,0.8,12.28,M,40.09,M,6.0,0907*7F
2021:01:22:10:26:52.871000,1611307612.871,$GPGGA,092652.00,6342.064227,N,01055.633288,E,2,12,0.7,12.27,M,40.09,M,7.0,0907*7E
2021:01:22:10:26:54.871000,1611307614.871,$GPGGA,092654.00,6342.067112,N,01055.645091,E,2,12,0.7,12.32,M,40.09,M,4.0,0907*72
2021:01:22:10:26:55.871000,1611307615.871,$GPGGA,092655.00,6342.068585,N,01055.650963,E,2,12,0.8,12.29,M,40.09,M,5.0,0907*72
2021:01:22:10:26:56.871000,1611307616.871,$GPGGA,092656.00,6342.070087,N,01055.656812,E,2,12,0.8,12.28,M,40.09,M,6.0,0907*7C
2021:01:22:10:26:58.870000,1611307618.87,$GPGGA,092658.00,6342.073072,N,01055.668482,E,2,12,0.7,12.27,M,40.09,M,8.0,0907*7D
2021:01:22:10:26:59.871000,1611307619.871,$GPGGA,092659.00,6342.074560,N,01055.674333,E,2,12,0.7,12.28,M,40.09,M,9.0,0907*73
2021:01:22:10:27:00.870000,1611307620.87,$GPGGA,092700.00,6342.076039,N,01055.680188,E,2,12,0.7,12.28,M,40.09,M,10.0,0907*44
2021:01:22:10:27:01.871000,1611307621.871,$GPGGA,092701.00,6342.077528,N,01055.686009,E,2,12,0.7,12.28,M,40.09,M,11.0,0907*4E
2021:01:22:10:27:02.871000,1611307622.871,$GPGGA,092702.00,6342.079022,N,01055.691833,E,2,12,0.7,12.27,M,40.09,M,6.0,0907*72
2021:01:22:10:27:03.871000,1611307623.871,$GPGGA,092703.00,6342.080518,N,01055.697664,E,2,12,0.7,12.26,M,40.09,M,7.0,0907*73
2021:01:22:10:27:04.871000,1611307624.871,$GPGGA,092704.00,6342.082018,N,01055.703476,E,2,12,0.7,12.26,M,40.09,M,8.0,0907*71
2021:01:22:10:27:05.871000,1611307625.871,$GPGGA,092705.00,6342.083515,N,01055.709264,E,2,12,0.7,12.26,M,40.09,M,9.0,0907*77
2021:01:22:10:27:06.871000,1611307626.871,$GPGGA,092706.00,6342.085002,N,01055.715089,E,2,12,0.7,12.26,M,40.09,M,10.0,0907*45
2021:01:22:10:27:07.871000,1611307627.871,$GPGGA,092707.00,6342.086469,N,01055.720939,E,2,12,0.7,12.27,M,40.09,M,11.0,0907*4A
2021:01:22:10:27:08.871000,1611307628.871,$GPGGA,092708.00,6342.087926,N,01055.726817,E,2,12,0.7,12.27,M,40.09,M,7.0,0907*7E
2021:01:22:10:27:09.871000,1611307629.871,$GPGGA,092709.00,6342.089381,N,01055.732738,E,2,12,0.7,12.26,M,40.09,M,8.0,0907*7F
2021:01:22:10:27:10.871000,1611307630.871,$GPGGA,092710.00,6342.090838,N,01055.738624,E,2,12,0.7,12.27,M,40.09,M,9.0,0907*70
2021:01:22:10:27:11.871000,1611307631.871,$GPGGA,092711.00,6342.092298,N,01055.744508,E,2,12,0.7,12.28,M,40.09,M,10.0,0907*42
2021:01:22:10:27:12.871000,1611307632.871,$GPGGA,092712.00,6342.093756,N,01055.750426,E,2,12,0.7,12.27,M,40.09,M,5.0,0907*74
2021:01:22:10:27:13.871000,1611307633.871,$GPGGA,092713.00,6342.095203,N,01055.756335,E,2,12,0.7,12.26,M,40.09,M,6.0,0907*77
2021:01:22:10:27:14.871000,1611307634.871,$GPGGA,092714.00,6342.096654,N,01055.762221,E,2,12,0.7,12.26,M,40.09,M,7.0,0907*77
2021:01:22:10:27:15.872000,1611307635.872,$GPGGA,092715.00,6342.098075,N,01055.768132,E,2,12,0.7,12.25,M,40.09,M,8.0,0907*7A
2021:01:22:10:27:16.872000,1611307636.872,$GPGGA,092716.00,6342.099494,N,01055.774045,E,2,12,0.7,12.26,M,40.09,M,9.0,0907*7D
2021:01:22:10:27:17.872000,1611307637.872,$GPGGA,092717.00,6342.100917,N,01055.779959,E,2,12,0.8,12.25,M,40.09,M,10.0,0907*46
2021:01:22:10:27:18.872000,1611307638.872,$GPGGA,092718.00,6342.102327,N,01055.785909,E,2,12,0.7,12.26,M,40.09,M,6.0,0907*7F
2021:01:22:10:27:19.872000,1611307639.872,$GPGGA,092719.00,6342.103756,N,01055.791820,E,2,12,0.7,12.26,M,40.09,M,7.0,0907*73
2021:01:22:10:27:20.872000,1611307640.872,$GPGGA,092720.00,6342.105202,N,01055.797693,E,2,12,0.7,12.27,M,40.09,M,8.0,0907*75
2021:01:22:10:27:21.872000,1611307641.872,$GPGGA,092721.00,6342.106654,N,01055.803591,E,2,12,0.7,12.25,M,40.09,M,9.0,0907*70
2021:01:22:10:27:22.872000,1611307642.872,$GPGGA,092722.00,6342.108088,N,01055.809541,E,2,12,0.7,12.23,M,40.09,M,5.0,0907*77
2021:01:22:10:27:24.872000,1611307644.872,$GPGGA,092724.00,6342.110908,N,01055.821476,E,2,12,0.7,12.24,M,40.09,M,7.0,0907*73
2021:01:22:10:27:25.872000,1611307645.872,$GPGGA,092725.00,6342.112341,N,01055.827411,E,2,12,0.7,12.25,M,40.09,M,8.0,0907*7E
2021:01:22:10:27:26.872000,1611307646.872,$GPGGA,092726.00,6342.113768,N,01055.833340,E,2,12,0.7,12.26,M,40.09,M,9.0,0907*77
2021:01:22:10:27:28.871000,1611307648.871,$GPGGA,092728.00,6342.116629,N,01055.845241,E,2,12,0.7,12.24,M,40.09,M,6.0,0907*74
2021:01:22:10:27:29.871000,1611307649.871,$GPGGA,092729.00,6342.118062,N,01055.851166,E,2,12,0.7,12.24,M,40.09,M,7.0,0907*70
2021:01:22:10:27:30.872000,1611307650.872,$GPGGA,092730.00,6342.119498,N,01055.857081,E,2,12,0.7,12.25,M,40.09,M,8.0,0907*78
2021:01:22:10:27:32.872000,1611307652.872,$GPGGA,092732.00,6342.122379,N,01055.868939,E,2,12,0.7,12.22,M,40.08,M,10.0,0907*43
2021:01:22:10:27:33.872000,1611307653.872,$GPGGA,092733.00,6342.123820,N,01055.874881,E,2,12,0.7,12.24,M,40.08,M,11.0,0907*4C
2021:01:22:10:27:34.872000,1611307654.872,$GPGGA,092734.00,6342.125253,N,01055.880784,E,2,12,0.7,12.24,M,40.08,M,12.0,0907*41
2021:01:22:10:27:36.872000,1611307656.872,$GPGGA,092736.00,6342.128208,N,01055.892576,E,2,12,0.7,12.23,M,40.08,M,8.0,0907*70
2021:01:22:10:27:37.872000,1611307657.872,$GPGGA,092737.00,6342.129657,N,01055.898505,E,2,12,0.7,12.24,M,40.08,M,9.0,0907*76
2021:01:22:10:27:38.872000,1611307658.872,$GPGGA,092738.00,6342.131109,N,01055.904416,E,2,12,0.7,12.25,M,40.08,M,10.0,0907*42
2021:01:22:10:27:39.872000,1611307659.872,$GPGGA,092739.00,6342.132600,N,01055.910267,E,2,12,0.7,12.27,M,40.08,M,11.0,0907*48
2021:01:22:10:27:40.872000,1611307660.872,$GPGGA,092740.00,6342.134096,N,01055.916128,E,2,12,0.7,12.25,M,40.08,M,12.0,0907*46
2021:01:22:10:27:41.872000,1611307661.872,$GPGGA,092741.00,6342.135589,N,01055.921970,E,2,12,0.7,12.25,M,40.08,M,13.0,0907*4D
2021:01:22:10:27:42.872000,1611307662.872,$GPGGA,092742.00,6342.137093,N,01055.927810,E,2,12,0.7,12.25,M,40.08,M,14.0,0907*44
2021:01:22:10:27:44.872000,1611307664.872,$GPGGA,092744.00,6342.140059,N,01055.939543,E,2,12,0.7,12.26,M,40.08,M,16.0,0907*41
2021:01:22:10:27:45.873000,1611307665.873,$GPGGA,092745.00,6342.141549,N,01055.945414,E,2,12,0.7,12.27,M,40.08,M,12.0,0907*48
2021:01:22:10:27:46.873000,1611307666.873,$GPGGA,092746.00,6342.143064,N,01055.951249,E,2,12,0.7,12.27,M,40.08,M,13.0,0907*49
2021:01:22:10:27:48.873000,1611307668.873,$GPGGA,092748.00,6342.146105,N,01055.962901,E,2,12,0.7,12.25,M,40.08,M,15.0,0907*47
2021:01:22:10:27:49.873000,1611307669.873,$GPGGA,092749.00,6342.147631,N,01055.968722,E,2,12,0.7,12.25,M,40.08,M,5.0,0907*73
2021:01:22:10:27:50.873000,1611307670.873,$GPGGA,092750.00,6342.149150,N,01055.974545,E,2,12,0.7,12.25,M,40.08,M,6.0,0907*78
2021:01:22:10:27:52.873000,1611307672.873,$GPGGA,092752.00,6342.152145,N,01055.986258,E,2,12,0.7,12.26,M,40.08,M,8.0,0907*7F
2021:01:22:10:27:53.873000,1611307673.873,$GPGGA,092753.00,6342.153634,N,01055.992127,E,2,12,0.7,12.27,M,40.08,M,9.0,0907*70
2021:01:22:10:27:54.873000,1611307674.873,$GPGGA,092754.00,6342.155155,N,01055.997969,E,2,12,0.7,12.27,M,40.08,M,10.0,0907*4E
2021:01:22:10:27:56.872000,1611307676.872,$GPGGA,092756.00,6342.158200,N,01056.009632,E,2,12,0.7,12.25,M,40.08,M,6.0,0907*7B
2021:01:22:10:27:57.872000,1611307677.872,$GPGGA,092757.00,6342.159693,N,01056.015470,E,2,12,0.7,12.26,M,40.08,M,7.0,0907*7E
2021:01:22:10:27:58.872000,1611307678.872,$GPGGA,092758.00,6342.161180,N,01056.021337,E,2,12,0.7,12.26,M,40.08,M,8.0,0907*73
2021:01:22:10:27:59.872000,1611307679.872,$GPGGA,092759.00,6342.162658,N,01056.027251,E,2,12,0.7,12.25,M,40.08,M,9.0,0907*76
2021:01:22:10:28:00.873000,1611307680.873,$GPGGA,092800.00,6342.164112,N,01056.033175,E,2,12,0.7,12.25,M,40.08,M,10.0,0907*42
2021:01:22:10:28:01.873000,1611307681.873,$GPGGA,092801.00,6342.165570,N,01056.039089,E,2,12,0.7,12.25,M,40.08,M,11.0,0907*4B
2021:01:22:10:28:02.873000,1611307682.873,$GPGGA,092802.00,6342.167043,N,01056.044976,E,2,12,0.7,12.24,M,40.08,M,7.0,0907*7A
2021:01:22:10:28:03.873000,1611307683.873,$GPGGA,092803.00,6342.168522,N,01056.050869,E,2,12,0.7,12.24,M,40.08,M,8.0,0907*73
2021:01:22:10:28:04.873000,1611307684.873,$GPGGA,092804.00,6342.169989,N,01056.056767,E,2,12,0.7,12.24,M,40.08,M,9.0,0907*7E
2021:01:22:10:28:05.873000,1611307685.873,$GPGGA,092805.00,6342.171449,N,01056.062681,E,2,12,0.7,12.25,M,40.08,M,10.0,0907*40
2021:01:22:10:28:06.873000,1611307686.873,$GPGGA,092806.00,6342.172889,N,01056.068618,E,2,12,0.7,12.23,M,40.08,M,11.0,0907*4D
2021:01:22:10:28:07.873000,1611307687.873,$GPGGA,092807.00,6342.174341,N,01056.074564,E,2,12,0.7,12.23,M,40.08,M,12.0,0907*43
2021:01:22:10:28:08.873000,1611307688.873,$GPGGA,092808.00,6342.175789,N,01056.080484,E,2,12,0.7,12.23,M,40.08,M,13.0,0907*48
2021:01:22:10:28:09.873000,1611307689.873,$GPGGA,092809.00,6342.177264,N,01056.086366,E,2,12,0.7,12.25,M,40.08,M,8.0,0907*7C
2021:01:22:10:28:10.873000,1611307690.873,$GPGGA,092810.00,6342.178759,N,01056.092251,E,2,12,0.8,12.25,M,40.08,M,9.0,0907*7E
2021:01:22:10:28:11.873000,1611307691.873,$GPGGA,092811.00,6342.180240,N,01056.098145,E,2,12,0.7,12.23,M,40.08,M,10.0,0907*48
2021:01:22:10:28:12.873000,1611307692.873,$GPGGA,092812.00,6342.181727,N,01056.104016,E,2,12,0.7,12.21,M,40.08,M,6.0,0907*78
2021:01:22:10:28:13.873000,1611307693.873,$GPGGA,092813.00,6342.183221,N,01056.109871,E,2,12,0.7,12.23,M,40.08,M,7.0,0907*7F
2021:01:22:10:28:14.873000,1611307694.873,$GPGGA,092814.00,6342.184707,N,01056.115744,E,2,12,0.7,12.22,M,40.08,M,8.0,0907*74
2021:01:22:10:28:15.874000,1611307695.874,$GPGGA,092815.00,6342.186185,N,01056.121642,E,2,12,0.7,12.24,M,40.08,M,4.0,0907*71
2021:01:22:10:28:16.874000,1611307696.874,$GPGGA,092816.00,6342.187673,N,01056.127511,E,2,12,0.7,12.24,M,40.08,M,5.0,0907*7F
2021:01:22:10:28:17.874000,1611307697.874,$GPGGA,092817.00,6342.189189,N,01056.133349,E,2,12,0.7,12.22,M,40.08,M,6.0,0907*79
2021:01:22:10:28:18.874000,1611307698.874,$GPGGA,092818.00,6342.190705,N,01056.139186,E,2,12,0.7,12.22,M,40.08,M,7.0,0907*76
2021:01:22:10:28:19.874000,1611307699.874,$GPGGA,092819.00,6342.192217,N,01056.145025,E,2,12,0.7,12.22,M,40.08,M,8.0,0907*7F
2021:01:22:10:28:20.874000,1611307700.874,$GPGGA,092820.00,6342.193713,N,01056.150885,E,2,12,0.7,12.22,M,40.08,M,9.0,0907*72
2021:01:22:10:28:21.874000,1611307701.874,$GPGGA,092821.00,6342.195186,N,01056.156784,E,2,12,0.7,12.23,M,40.08,M,10.0,0907*4E
2021:01:22:10:28:22.874000,1611307702.874,$GPGGA,092822.00,6342.196659,N,01056.162680,E,2,12,0.7,12.24,M,40.08,M,11.0,0907*4F
2021:01:22:10:28:23.874000,1611307703.874,$GPGGA,092823.00,6342.198128,N,01056.168593,E,2,12,0.7,12.23,M,40.08,M,12.0,0907*4E
2021:01:22:10:28:24.874000,1611307704.874,$GPGGA,092824.00,6342.199599,N,01056.174513,E,2,12,0.7,12.22,M,40.08,M,13.0,0907*43
2021:01:22:10:28:26.873000,1611307706.873,$GPGGA,092826.00,6342.202551,N,01056.186322,E,2,12,0.7,12.20,M,40.08,M,9.0,0907*74
2021:01:22:10:28:27.873000,1611307707.873,$GPGGA,092827.00,6342.204009,N,01056.192237,E,2,12,0.7,12.20,M,40.08,M,10.0,0907*43
2021:01:22:10:28:28.873000,1611307708.873,$GPGGA,092828.00,6342.205465,N,01056.198177,E,2,12,0.7,12.20,M,40.08,M,6.0,0907*79
2021:01:22:10:28:29.873000,1611307709.873,$GPGGA,092829.00,6342.206912,N,01056.204123,E,2,12,0.7,12.20,M,40.08,M,7.0,0907*70
2021:01:22:10:28:30.874000,1611307710.874,$GPGGA,092830.00,6342.208358,N,01056.210067,E,2,12,0.7,12.21,M,40.08,M,8.0,0907*78
2021:01:22:10:28:31.874000,1611307711.874,$GPGGA,092831.00,6342.209815,N,01056.216003,E,2,12,0.7,12.20,M,40.08,M,9.0,0907*7E
2021:01:22:10:28:32.874000,1611307712.874,$GPGGA,092832.00,6342.211270,N,01056.221953,E,2,12,0.7,12.19,M,40.07,M,5.0,0907*7C
2021:01:22:10:28:34.874000,1611307714.874,$GPGGA,092834.00,6342.214251,N,01056.233748,E,2,12,0.7,12.20,M,40.07,M,7.0,0907*73
2021:01:22:10:28:35.874000,1611307715.874,$GPGGA,092835.00,6342.215737,N,01056.239639,E,2,12,0.7,12.20,M,40.07,M,8.0,0907*74
2021:01:22:10:28:36.874000,1611307716.874,$GPGGA,092836.00,6342.217214,N,01056.245548,E,2,12,0.7,12.21,M,40.07,M,9.0,0907*7F
2021:01:22:10:28:38.874000,1611307718.874,$GPGGA,092838.00,6342.220178,N,01056.257356,E,2,12,0.7,12.20,M,40.07,M,11.0,0907*4E
2021:01:22:10:28:39.874000,1611307719.874,$GPGGA,092839.00,6342.221660,N,01056.263230,E,2,12,0.7,12.22,M,40.07,M,7.0,0907*73
2021:01:22:10:28:40.874000,1611307720.874,$GPGGA,092840.00,6342.223166,N,01056.269089,E,2,12,0.7,12.22,M,40.07,M,8.0,0907*7B
2021:01:22:10:28:42.874000,1611307722.874,$GPGGA,092842.00,6342.226156,N,01056.280873,E,2,12,0.7,12.20,M,40.07,M,10.0,0907*4E
2021:01:22:10:28:43.874000,1611307723.874,$GPGGA,092843.00,6342.227659,N,01056.286727,E,2,12,0.7,12.20,M,40.07,M,11.0,0907*4F
2021:01:22:10:28:44.874000,1611307724.874,$GPGGA,092844.00,6342.229176,N,01056.292592,E,2,12,0.7,12.21,M,40.07,M,12.0,0907*47
2021:01:22:10:28:46.875000,1611307726.875,$GPGGA,092846.00,6342.232130,N,01056.304389,E,2,12,0.7,12.20,M,40.07,M,9.0,0907*74
2021:01:22:10:28:47.875000,1611307727.875,$GPGGA,092847.00,6342.233565,N,01056.310303,E,2,12,0.7,12.21,M,40.07,M,10.0,0907*4E
2021:01:22:10:28:48.875000,1611307728.875,$GPGGA,092848.00,6342.235005,N,01056.316236,E,2,12,0.7,12.22,M,40.07,M,11.0,0907*47
2021:01:22:10:28:49.875000,1611307729.875,$GPGGA,092849.00,6342.236469,N,01056.322181,E,2,12,0.7,12.21,M,40.07,M,6.0,0907*76
2021:01:22:10:28:50.875000,1611307730.875,$GPGGA,092850.00,6342.237938,N,01056.328072,E,2,12,0.7,12.20,M,40.07,M,7.0,0907*71
2021:01:22:10:28:51.875000,1611307731.875,$GPGGA,092851.00,6342.239425,N,01056.333944,E,2,12,0.7,12.18,M,40.07,M,8.0,0907*7D
2021:01:22:10:28:52.874000,1611307732.874,$GPGGA,092852.00,6342.240911,N,01056.339833,E,2,12,0.7,12.19,M,40.07,M,4.0,0907*7C
2021:01:22:10:28:53.874000,1611307733.874,$GPGGA,092853.00,6342.242368,N,01056.345772,E,2,12,0.7,12.19,M,40.07,M,5.0,0907*7B
2021:01:22:10:28:54.875000,1611307734.875,$GPGGA,092854.00,6342.243821,N,01056.351693,E,2,12,0.7,12.18,M,40.07,M,6.0,0907*72
2021:01:22:10:28:55.874000,1611307735.874,$GPGGA,092855.00,6342.245291,N,01056.357576,E,2,12,0.7,12.19,M,40.07,M,7.0,0907*7A
2021:01:22:10:28:56.874000,1611307736.874,$GPGGA,092856.00,6342.246773,N,01056.363465,E,2,12,0.7,12.18,M,40.07,M,8.0,0907*79
2021:01:22:10:28:58.874000,1611307738.874,$GPGGA,092858.00,6342.249704,N,01056.375263,E,2,12,0.7,12.18,M,40.07,M,10.0,0907*46
2021:01:22:10:28:59.874000,1611307739.874,$GPGGA,092859.00,6342.251217,N,01056.381088,E,2,12,0.7,12.19,M,40.07,M,6.0,0907*73
2021:01:22:10:29:00.875000,1611307740.875,$GPGGA,092900.00,6342.252707,N,01056.386942,E,2,12,0.7,12.19,M,40.07,M,7.0,0907*70
2021:01:22:10:29:01.875000,1611307741.875,$GPGGA,092901.00,6342.254185,N,01056.392805,E,2,12,0.7,12.18,M,40.07,M,8.0,0907*72
2021:01:22:10:29:02.875000,1611307742.875,$GPGGA,092902.00,6342.255668,N,01056.398665,E,2,12,0.7,12.18,M,40.07,M,9.0,0907*77
2021:01:22:10:29:03.875000,1611307743.875,$GPGGA,092903.00,6342.257143,N,01056.404517,E,2,12,0.7,12.19,M,40.07,M,10.0,0907*47
2021:01:22:10:29:04.875000,1611307744.875,$GPGGA,092904.00,6342.258611,N,01056.410376,E,2,12,0.7,12.18,M,40.07,M,11.0,0907*4B
2021:01:22:10:29:05.875000,1611307745.875,$GPGGA,092905.00,6342.260073,N,01056.416255,E,2,12,0.7,12.17,M,40.07,M,6.0,0907*7C
2021:01:22:10:29:06.875000,1611307746.875,$GPGGA,092906.00,6342.261547,N,01056.422120,E,2,12,0.7,12.17,M,40.07,M,7.0,0907*7B
2021:01:22:10:29:07.875000,1611307747.875,$GPGGA,092907.00,6342.263037,N,01056.427956,E,2,12,0.7,12.18,M,40.07,M,8.0,0907*76
2021:01:22:10:29:08.875000,1611307748.875,$GPGGA,092908.00,6342.264529,N,01056.433788,E,2,12,0.7,12.18,M,40.07,M,9.0,0907*7D
2021:01:22:10:29:09.875000,1611307749.875,$GPGGA,092909.00,6342.266000,N,01056.439650,E,2,12,0.7,12.16,M,40.07,M,5.0,0907*7C
2021:01:22:10:29:10.875000,1611307750.875,$GPGGA,092910.00,6342.267474,N,01056.445519,E,2,12,0.7,12.15,M,40.07,M,6.0,0907*77
2021:01:22:10:29:11.875000,1611307751.875,$GPGGA,092911.00,6342.268946,N,01056.451391,E,2,12,0.7,12.16,M,40.07,M,7.0,0907*74
2021:01:22:10:29:12.875000,1611307752.875,$GPGGA,092912.00,6342.270400,N,01056.457290,E,2,12,0.7,12.15,M,40.07,M,8.0,0907*7B
2021:01:22:10:29:13.875000,1611307753.875,$GPGGA,092913.00,6342.271861,N,01056.463184,E,2,12,0.7,12.18,M,40.07,M,9.0,0907*7D
2021:01:22:10:29:14.875000,1611307754.875,$GPGGA,092914.00,6342.273339,N,01056.469052,E,2,12,0.7,12.17,M,40.07,M,10.0,0907*49
2021:01:22:10:29:15.876000,1611307755.876,$GPGGA,092915.00,6342.274821,N,01056.474911,E,2,12,0.7,12.17,M,40.07,M,5.0,0907*7B
2021:01:22:10:29:16.876000,1611307756.876,$GPGGA,092916.00,6342.276327,N,01056.480762,E,2,12,0.7,12.16,M,40.07,M,6.0,0907*74
2021:01:22:10:29:17.876000,1611307757.876,$GPGGA,092917.00,6342.277815,N,01056.486622,E,2,12,0.7,12.16,M,40.07,M,7.0,0907*7C
2021:01:22:10:29:18.876000,1611307758.876,$GPGGA,092918.00,6342.279293,N,01056.492491,E,2,12,0.7,12.16,M,40.07,M,8.0,0907*79
2021:01:22:10:29:19.876000,1611307759.876,$GPGGA,092919.00,6342.280780,N,01056.498335,E,2,12,0.7,12.17,M,40.07,M,9.0,0907*7A
2021:01:22:10:29:20.875000,1611307760.875,$GPGGA,092920.00,6342.282274,N,01056.504201,E,2,12,0.7,12.15,M,40.07,M,10.0,0907*44
2021:01:22:10:29:21.876000,1611307761.876,$GPGGA,092921.00,6342.283780,N,01056.510037,E,2,12,0.7,12.14,M,40.07,M,11.0,0907*48
2021:01:22:10:29:22.876000,1611307762.876,$GPGGA,092922.00,6342.285288,N,01056.515863,E,2,12,0.7,12.15,M,40.07,M,7.0,0907*7A
2021:01:22:10:29:23.875000,1611307763.875,$GPGGA,092923.00,6342.286775,N,01056.521713,E,2,12,0.7,12.14,M,40.07,M,8.0,0907*7E
2021:01:22:10:29:24.876000,1611307764.876,$GPGGA,092924.00,6342.288265,N,01056.527563,E,2,12,0.7,12.15,M,40.07,M,9.0,0907*70
2021:01:22:10:29:25.875000,1611307765.875,$GPGGA,092925.00,6342.289741,N,01056.533438,E,2,12,0.7,12.18,M,40.07,M,10.0,0907*4C
2021:01:22:10:29:26.875000,1611307766.875,$GPGGA,092926.00,6342.291210,N,01056.539321,E,2,12,0.7,12.17,M,40.07,M,6.0,0907*7A
2021:01:22:10:29:28.875000,1611307768.875,$GPGGA,092928.00,6342.294171,N,01056.551057,E,2,12,0.7,12.17,M,40.07,M,8.0,0907*77
2021:01:22:10:29:29.875000,1611307769.875,$GPGGA,092929.00,6342.295623,N,01056.556954,E,2,12,0.7,12.17,M,40.07,M,9.0,0907*7B
2021:01:22:10:29:30.876000,1611307770.876,$GPGGA,092930.00,6342.297057,N,01056.562858,E,2,12,0.7,12.18,M,40.07,M,10.0,0907*49
2021:01:22:10:29:32.876000,1611307772.876,$GPGGA,092932.00,6342.299961,N,01056.574644,E,2,12,0.7,12.19,M,40.06,M,6.0,0907*7A
2021:01:22:10:29:33.876000,1611307773.876,$GPGGA,092933.00,6342.301419,N,01056.580544,E,2,12,0.7,12.18,M,40.06,M,7.0,0907*71
2021:01:22:10:29:34.876000,1611307774.876,$GPGGA,092934.00,6342.302858,N,01056.586470,E,2,12,0.7,12.18,M,40.06,M,8.0,0907*73
2021:01:22:10:29:36.876000,1611307776.876,$GPGGA,092936.00,6342.305740,N,01056.598280,E,2,12,0.7,12.19,M,40.06,M,5.0,0907*7A
2021:01:22:10:29:37.876000,1611307777.876,$GPGGA,092937.00,6342.307211,N,01056.604116,E,2,12,0.7,12.20,M,40.06,M,6.0,0907*7B
2021:01:22:10:29:38.876000,1611307778.876,$GPGGA,092938.00,6342.308675,N,01056.610008,E,2,12,0.7,12.18,M,40.06,M,7.0,0907*7C
2021:01:22:10:29:39.876000,1611307779.876,$GPGGA,092939.00,6342.310107,N,01056.615979,E,2,12,0.7,12.19,M,40.06,M,8.0,0907*72
2021:01:22:10:29:40.876000,1611307780.876,$GPGGA,092940.00,6342.311532,N,01056.621902,E,2,12,0.7,12.19,M,40.06,M,9.0,0907*75
2021:01:22:10:29:41.876000,1611307781.876,$GPGGA,092941.00,6342.312979,N,01056.627781,E,2,12,0.7,12.20,M,40.06,M,10.0,0907*45
2021:01:22:10:29:42.876000,1611307782.876,$GPGGA,092942.00,6342.314445,N,01056.633655,E,2,12,0.7,12.20,M,40.06,M,6.0,0907*78
2021:01:22:10:29:43.876000,1611307783.876,$GPGGA,092943.00,6342.315922,N,01056.639565,E,2,12,0.7,12.19,M,40.06,M,7.0,0907*75
2021:01:22:10:29:44.876000,1611307784.876,$GPGGA,092944.00,6342.317396,N,01056.645488,E,2,12,0.7,12.19,M,40.06,M,8.0,0907*73
2021:01:22:10:29:45.877000,1611307785.877,$GPGGA,092945.00,6342.318855,N,01056.651384,E,2,12,0.7,12.21,M,40.06,M,9.0,0907*7D
2021:01:22:10:29:46.877000,1611307786.877,$GPGGA,092946.00,6342.320348,N,01056.657250,E,2,12,0.7,12.21,M,40.06,M,10.0,0907*44
2021:01:22:10:29:48.876000,1611307788.876,$GPGGA,092948.00,6342.323305,N,01056.669057,E,2,12,0.7,12.22,M,40.06,M,12.0,0907*49
2021:01:22:10:29:49.876000,1611307789.876,$GPGGA,092949.00,6342.324788,N,01056.674920,E,2,12,0.7,12.21,M,40.06,M,13.0,0907*49
2021:01:22:10:29:50.876000,1611307790.876,$GPGGA,092950.00,6342.326279,N,01056.680800,E,2,12,0.7,12.21,M,40.06,M,9.0,0907*7B
2021:01:22:10:29:52.876000,1611307792.876,$GPGGA,092952.00,6342.329254,N,01056.692567,E,2,12,0.7,12.20,M,40.06,M,11.0,0907*4E
2021:01:22:10:29:53.876000,1611307793.876,$GPGGA,092953.00,6342.330745,N,01056.698424,E,2,12,0.7,12.22,M,40.06,M,12.0,0907*4F
2021:01:22:10:29:54.876000,1611307794.876,$GPGGA,092954.00,6342.332249,N,01056.704268,E,2,12,0.7,12.23,M,40.06,M,13.0,0907*49
2021:01:22:10:29:56.876000,1611307796.876,$GPGGA,092956.00,6342.335223,N,01056.716072,E,2,12,0.7,12.21,M,40.06,M,10.0,0907*4B
2021:01:22:10:29:57.876000,1611307797.876,$GPGGA,092957.00,6342.336710,N,01056.721975,E,2,12,0.7,12.21,M,40.06,M,11.0,0907*47
2021:01:22:10:29:58.876000,1611307798.876,$GPGGA,092958.00,6342.338203,N,01056.727860,E,2,12,0.7,12.21,M,40.06,M,12.0,0907*41
2021:01:22:10:29:59.876000,1611307799.876,$GPGGA,092959.00,6342.339690,N,01056.733739,E,2,12,0.7,12.21,M,40.06,M,13.0,0907*48
2021:01:22:10:30:00.877000,1611307800.877,$GPGGA,093000.00,6342.341173,N,01056.739648,E,2,12,0.7,12.20,M,40.06,M,8.0,0907*7F
2021:01:22:10:30:01.877000,1611307801.877,$GPGGA,093001.00,6342.342650,N,01056.745562,E,2,12,0.7,12.20,M,40.06,M,9.0,0907*7A
2021:01:22:10:30:02.877000,1611307802.877,$GPGGA,093002.00,6342.344126,N,01056.751466,E,2,12,0.7,12.21,M,40.06,M,10.0,0907*40
2021:01:22:10:30:03.877000,1611307803.877,$GPGGA,093003.00,6342.345593,N,01056.757359,E,2,12,0.7,12.21,M,40.06,M,6.0,0907*70
2021:01:22:10:30:04.877000,1611307804.877,$GPGGA,093004.00,6342.347086,N,01056.763227,E,2,12,0.7,12.21,M,40.06,M,7.0,0907*7A
2021:01:22:10:30:05.877000,1611307805.877,$GPGGA,093005.00,6342.348577,N,01056.769085,E,2,12,0.7,12.21,M,40.06,M,8.0,0907*70
2021:01:22:10:30:06.877000,1611307806.877,$GPGGA,093006.00,6342.350056,N,01056.774952,E,2,12,0.7,12.22,M,40.06,M,9.0,0907*71
2021:01:22:10:30:07.877000,1611307807.877,$GPGGA,093007.00,6342.351532,N,01056.780813,E,2,12,0.7,12.21,M,40.06,M,10.0,0907*42
2021:01:22:10:30:08.877000,1611307808.877,$GPGGA,093008.00,6342.353018,N,01056.786640,E,2,12,0.7,12.21,M,40.06,M,11.0,0907*4D
2021:01:22:10:30:09.877000,1611307809.877,$GPGGA,093009.00,6342.354509,N,01056.792447,E,2,12,0.7,12.22,M,40.06,M,7.0,0907*7A
2021:01:22:10:30:10.877000,1611307810.877,$GPGGA,093010.00,6342.355978,N,01056.798315,E,2,12,0.7,12.20,M,40.06,M,8.0,0907*7E
2021:01:22:10:30:11.877000,1611307811.877,$GPGGA,093011.00,6342.357465,N,01056.804158,E,2,12,0.7,12.20,M,40.06,M,9.0,0907*7C
2021:01:22:10:30:12.877000,1611307812.877,$GPGGA,093012.00,6342.358962,N,01056.809984,E,2,12,0.7,12.20,M,40.06,M,10.0,0907*46
2021:01:22:10:30:13.877000,1611307813.877,$GPGGA,093013.00,6342.360442,N,01056.815827,E,2,12,0.7,12.20,M,40.06,M,6.0,0907*71
2021:01:22:10:30:14.877000,1611307814.877,$GPGGA,093014.00,6342.361927,N,01056.821683,E,2,12,0.7,12.21,M,40.06,M,7.0,0907*7E
2021:01:22:10:30:15.878000,1611307815.878,$GPGGA,093015.00,6342.363452,N,01056.827482,E,2,12,0.7,12.20,M,40.06,M,8.0,0907*79
2021:01:22:10:30:16.878000,1611307816.878,$GPGGA,093016.00,6342.364986,N,01056.833267,E,2,12,0.7,12.21,M,40.06,M,9.0,0907*71
2021:01:22:10:30:17.877000,1611307817.877,$GPGGA,093017.00,6342.366493,N,01056.839105,E,2,12,0.7,12.21,M,40.06,M,10.0,0907*4E
2021:01:22:10:30:18.877000,1611307818.877,$GPGGA,093018.00,6342.367974,N,01056.844978,E,2,12,0.7,12.20,M,40.06,M,11.0,0907*4C
2021:01:22:10:30:19.877000,1611307819.877,$GPGGA,093019.00,6342.369452,N,01056.850846,E,2,12,0.7,12.20,M,40.06,M,6.0,0907*75
2021:01:22:10:30:20.877000,1611307820.877,$GPGGA,093020.00,6342.370931,N,01056.856699,E,2,12,0.7,12.21,M,40.06,M,7.0,0907*75
2021:01:22:10:30:21.877000,1611307821.877,$GPGGA,093021.00,6342.372415,N,01056.862558,E,2,12,0.7,12.21,M,40.06,M,8.0,0907*7B
2021:01:22:10:30:22.877000,1611307822.877,$GPGGA,093022.00,6342.373898,N,01056.868426,E,2,12,0.7,12.19,M,40.06,M,9.0,0907*78
2021:01:22:10:30:23.877000,1611307823.877,$GPGGA,093023.00,6342.375363,N,01056.874311,E,2,12,0.7,12.19,M,40.06,M,10.0,0907*46
2021:01:22:10:30:24.877000,1611307824.877,$GPGGA,093024.00,6342.376817,N,01056.880194,E,2,12,0.7,12.21,M,40.06,M,11.0,0907*44
2021:01:22:10:30:25.877000,1611307825.877,$GPGGA,093025.00,6342.378299,N,01056.886029,E,2,12,0.7,12.22,M,40.06,M,12.0,0907*46
2021:01:22:10:30:26.877000,1611307826.877,$GPGGA,093026.00,6342.379787,N,01056.891874,E,2,12,0.7,12.20,M,40.06,M,13.0,0907*4B
2021:01:22:10:30:27.877000,1611307827.877,$GPGGA,093027.00,6342.381261,N,01056.897723,E,2,12,0.7,12.18,M,40.06,M,8.0,0907*7A
2021:01:22:10:30:28.877000,1611307828.877,$GPGGA,093028.00,6342.382731,N,01056.903602,E,2,12,0.7,12.18,M,40.06,M,9.0,0907*79
2021:01:22:10:30:29.878000,1611307829.878,$GPGGA,093029.00,6342.384201,N,01056.909462,E,2,12,0.7,12.20,M,40.06,M,6.0,0907*72
2021:01:22:10:30:30.878000,1611307830.878,$GPGGA,093030.00,6342.385695,N,01056.915321,E,2,12,0.7,12.20,M,40.06,M,7.0,0907*7E
2021:01:22:10:30:31.878000,1611307831.878,$GPGGA,093031.00,6342.387211,N,01056.921158,E,2,12,0.7,12.20,M,40.05,M,8.0,0907*72
2021:01:22:10:30:32.878000,1611307832.878,$GPGGA,093032.00,6342.388705,N,01056.927021,E,2,12,0.7,12.19,M,40.05,M,9.0,0907*7C
2021:01:22:10:30:33.878000,1611307833.878,$GPGGA,093033.00,6342.390155,N,01056.932947,E,2,12,0.7,12.18,M,40.05,M,10.0,0907*43
2021:01:22:10:30:34.878000,1611307834.878,$GPGGA,093034.00,6342.391577,N,01056.938890,E,2,12,0.7,12.19,M,40.05,M,11.0,0907*40
2021:01:22:10:30:35.878000,1611307835.878,$GPGGA,093035.00,6342.392973,N,01056.944866,E,2,12,0.7,12.19,M,40.05,M,12.0,0907*4B
2021:01:22:10:30:36.878000,1611307836.878,$GPGGA,093036.00,6342.394343,N,01056.950842,E,2,12,0.7,12.19,M,40.05,M,13.0,0907*45
2021:01:22:10:30:38.878000,1611307838.878,$GPGGA,093038.00,6342.396980,N,01056.962954,E,2,12,0.7,12.17,M,40.05,M,9.0,0907*7E
2021:01:22:10:30:39.878000,1611307839.878,$GPGGA,093039.00,6342.398257,N,01056.969037,E,2,12,0.7,12.17,M,40.05,M,10.0,0907*4F
2021:01:22:10:30:40.878000,1611307840.878,$GPGGA,093040.00,6342.399495,N,01056.975166,E,2,12,0.7,12.18,M,40.05,M,6.0,0907*78
2021:01:22:10:30:42.878000,1611307842.878,$GPGGA,093042.00,6342.401882,N,01056.987505,E,2,12,0.7,12.19,M,40.05,M,8.0,0907*75
2021:01:22:10:30:43.878000,1611307843.878,$GPGGA,093043.00,6342.403029,N,01056.993710,E,2,12,0.7,12.18,M,40.05,M,4.0,0907*71
2021:01:22:10:30:44.879000,1611307844.879,$GPGGA,093044.00,6342.404184,N,01056.999898,E,2,12,0.7,12.19,M,40.05,M,5.0,0907*72
2021:01:22:10:30:46.878000,1611307846.878,$GPGGA,093046.00,6342.406439,N,01057.012341,E,2,12,0.7,12.18,M,40.05,M,7.0,0907*76
2021:01:22:10:30:47.878000,1611307847.878,$GPGGA,093047.00,6342.407556,N,01057.018569,E,2,12,0.7,12.20,M,40.05,M,8.0,0907*7C
2021:01:22:10:30:48.878000,1611307848.878,$GPGGA,093048.00,6342.408667,N,01057.024793,E,2,12,0.7,12.21,M,40.05,M,9.0,0907*75
2021:01:22:10:30:49.878000,1611307849.878,$GPGGA,093049.00,6342.409771,N,01057.031027,E,2,12,0.7,12.20,M,40.05,M,10.0,0907*46
2021:01:22:10:30:50.878000,1611307850.878,$GPGGA,093050.00,6342.410867,N,01057.037284,E,2,12,0.7,12.18,M,40.05,M,11.0,0907*49
2021:01:22:10:30:51.878000,1611307851.878,$GPGGA,093051.00,6342.411971,N,01057.043538,E,2,12,0.7,12.19,M,40.05,M,12.0,0907*4E
2021:01:22:10:30:52.878000,1611307852.878,$GPGGA,093052.00,6342.413090,N,01057.049787,E,2,12,0.7,12.19,M,40.05,M,13.0,0907*44
2021:01:22:10:30:53.878000,1611307853.878,$GPGGA,093053.00,6342.414193,N,01057.056074,E,2,12,0.7,12.18,M,40.05,M,9.0,0907*7F
2021:01:22:10:30:54.878000,1611307854.878,$GPGGA,093054.00,6342.415278,N,01057.062370,E,2,12,0.7,12.19,M,40.05,M,10.0,0907*46
2021:01:22:10:30:55.878000,1611307855.878,$GPGGA,093055.00,6342.416356,N,01057.068670,E,2,12,0.7,12.20,M,40.05,M,11.0,0907*4D
2021:01:22:10:30:56.878000,1611307856.878,$GPGGA,093056.00,6342.417424,N,01057.074974,E,2,12,0.8,12.19,M,40.05,M,12.0,0907*4D
2021:01:22:10:30:58.878000,1611307858.878,$GPGGA,093058.00,6342.419579,N,01057.087587,E,2,12,0.8,12.19,M,40.05,M,14.0,0907*4E
2021:01:22:10:30:59.879000,1611307859.879,$GPGGA,093059.00,6342.420633,N,01057.093906,E,2,12,0.8,12.19,M,40.05,M,15.0,0907*49
2021:01:22:10:31:00.879000,1611307860.879,$GPGGA,093100.00,6342.421683,N,01057.100244,E,2,12,0.8,12.19,M,40.05,M,16.0,0907*4B
2021:01:22:10:31:02.879000,1611307862.879,$GPGGA,093102.00,6342.423799,N,01057.112891,E,2,12,0.7,12.18,M,40.05,M,18.0,0907*40
2021:01:22:10:31:03.879000,1611307863.879,$GPGGA,093103.00,6342.424839,N,01057.119212,E,2,12,0.7,12.19,M,40.05,M,19.0,0907*49
2021:01:22:10:31:04.879000,1611307864.879,$GPGGA,093104.00,6342.425844,N,01057.125585,E,2,12,0.7,12.18,M,40.05,M,8.0,0907*72
2021:01:22:10:31:05.879000,1611307865.879,$GPGGA,093105.00,6342.426845,N,01057.131947,E,2,12,0.7,12.19,M,40.05,M,9.0,0907*76
2021:01:22:10:31:06.879000,1611307866.879,$GPGGA,093106.00,6342.427856,N,01057.138306,E,2,12,0.7,12.19,M,40.05,M,4.0,0907*7D
2021:01:22:10:31:07.879000,1611307867.879,$GPGGA,093107.00,6342.428897,N,01057.144664,E,2,12,0.7,12.17,M,40.05,M,5.0,0907*7B
2021:01:22:10:31:08.879000,1611307868.879,$GPGGA,093108.00,6342.429946,N,01057.150996,E,2,12,0.7,12.17,M,40.05,M,6.0,0907*7C
2021:01:22:10:31:09.879000,1611307869.879,$GPGGA,093109.00,6342.430958,N,01057.157333,E,2,12,0.7,12.18,M,40.05,M,7.0,0907*76
2021:01:22:10:31:10.879000,1611307870.879,$GPGGA,093110.00,6342.431951,N,01057.163709,E,2,12,0.7,12.18,M,40.05,M,8.0,0907*73
2021:01:22:10:31:11.879000,1611307871.879,$GPGGA,093111.00,6342.432953,N,01057.170078,E,2,12,0.7,12.18,M,40.05,M,9.0,0907*71
2021:01:22:10:31:12.879000,1611307872.879,$GPGGA,093112.00,6342.433957,N,01057.176432,E,2,12,0.8,12.21,M,40.05,M,10.0,0907*46
2021:01:22:10:31:13.880000,1611307873.88,$GPGGA,093113.00,6342.434950,N,01057.182774,E,2,12,0.8,12.21,M,40.05,M,11.0,0907*4C
2021:01:22:10:31:14.880000,1611307874.88,$GPGGA,093114.00,6342.435938,N,01057.189147,E,2,12,0.8,12.21,M,40.05,M,7.0,0907*7E
2021:01:22:10:31:15.880000,1611307875.88,$GPGGA,093115.00,6342.436938,N,01057.195518,E,2,12,0.7,12.20,M,40.05,M,8.0,0907*7E
2021:01:22:10:31:16.880000,1611307876.88,$GPGGA,093116.00,6342.437940,N,01057.201871,E,2,12,0.7,12.21,M,40.05,M,9.0,0907*7F
2021:01:22:10:31:17.879000,1611307877.879,$GPGGA,093117.00,6342.438933,N,01057.208201,E,2,12,0.7,12.21,M,40.05,M,10.0,0907*49
2021:01:22:10:31:18.879000,1611307878.879,$GPGGA,093118.00,6342.439925,N,01057.214546,E,2,12,0.7,12.21,M,40.05,M,11.0,0907*48
2021:01:22:10:31:19.879000,1611307879.879,$GPGGA,093119.00,6342.440928,N,01057.220896,E,2,12,0.7,12.20,M,40.05,M,12.0,0907*4F
2021:01:22:10:31:20.880000,1611307880.88,$GPGGA,093120.00,6342.441942,N,01057.227224,E,2,12,0.7,12.18,M,40.05,M,8.0,0907*7C
2021:01:22:10:31:21.879000,1611307881.879,$GPGGA,093121.00,6342.442977,N,01057.233540,E,2,12,0.7,12.19,M,40.05,M,9.0,0907*78
2021:01:22:10:31:22.879000,1611307882.879,$GPGGA,093122.00,6342.444018,N,01057.239858,E,2,12,0.7,12.19,M,40.05,M,10.0,0907*4B
2021:01:22:10:31:23.879000,1611307883.879,$GPGGA,093123.00,6342.445040,N,01057.246187,E,2,12,0.7,12.19,M,40.05,M,5.0,0907*71
2021:01:22:10:31:24.879000,1611307884.879,$GPGGA,093124.00,6342.446064,N,01057.252489,E,2,12,0.7,12.18,M,40.05,M,6.0,0907*7F
2021:01:22:10:31:25.879000,1611307885.879,$GPGGA,093125.00,6342.447099,N,01057.258795,E,2,12,0.7,12.18,M,40.05,M,7.0,0907*78
2021:01:22:10:31:26.879000,1611307886.879,$GPGGA,093126.00,6342.448138,N,01057.265097,E,2,12,0.7,12.17,M,40.04,M,8.0,0907*74
2021:01:22:10:31:27.879000,1611307887.879,$GPGGA,093127.00,6342.449161,N,01057.271400,E,2,12,0.7,12.17,M,40.04,M,9.0,0907*76
2021:01:22:10:31:28.880000,1611307888.88,$GPGGA,093128.00,6342.450188,N,01057.277679,E,2,12,0.7,12.18,M,40.04,M,10.0,0907*4B
2021:01:22:10:31:29.880000,1611307889.88,$GPGGA,093129.00,6342.451232,N,01057.283954,E,2,12,0.7,12.19,M,40.04,M,11.0,0907*42
2021:01:22:10:31:30.880000,1611307890.88,$GPGGA,093130.00,6342.452282,N,01057.290268,E,2,12,0.7,12.17,M,40.04,M,7.0,0907*7D
2021:01:22:10:31:32.880000,1611307892.88,$GPGGA,093132.00,6342.454329,N,01057.302862,E,2,12,0.7,12.19,M,40.04,M,9.0,0907*73
2021:01:22:10:31:33.880000,1611307893.88,$GPGGA,093133.00,6342.455345,N,01057.309169,E,2,12,0.7,12.17,M,40.04,M,10.0,0907*46
2021:01:22:10:31:34.880000,1611307894.88,$GPGGA,093134.00,6342.456374,N,01057.315491,E,2,12,0.7,12.16,M,40.04,M,11.0,0907*4F
2021:01:22:10:31:36.880000,1611307896.88,$GPGGA,093136.00,6342.458399,N,01057.328118,E,2,12,0.7,12.19,M,40.04,M,13.0,0907*47
2021:01:22:10:31:37.880000,1611307897.88,$GPGGA,093137.00,6342.459373,N,01057.334486,E,2,12,0.7,12.19,M,40.04,M,9.0,0907*77
2021:01:22:10:31:38.880000,1611307898.88,$GPGGA,093138.00,6342.460354,N,01057.340844,E,2,12,0.7,12.19,M,40.04,M,10.0,0907*4E
2021:01:22:10:31:39.880000,1611307899.88,$GPGGA,093139.00,6342.461332,N,01057.347188,E,2,12,0.7,12.17,M,40.04,M,11.0,0907*4F
2021:01:22:10:31:40.880000,1611307900.88,$GPGGA,093140.00,6342.462275,N,01057.353566,E,2,12,0.7,12.17,M,40.04,M,12.0,0907*42
2021:01:22:10:31:41.880000,1611307901.88,$GPGGA,093141.00,6342.463197,N,01057.359965,E,2,12,0.7,12.18,M,40.04,M,8.0,0907*7C
2021:01:22:10:31:42.879000,1611307902.879,$GPGGA,093142.00,6342.464120,N,01057.366351,E,2,12,0.7,12.19,M,40.04,M,9.0,0907*75
2021:01:22:10:31:43.880000,1611307903.88,$GPGGA,093143.00,6342.465054,N,01057.372734,E,2,12,0.7,12.16,M,40.04,M,5.0,0907*76
2021:01:22:10:31:44.880000,1611307904.88,$GPGGA,093144.00,6342.466001,N,01057.379107,E,2,12,0.7,12.18,M,40.04,M,6.0,0907*72
2021:01:22:10:31:45.880000,1611307905.88,$GPGGA,093145.00,6342.466951,N,01057.385457,E,2,12,0.7,12.18,M,40.04,M,7.0,0907*7D
2021:01:22:10:31:46.880000,1611307906.88,$GPGGA,093146.00,6342.467885,N,01057.391830,E,2,12,0.7,12.18,M,40.04,M,8.0,0907*70
2021:01:22:10:31:48.880000,1611307908.88,$GPGGA,093148.00,6342.469780,N,01057.404566,E,2,12,0.7,12.18,M,40.04,M,10.0,0907*46
2021:01:22:10:31:49.880000,1611307909.88,$GPGGA,093149.00,6342.470729,N,01057.410934,E,2,12,0.8,12.19,M,40.04,M,11.0,0907*4D
2021:01:22:10:31:50.880000,1611307910.88,$GPGGA,093150.00,6342.471664,N,01057.417291,E,2,12,0.8,12.18,M,40.04,M,12.0,0907*4D
2021:01:22:10:31:52.880000,1611307912.88,$GPGGA,093152.00,6342.473566,N,01057.430033,E,2,12,0.8,12.17,M,40.04,M,14.0,0907*4A
2021:01:22:10:31:53.880000,1611307913.88,$GPGGA,093153.00,6342.474540,N,01057.436398,E,2,12,0.8,12.19,M,40.04,M,10.0,0907*46
2021:01:22:10:31:54.880000,1611307914.88,$GPGGA,093154.00,6342.475514,N,01057.442742,E,2,12,0.8,12.21,M,40.04,M,11.0,0907*4B
2021:01:22:10:31:56.880000,1611307916.88,$GPGGA,093156.00,6342.477505,N,01057.455395,E,2,12,0.7,12.18,M,40.04,M,13.0,0907*44
2021:01:22:10:31:57.881000,1611307917.881,$GPGGA,093157.00,6342.478506,N,01057.461731,E,2,12,0.7,12.18,M,40.04,M,9.0,0907*7F
2021:01:22:10:31:58.881000,1611307918.881,$GPGGA,093158.00,6342.479496,N,01057.468084,E,2,12,0.7,12.18,M,40.04,M,10.0,0907*41
2021:01:22:10:31:59.881000,1611307919.881,$GPGGA,093159.00,6342.480470,N,01057.474440,E,2,12,0.7,12.19,M,40.04,M,11.0,0907*4F
2021:01:22:10:32:00.881000,1611307920.881,$GPGGA,093200.00,6342.481409,N,01057.480822,E,2,12,0.7,12.17,M,40.04,M,12.0,0907*41
2021:01:22:10:32:01.881000,1611307921.881,$GPGGA,093201.00,6342.482336,N,01057.487224,E,2,12,0.7,12.16,M,40.04,M,7.0,0907*76
2021:01:22:10:32:02.881000,1611307922.881,$GPGGA,093202.00,6342.483276,N,01057.493609,E,2,12,0.7,12.16,M,40.04,M,8.0,0907*70
2021:01:22:10:32:03.881000,1611307923.881,$GPGGA,093203.00,6342.484232,N,01057.499957,E,2,12,0.7,12.17,M,40.04,M,9.0,0907*78
2021:01:22:10:32:04.881000,1611307924.881,$GPGGA,093204.00,6342.485151,N,01057.506335,E,2,12,0.7,12.18,M,40.04,M,5.0,0907*72
2021:01:22:10:32:05.881000,1611307925.881,$GPGGA,093205.00,6342.486063,N,01057.512732,E,2,12,0.7,12.19,M,40.04,M,6.0,0907*74
2021:01:22:10:32:06.881000,1611307926.881,$GPGGA,093206.00,6342.486998,N,01057.519093,E,2,12,0.7,12.19,M,40.04,M,7.0,0907*7C
2021:01:22:10:32:07.881000,1611307927.881,$GPGGA,093207.00,6342.487933,N,01057.525450,E,2,12,0.7,12.19,M,40.04,M,8.0,0907*76
2021:01:22:10:32:08.881000,1611307928.881,$GPGGA,093208.00,6342.488845,N,01057.531835,E,2,12,0.7,12.19,M,40.04,M,9.0,0907*7D
2021:01:22:10:32:09.881000,1611307929.881,$GPGGA,093209.00,6342.489764,N,01057.538222,E,2,12,0.7,12.17,M,40.04,M,10.0,0907*42
2021:01:22:10:32:10.881000,1611307930.881,$GPGGA,093210.00,6342.490691,N,01057.544567,E,2,12,0.7,12.18,M,40.04,M,6.0,0907*7C
2021:01:22:10:32:11.880000,1611307931.88,$GPGGA,093211.00,6342.491637,N,01057.550906,E,2,12,0.7,12.19,M,40.04,M,7.0,0907*7E
2021:01:22:10:32:12.881000,1611307932.881,$GPGGA,093212.00,6342.492595,N,01057.557250,E,2,12,0.7,12.18,M,40.04,M,8.0,0907*74
2021:01:22:10:32:13.881000,1611307933.881,$GPGGA,093213.00,6342.493545,N,01057.563583,E,2,12,0.7,12.19,M,40.04,M,9.0,0907*77
2021:01:22:10:32:14.881000,1611307934.881,$GPGGA,093214.00,6342.494500,N,01057.569913,E,2,12,0.7,12.19,M,40.04,M,5.0,0907*75
2021:01:22:10:32:15.881000,1611307935.881,$GPGGA,093215.00,6342.495465,N,01057.576243,E,2,12,0.7,12.19,M,40.04,M,6.0,0907*74
2021:01:22:10:32:16.881000,1611307936.881,$GPGGA,093216.00,6342.496423,N,01057.582580,E,2,12,0.7,12.20,M,40.04,M,7.0,0907*7E
2021:01:22:10:32:17.881000,1611307937.881,$GPGGA,093217.00,6342.497365,N,01057.588924,E,2,12,0.7,12.20,M,40.04,M,8.0,0907*7C
2021:01:22:10:32:18.881000,1611307938.881,$GPGGA,093218.00,6342.498311,N,01057.595263,E,2,12,0.7,12.20,M,40.04,M,9.0,0907*7A
2021:01:22:10:32:19.881000,1611307939.881,$GPGGA,093219.00,6342.499275,N,01057.601602,E,2,12,0.7,12.21,M,40.04,M,10.0,0907*4D
2021:01:22:10:32:20.881000,1611307940.881,$GPGGA,093220.00,6342.500218,N,01057.607956,E,2,12,0.7,12.20,M,40.04,M,5.0,0907*70
2021:01:22:10:32:21.881000,1611307941.881,$GPGGA,093221.00,6342.501140,N,01057.614324,E,2,12,0.7,12.19,M,40.03,M,6.0,0907*7D
2021:01:22:10:32:22.881000,1611307942.881,$GPGGA,093222.00,6342.502076,N,01057.620690,E,2,12,0.7,12.21,M,40.03,M,7.0,0907*7E
2021:01:22:10:32:23.881000,1611307943.881,$GPGGA,093223.00,6342.502998,N,01057.627063,E,2,12,0.7,12.22,M,40.03,M,8.0,0907*77
2021:01:22:10:32:24.881000,1611307944.881,$GPGGA,093224.00,6342.503894,N,01057.633457,E,2,12,0.7,12.21,M,40.03,M,9.0,0907*78
2021:01:22:10:32:25.881000,1611307945.881,$GPGGA,093225.00,6342.504819,N,01057.639834,E,2,12,0.7,12.20,M,40.03,M,10.0,0907*41
2021:01:22:10:32:26.882000,1611307946.882,$GPGGA,093226.00,6342.505759,N,01057.646212,E,2,12,0.7,12.21,M,40.03,M,11.0,0907*4E
2021:01:22:10:32:27.882000,1611307947.882,$GPGGA,093227.00,6342.506677,N,01057.652594,E,2,12,0.7,12.19,M,40.03,M,12.0,0907*45
2021:01:22:10:32:28.882000,1611307948.882,$GPGGA,093228.00,6342.507597,N,01057.658960,E,2,12,0.7,12.18,M,40.03,M,8.0,0907*71
2021:01:22:10:32:29.882000,1611307949.882,$GPGGA,093229.00,6342.508547,N,01057.665298,E,2,12,0.7,12.19,M,40.03,M,9.0,0907*70
2021:01:22:10:32:30.882000,1611307950.882,$GPGGA,093230.00,6342.509502,N,01057.671634,E,2,12,0.7,12.22,M,40.03,M,5.0,0907*7B
2021:01:22:10:32:31.882000,1611307951.882,$GPGGA,093231.00,6342.510437,N,01057.677975,E,2,12,0.7,12.22,M,40.03,M,6.0,0907*7A
2021:01:22:10:32:32.882000,1611307952.882,$GPGGA,093232.00,6342.511372,N,01057.684322,E,2,12,0.7,12.23,M,40.03,M,7.0,0907*7A
2021:01:22:10:32:33.882000,1611307953.882,$GPGGA,093233.00,6342.512324,N,01057.690680,E,2,12,0.7,12.22,M,40.03,M,8.0,0907*7D
2021:01:22:10:32:34.882000,1611307954.882,$GPGGA,093234.00,6342.513282,N,01057.697019,E,2,12,0.7,12.20,M,40.03,M,9.0,0907*74
2021:01:22:10:32:35.882000,1611307955.882,$GPGGA,093235.00,6342.514229,N,01057.703362,E,2,12,0.7,12.20,M,40.03,M,10.0,0907*48
2021:01:22:10:32:36.882000,1611307956.882,$GPGGA,093236.00,6342.515163,N,01057.709714,E,2,12,0.7,12.20,M,40.03,M,11.0,0907*49
2021:01:22:10:32:38.881000,1611307958.881,$GPGGA,093238.00,6342.516999,N,01057.722488,E,2,12,0.7,12.21,M,40.03,M,8.0,0907*7F
2021:01:22:10:32:39.881000,1611307959.881,$GPGGA,093239.00,6342.517902,N,01057.728882,E,2,12,0.7,12.21,M,40.03,M,9.0,0907*70
2021:01:22:10:32:40.882000,1611307960.882,$GPGGA,093240.00,6342.518801,N,01057.735265,E,2,12,0.7,12.21,M,40.03,M,10.0,0907*44
2021:01:22:10:32:42.882000,1611307962.882,$GPGGA,093242.00,6342.520599,N,01057.748026,E,2,12,0.7,12.21,M,40.03,M,12.0,0907*4C
2021:01:22:10:32:43.882000,1611307963.882,$GPGGA,093243.00,6342.521513,N,01057.754399,E,2,12,0.7,12.22,M,40.03,M,13.0,0907*46
2021:01:22:10:32:44.882000,1611307964.882,$GPGGA,093244.00,6342.522427,N,01057.760773,E,2,12,0.7,12.25,M,40.03,M,8.0,0907*7E
2021:01:22:10:32:46.882000,1611307966.882,$GPGGA,093246.00,6342.524232,N,01057.773555,E,2,12,0.7,12.23,M,40.03,M,10.0,0907*43
2021:01:22:10:32:47.882000,1611307967.882,$GPGGA,093247.00,6342.525147,N,01057.779960,E,2,12,0.7,12.22,M,40.03,M,6.0,0907*74
2021:01:22:10:32:48.882000,1611307968.882,$GPGGA,093248.00,6342.526054,N,01057.786335,E,2,12,0.7,12.23,M,40.03,M,7.0,0907*71
2021:01:22:10:32:49.882000,1611307969.882,$GPGGA,093249.00,6342.526950,N,01057.792719,E,2,12,0.7,12.24,M,40.03,M,8.0,0907*7A
2021:01:22:10:32:50.882000,1611307970.882,$GPGGA,093250.00,6342.527867,N,01057.799123,E,2,12,0.7,12.22,M,40.03,M,9.0,0907*75
2021:01:22:10:32:51.882000,1611307971.882,$GPGGA,093251.00,6342.528774,N,01057.805514,E,2,12,0.7,12.22,M,40.03,M,10.0,0907*44
2021:01:22:10:32:52.882000,1611307972.882,$GPGGA,093252.00,6342.529690,N,01057.811889,E,2,12,0.7,12.23,M,40.03,M,11.0,0907*41
2021:01:22:10:32:53.882000,1611307973.882,$GPGGA,093253.00,6342.530626,N,01057.818262,E,2,12,0.7,12.23,M,40.03,M,12.0,0907*40
2021:01:22:10:32:54.882000,1611307974.882,$GPGGA,093254.00,6342.531539,N,01057.824654,E,2,12,0.7,12.24,M,40.03,M,13.0,0907*43
2021:01:22:10:32:55.883000,1611307975.883,$GPGGA,093255.00,6342.532455,N,01057.831048,E,2,12,0.7,12.24,M,40.03,M,14.0,0907*42
2021:01:22:10:32:56.883000,1611307976.883,$GPGGA,093256.00,6342.533380,N,01057.837459,E,2,12,0.7,12.24,M,40.03,M,15.0,0907*4C
2021:01:22:10:32:58.883000,1611307978.883,$GPGGA,093258.00,6342.535266,N,01057.850258,E,2,12,0.7,12.23,M,40.03,M,17.0,0907*4E
2021:01:22:10:32:59.883000,1611307979.883,$GPGGA,093259.00,6342.536217,N,01057.856643,E,2,12,0.7,12.23,M,40.03,M,18.0,0907*4D
2021:01:22:10:33:00.883000,1611307980.883,$GPGGA,093300.00,6342.537149,N,01057.863034,E,2,12,0.7,12.23,M,40.03,M,19.0,0907*48
2021:01:22:10:33:02.883000,1611307982.883,$GPGGA,093302.00,6342.538986,N,01057.875844,E,2,12,0.7,12.22,M,40.03,M,16.0,0907*48
2021:01:22:10:33:03.883000,1611307983.883,$GPGGA,093303.00,6342.539884,N,01057.882240,E,2,12,0.7,12.22,M,40.03,M,17.0,0907*4C
2021:01:22:10:33:04.883000,1611307984.883,$GPGGA,093304.00,6342.540784,N,01057.888628,E,2,12,0.7,12.23,M,40.03,M,18.0,0907*44
2021:01:22:10:33:06.883000,1611307986.883,$GPGGA,093306.00,6342.542639,N,01057.901376,E,2,12,0.7,12.22,M,40.03,M,11.0,0907*45
2021:01:22:10:33:07.882000,1611307987.882,$GPGGA,093307.00,6342.543553,N,01057.907757,E,2,12,0.7,12.21,M,40.03,M,4.0,0907*7C
2021:01:22:10:33:08.882000,1611307988.882,$GPGGA,093308.00,6342.544462,N,01057.914139,E,2,12,0.7,12.22,M,40.03,M,5.0,0907*79
2021:01:22:10:33:09.882000,1611307989.882,$GPGGA,093309.00,6342.545366,N,01057.920524,E,2,12,0.7,12.22,M,40.03,M,6.0,0907*76
2021:01:22:10:33:10.883000,1611307990.883,$GPGGA,093310.00,6342.546272,N,01057.926910,E,2,12,0.7,12.21,M,40.03,M,7.0,0907*76
2021:01:22:10:33:11.883000,1611307991.883,$GPGGA,093311.00,6342.547167,N,01057.933288,E,2,12,0.7,12.22,M,40.03,M,8.0,0907*73
2021:01:22:10:33:12.883000,1611307992.883,$GPGGA,093312.00,6342.548060,N,01057.939663,E,2,12,0.7,12.23,M,40.03,M,9.0,0907*72
2021:01:22:10:33:13.883000,1611307993.883,$GPGGA,093313.00,6342.548954,N,01057.946049,E,2,12,0.7,12.23,M,40.03,M,10.0,0907*43
2021:01:22:10:33:14.883000,1611307994.883,$GPGGA,093314.00,6342.549873,N,01057.952415,E,2,12,0.7,12.22,M,40.03,M,11.0,0907*49
2021:01:22:10:33:15.883000,1611307995.883,$GPGGA,093315.00,6342.550806,N,01057.958774,E,2,12,0.7,12.23,M,40.02,M,7.0,0907*7B
2021:01:22:10:33:16.883000,1611307996.883,$GPGGA,093316.00,6342.551752,N,01057.965160,E,2,12,0.7,12.24,M,40.02,M,8.0,0907*72
2021:01:22:10:33:17.883000,1611307997.883,$GPGGA,093317.00,6342.552702,N,01057.971525,E,2,12,0.7,12.23,M,40.02,M,9.0,0907*73
2021:01:22:10:33:18.883000,1611307998.883,$GPGGA,093318.00,6342.553639,N,01057.977904,E,2,12,0.7,12.23,M,40.02,M,10.0,0907*45
2021:01:22:10:33:19.883000,1611307999.883,$GPGGA,093319.00,6342.554583,N,01057.984281,E,2,12,0.7,12.23,M,40.02,M,11.0,0907*4A
2021:01:22:10:33:20.883000,1611308000.883,$GPGGA,093320.00,6342.555534,N,01057.990670,E,2,12,0.7,12.23,M,40.02,M,12.0,0907*41
2021:01:22:10:33:21.883000,1611308001.883,$GPGGA,093321.00,6342.556482,N,01057.997052,E,2,12,0.7,12.24,M,40.02,M,8.0,0907*72
2021:01:22:10:33:22.883000,1611308002.883,$GPGGA,093322.00,6342.557430,N,01058.003430,E,2,12,0.7,12.23,M,40.02,M,9.0,0907*74
2021:01:22:10:33:23.883000,1611308003.883,$GPGGA,093323.00,6342.558373,N,01058.009803,E,2,12,0.7,12.23,M,40.02,M,10.0,0907*44
2021:01:22:10:33:24.884000,1611308004.884,$GPGGA,093324.00,6342.559312,N,01058.016194,E,2,12,0.7,12.23,M,40.02,M,5.0,0907*78
2021:01:22:10:33:25.884000,1611308005.884,$GPGGA,093325.00,6342.560246,N,01058.022581,E,2,12,0.7,12.22,M,40.02,M,6.0,0907*76
2021:01:22:10:33:26.884000,1611308006.884,$GPGGA,093326.00,6342.561174,N,01058.028962,E,2,12,0.7,12.22,M,40.02,M,7.0,0907*7C
2021:01:22:10:33:27.884000,1611308007.884,$GPGGA,093327.00,6342.562117,N,01058.035319,E,2,12,0.7,12.23,M,40.02,M,8.0,0907*7F
2021:01:22:10:33:28.884000,1611308008.884,$GPGGA,093328.00,6342.563051,N,01058.041695,E,2,12,0.7,12.23,M,40.02,M,9.0,0907*71
2021:01:22:10:33:29.884000,1611308009.884,$GPGGA,093329.00,6342.563970,N,01058.048061,E,2,12,0.7,12.21,M,40.02,M,10.0,0907*44
2021:01:22:10:33:30.884000,1611308010.884,$GPGGA,093330.00,6342.564897,N,01058.054430,E,2,12,0.7,12.22,M,40.02,M,11.0,0907*4C
2021:01:22:10:33:31.884000,1611308011.884,$GPGGA,093331.00,6342.565836,N,01058.060797,E,2,12,0.7,12.22,M,40.02,M,7.0,0907*79
2021:01:22:10:33:32.884000,1611308012.884,$GPGGA,093332.00,6342.566768,N,01058.067148,E,2,12,0.7,12.23,M,40.02,M,8.0,0907*70
2021:01:22:10:33:33.884000,1611308013.884,$GPGGA,093333.00,6342.567710,N,01058.073483,E,2,12,0.7,12.24,M,40.02,M,9.0,0907*7E
2021:01:22:10:33:34.884000,1611308014.884,$GPGGA,093334.00,6342.568667,N,01058.079811,E,2,12,0.7,12.24,M,40.02,M,5.0,0907*76
2021:01:22:10:33:36.884000,1611308016.884,$GPGGA,093336.00,6342.570542,N,01058.092485,E,2,12,0.7,12.22,M,40.02,M,7.0,0907*79
2021:01:22:10:33:37.883000,1611308017.883,$GPGGA,093337.00,6342.571473,N,01058.098811,E,2,12,0.7,12.23,M,40.02,M,8.0,0907*7F
2021:01:22:10:33:38.883000,1611308018.883,$GPGGA,093338.00,6342.572407,N,01058.105126,E,2,12,0.7,12.23,M,40.02,M,9.0,0907*79
2021:01:22:10:33:39.884000,1611308019.884,$GPGGA,093339.00,6342.573335,N,01058.111449,E,2,12,0.7,12.24,M,40.02,M,10.0,0907*49
2021:01:22:10:33:40.884000,1611308020.884,$GPGGA,093340.00,6342.574257,N,01058.117766,E,2,12,0.7,12.23,M,40.02,M,11.0,0907*4B
2021:01:22:10:33:41.884000,1611308021.884,$GPGGA,093341.00,6342.575170,N,01058.124093,E,2,12,0.7,12.23,M,40.02,M,12.0,0907*43
2021:01:22:10:33:42.884000,1611308022.884,$GPGGA,093342.00,6342.576085,N,01058.130406,E,2,12,0.7,12.23,M,40.02,M,8.0,0907*7E
2021:01:22:10:33:43.884000,1611308023.884,$GPGGA,093343.00,6342.577021,N,01058.136700,E,2,12,0.7,12.24,M,40.02,M,9.0,0907*75
2021:01:22:10:33:44.884000,1611308024.884,$GPGGA,093344.00,6342.577965,N,01058.142979,E,2,12,0.7,12.24,M,40.02,M,5.0,0907*74
2021:01:22:10:33:45.884000,1611308025.884,$GPGGA,093345.00,6342.578898,N,01058.149251,E,2,12,0.7,12.23,M,40.02,M,6.0,0907*77
2021:01:22:10:33:46.884000,1611308026.884,$GPGGA,093346.00,6342.579816,N,01058.155545,E,2,12,0.7,12.22,M,40.02,M,7.0,0907*7C
2021:01:22:10:33:48.884000,1611308028.884,$GPGGA,093348.00,6342.581641,N,01058.168084,E,2,12,0.7,12.24,M,40.02,M,9.0,0907*77
2021:01:22:10:33:49.884000,1611308029.884,$GPGGA,093349.00,6342.582596,N,01058.174315,E,2,12,0.7,12.24,M,40.02,M,10.0,0907*42
2021:01:22:10:33:50.884000,1611308030.884,$GPGGA,093350.00,6342.583550,N,01058.180523,E,2,12,0.7,12.24,M,40.02,M,11.0,0907*48
2021:01:22:10:33:52.884000,1611308032.884,$GPGGA,093352.00,6342.585504,N,01058.192904,E,2,12,0.7,12.23,M,40.02,M,7.0,0907*77
2021:01:22:10:33:53.884000,1611308033.884,$GPGGA,093353.00,6342.586492,N,01058.199088,E,2,12,0.7,12.23,M,40.02,M,8.0,0907*72
2021:01:22:10:33:54.885000,1611308034.885,$GPGGA,093354.00,6342.587484,N,01058.205258,E,2,12,0.7,12.22,M,40.02,M,4.0,0907*77
2021:01:22:10:33:56.885000,1611308036.885,$GPGGA,093356.00,6342.589416,N,01058.217656,E,2,12,0.7,12.21,M,40.02,M,6.0,0907*78
2021:01:22:10:33:57.885000,1611308037.885,$GPGGA,093357.00,6342.590385,N,01058.223868,E,2,12,0.7,12.22,M,40.02,M,7.0,0907*7A
2021:01:22:10:33:58.885000,1611308038.885,$GPGGA,093358.00,6342.591367,N,01058.230069,E,2,12,0.7,12.21,M,40.02,M,8.0,0907*7F
2021:01:22:10:33:59.885000,1611308039.885,$GPGGA,093359.00,6342.592352,N,01058.236268,E,2,12,0.7,12.20,M,40.02,M,9.0,0907*7E
2021:01:22:10:34:00.885000,1611308040.885,$GPGGA,093400.00,6342.593337,N,01058.242461,E,2,12,0.7,12.20,M,40.02,M,10.0,0907*43
2021:01:22:10:34:01.885000,1611308041.885,$GPGGA,093401.00,6342.594316,N,01058.248647,E,2,12,0.7,12.21,M,40.02,M,11.0,0907*4A
2021:01:22:10:34:02.885000,1611308042.885,$GPGGA,093402.00,6342.595284,N,01058.254840,E,2,12,0.7,12.22,M,40.02,M,12.0,0907*46
2021:01:22:10:34:03.884000,1611308043.884,$GPGGA,093403.00,6342.596229,N,01058.261062,E,2,12,0.7,12.22,M,40.02,M,13.0,0907*4C
2021:01:22:10:34:04.884000,1611308044.884,$GPGGA,093404.00,6342.597178,N,01058.267267,E,2,12,0.7,12.22,M,40.02,M,14.0,0907*4B
2021:01:22:10:34:05.884000,1611308045.884,$GPGGA,093405.00,6342.598121,N,01058.273466,E,2,12,0.7,12.22,M,40.02,M,10.0,0907*4F
2021:01:22:10:34:06.884000,1611308046.884,$GPGGA,093406.00,6342.599050,N,01058.279683,E,2,12,0.7,12.22,M,40.02,M,11.0,0907*48
2021:01:22:10:34:08.884000,1611308048.884,$GPGGA,093408.00,6342.600905,N,01058.292087,E,2,12,0.7,12.21,M,40.02,M,7.0,0907*7F
2021:01:22:10:34:09.885000,1611308049.885,$GPGGA,093409.00,6342.601818,N,01058.298294,E,2,12,0.7,12.19,M,40.02,M,8.0,0907*7C
2021:01:22:10:34:10.885000,1611308050.885,$GPGGA,093410.00,6342.602712,N,01058.304522,E,2,12,0.7,12.20,M,40.01,M,9.0,0907*74
2021:01:22:10:34:11.885000,1611308051.885,$GPGGA,093411.00,6342.603610,N,01058.310738,E,2,12,0.7,12.20,M,40.01,M,5.0,0907*77
2021:01:22:10:34:12.885000,1611308052.885,$GPGGA,093412.00,6342.604508,N,01058.316966,E,2,12,0.7,12.20,M,40.01,M,6.0,0907*79
2021:01:22:10:34:13.885000,1611308053.885,$GPGGA,093413.00,6342.605402,N,01058.323189,E,2,12,0.7,12.22,M,40.01,M,7.0,0907*7E
2021:01:22:10:34:14.885000,1611308054.885,$GPGGA,093414.00,6342.606337,N,01058.329399,E,2,12,0.7,12.21,M,40.01,M,8.0,0907*7E
2021:01:22:10:34:15.885000,1611308055.885,$GPGGA,093415.00,6342.607264,N,01058.335607,E,2,12,0.7,12.20,M,40.01,M,9.0,0907*76
2021:01:22:10:34:16.885000,1611308056.885,$GPGGA,093416.00,6342.608187,N,01058.341826,E,2,12,0.7,12.20,M,40.01,M,10.0,0907*42
2021:01:22:10:34:17.885000,1611308057.885,$GPGGA,093417.00,6342.609113,N,01058.348041,E,2,12,0.7,12.20,M,40.01,M,11.0,0907*4E
2021:01:22:10:34:18.885000,1611308058.885,$GPGGA,093418.00,6342.610032,N,01058.354268,E,2,12,0.7,12.21,M,40.01,M,12.0,0907*4D
2021:01:22:10:34:19.885000,1611308059.885,$GPGGA,093419.00,6342.610971,N,01058.360490,E,2,12,0.7,12.21,M,40.01,M,8.0,0907*7F
2021:01:22:10:34:20.885000,1611308060.885,$GPGGA,093420.00,6342.611898,N,01058.366693,E,2,12,0.7,12.22,M,40.01,M,9.0,0907*77
2021:01:22:10:34:21.885000,1611308061.885,$GPGGA,093421.00,6342.612812,N,01058.372857,E,2,12,0.7,12.21,M,40.01,M,10.0,0907*4F
2021:01:22:10:34:22.885000,1611308062.885,$GPGGA,093422.00,6342.613726,N,01058.378904,E,2,12,0.7,12.21,M,40.01,M,11.0,0907*49
2021:01:22:10:34:23.886000,1611308063.886,$GPGGA,093423.00,6342.614636,N,01058.384825,E,2,12,0.7,12.20,M,40.01,M,12.0,0907*4C
2021:01:22:10:34:24.886000,1611308064.886,$GPGGA,093424.00,6342.615522,N,01058.390631,E,2,12,0.7,12.22,M,40.01,M,13.0,0907*41
2021:01:22:10:34:25.886000,1611308065.886,$GPGGA,093425.00,6342.616380,N,01058.396327,E,2,12,0.7,12.25,M,40.01,M,8.0,0907*74
2021:01:22:10:34:26.886000,1611308066.886,$GPGGA,093426.00,6342.617211,N,01058.401903,E,2,12,0.7,12.26,M,40.01,M,9.0,0907*78
2021:01:22:10:34:27.886000,1611308067.886,$GPGGA,093427.00,6342.618016,N,01058.407365,E,2,12,0.7,12.29,M,40.01,M,10.0,0907*48
2021:01:22:10:34:28.886000,1611308068.886,$GPGGA,093428.00,6342.618823,N,01058.412708,E,2,12,0.7,12.29,M,40.01,M,11.0,0907*43
2021:01:22:10:34:29.886000,1611308069.886,$GPGGA,093429.00,6342.619612,N,01058.417938,E,2,12,0.7,12.31,M,40.01,M,7.0,0907*79
2021:01:22:10:34:30.886000,1611308070.886,$GPGGA,093430.00,6342.620392,N,01058.423056,E,2,12,0.7,12.31,M,40.01,M,8.0,0907*7F
2021:01:22:10:34:31.885000,1611308071.885,$GPGGA,093431.00,6342.621152,N,01058.428090,E,2,12,0.7,12.30,M,40.01,M,9.0,0907*70
2021:01:22:10:34:32.885000,1611308072.885,$GPGGA,093432.00,6342.621879,N,01058.433029,E,2,12,0.7,12.32,M,40.01,M,10.0,0907*41
2021:01:22:10:34:33.885000,1611308073.885,$GPGGA,093433.00,6342.622591,N,01058.437853,E,2,12,0.7,12.32,M,40.01,M,11.0,0907*48
2021:01:22:10:34:34.885000,1611308074.885,$GPGGA,093434.00,6342.623288,N,01058.442606,E,2,12,0.7,12.32,M,40.01,M,12.0,0907*4E
2021:01:22:10:34:35.885000,1611308075.885,$GPGGA,093435.00,6342.623969,N,01058.447287,E,2,12,0.7,12.32,M,40.01,M,7.0,0907*77
2021:01:22:10:34:36.885000,1611308076.885,$GPGGA,093436.00,6342.624648,N,01058.451859,E,2,12,0.7,12.33,M,40.01,M,8.0,0907*7F
2021:01:22:10:34:38.886000,1611308078.886,$GPGGA,093438.00,6342.625998,N,01058.460736,E,2,12,0.7,12.34,M,40.01,M,5.0,0907*7C
2021:01:22:10:34:39.886000,1611308079.886,$GPGGA,093439.00,6342.626627,N,01058.465072,E,2,12,0.7,12.35,M,40.01,M,6.0,0907*75
2021:01:22:10:34:40.886000,1611308080.886,$GPGGA,093440.00,6342.627223,N,01058.469319,E,2,12,0.7,12.35,M,40.01,M,7.0,0907*79
2021:01:22:10:34:42.886000,1611308082.886,$GPGGA,093442.00,6342.628381,N,01058.477669,E,2,12,0.7,12.36,M,40.01,M,9.0,0907*7D
2021:01:22:10:34:43.886000,1611308083.886,$GPGGA,093443.00,6342.628956,N,01058.481721,E,2,12,0.7,12.35,M,40.01,M,10.0,0907*43
2021:01:22:10:34:44.886000,1611308084.886,$GPGGA,093444.00,6342.629519,N,01058.485690,E,2,12,0.7,12.35,M,40.01,M,11.0,0907*4C
2021:01:22:10:34:46.886000,1611308086.886,$GPGGA,093446.00,6342.630672,N,01058.493470,E,2,12,0.7,12.34,M,40.01,M,8.0,0907*7A
2021:01:22:10:34:47.886000,1611308087.886,$GPGGA,093447.00,6342.631216,N,01058.497278,E,2,12,0.7,12.34,M,40.01,M,9.0,0907*77
2021:01:22:10:34:48.886000,1611308088.886,$GPGGA,093448.00,6342.631716,N,01058.501044,E,2,12,0.7,12.35,M,40.01,M,10.0,0907*47
2021:01:22:10:34:50.886000,1611308090.886,$GPGGA,093450.00,6342.632726,N,01058.508406,E,2,12,0.7,12.36,M,40.01,M,12.0,0907*44
2021:01:22:10:34:51.886000,1611308091.886,$GPGGA,093451.00,6342.633256,N,01058.511967,E,2,12,0.7,12.35,M,40.01,M,13.0,0907*46
2021:01:22:10:34:52.886000,1611308092.886,$GPGGA,093452.00,6342.633772,N,01058.515502,E,2,12,0.7,12.36,M,40.01,M,8.0,0907*74
2021:01:22:10:34:53.887000,1611308093.887,$GPGGA,093453.00,6342.634261,N,01058.519019,E,2,12,0.7,12.35,M,40.01,M,9.0,0907*74
2021:01:22:10:34:54.887000,1611308094.887,$GPGGA,093454.00,6342.634751,N,01058.522467,E,2,12,0.7,12.35,M,40.01,M,10.0,0907*48
2021:01:22:10:34:55.887000,1611308095.887,$GPGGA,093455.00,6342.635227,N,01058.525852,E,2,12,0.7,12.36,M,40.01,M,11.0,0907*43
2021:01:22:10:34:56.887000,1611308096.887,$GPGGA,093456.00,6342.635712,N,01058.529200,E,2,12,0.7,12.36,M,40.01,M,12.0,0907*41
2021:01:22:10:34:58.887000,1611308098.887,$GPGGA,093458.00,6342.636641,N,01058.535780,E,2,12,0.7,12.36,M,40.01,M,9.0,0907*71
2021:01:22:10:34:59.887000,1611308099.887,$GPGGA,093459.00,6342.637090,N,01058.538996,E,2,12,0.7,12.36,M,40.01,M,10.0,0907*47
2021:01:22:10:35:00.886000,1611308100.886,$GPGGA,093500.00,6342.637548,N,01058.542156,E,2,12,0.7,12.36,M,40.01,M,11.0,0907*42
2021:01:22:10:35:02.886000,1611308102.886,$GPGGA,093502.00,6342.638453,N,01058.548384,E,2,12,0.7,12.35,M,40.01,M,8.0,0907*78
2021:01:22:10:35:03.886000,1611308103.886,$GPGGA,093503.00,6342.638879,N,01058.551412,E,2,12,0.7,12.35,M,40.01,M,9.0,0907*7C
2021:01:22:10:35:04.886000,1611308104.886,$GPGGA,093504.00,6342.639320,N,01058.554402,E,2,12,0.7,12.36,M,40.01,M,10.0,0907*42
2021:01:22:10:35:06.886000,1611308106.886,$GPGGA,093506.00,6342.640194,N,01058.560323,E,2,12,0.7,12.35,M,40.01,M,12.0,0907*41
2021:01:22:10:35:07.886000,1611308107.886,$GPGGA,093507.00,6342.640608,N,01058.563196,E,2,12,0.7,12.35,M,40.01,M,13.0,0907*4C
2021:01:22:10:35:08.887000,1611308108.887,$GPGGA,093508.00,6342.641009,N,01058.566043,E,2,12,0.7,12.34,M,40.01,M,8.0,0907*72
2021:01:22:10:35:09.887000,1611308109.887,$GPGGA,093509.00,6342.641395,N,01058.568862,E,2,12,0.7,12.34,M,40.01,M,9.0,0907*71
2021:01:22:10:35:10.887000,1611308110.887,$GPGGA,093510.00,6342.641769,N,01058.571658,E,2,12,0.7,12.34,M,40.01,M,10.0,0907*49
2021:01:22:10:35:11.887000,1611308111.887,$GPGGA,093511.00,6342.642146,N,01058.574430,E,2,12,0.7,12.33,M,40.01,M,11.0,0907*4F
2021:01:22:10:35:12.887000,1611308112.887,$GPGGA,093512.00,6342.642516,N,01058.577159,E,2,12,0.7,12.33,M,40.01,M,7.0,0907*73
2021:01:22:10:35:13.887000,1611308113.887,$GPGGA,093513.00,6342.642893,N,01058.579855,E,2,12,0.7,12.34,M,40.01,M,8.0,0907*71
2021:01:22:10:35:14.887000,1611308114.887,$GPGGA,093514.00,6342.643241,N,01058.582515,E,2,12,0.7,12.35,M,40.01,M,9.0,0907*7F
2021:01:22:10:35:15.887000,1611308115.887,$GPGGA,093515.00,6342.643577,N,01058.585159,E,2,12,0.7,12.34,M,40.01,M,10.0,0907*4E
2021:01:22:10:35:16.887000,1611308116.887,$GPGGA,093516.00,6342.643905,N,01058.587781,E,2,12,0.7,12.33,M,40.01,M,6.0,0907*75
2021:01:22:10:35:17.887000,1611308117.887,$GPGGA,093517.00,6342.644216,N,01058.590366,E,2,12,0.7,12.33,M,40.01,M,7.0,0907*70
2021:01:22:10:35:18.887000,1611308118.887,$GPGGA,093518.00,6342.644526,N,01058.592903,E,2,12,0.7,12.33,M,40.01,M,8.0,0907*7F
2021:01:22:10:35:19.887000,1611308119.887,$GPGGA,093519.00,6342.644823,N,01058.595414,E,2,12,0.7,12.35,M,40.01,M,9.0,0907*7D
2021:01:22:10:35:20.887000,1611308120.887,$GPGGA,093520.00,6342.645113,N,01058.597931,E,2,12,0.7,12.35,M,40.01,M,10.0,0907*4C
2021:01:22:10:35:21.887000,1611308121.887,$GPGGA,093521.00,6342.645422,N,01058.600407,E,2,12,0.7,12.35,M,40.01,M,11.0,0907*4E
2021:01:22:10:35:22.888000,1611308122.888,$GPGGA,093522.00,6342.645716,N,01058.602824,E,2,12,0.7,12.36,M,40.01,M,6.0,0907*73
2021:01:22:10:35:23.888000,1611308123.888,$GPGGA,093523.00,6342.646008,N,01058.605243,E,2,12,0.7,12.35,M,40.01,M,7.0,0907*77
2021:01:22:10:35:24.888000,1611308124.888,$GPGGA,093524.00,6342.646296,N,01058.607626,E,2,12,0.7,12.35,M,40.01,M,8.0,0907*7F
2021:01:22:10:35:25.888000,1611308125.888,$GPGGA,093525.00,6342.646575,N,01058.609959,E,2,12,0.7,12.36,M,40.01,M,4.0,0907*72
2021:01:22:10:35:26.888000,1611308126.888,$GPGGA,093526.00,6342.646840,N,01058.612304,E,2,12,0.7,12.36,M,40.01,M,5.0,0907*73
2021:01:22:10:35:27.887000,1611308127.887,$GPGGA,093527.00,6342.647099,N,01058.614637,E,2,12,0.7,12.35,M,40.01,M,6.0,0907*7C
2021:01:22:10:35:28.887000,1611308128.887,$GPGGA,093528.00,6342.647384,N,01058.616927,E,2,12,0.7,12.36,M,40.01,M,7.0,0907*72
2021:01:22:10:35:29.887000,1611308129.887,$GPGGA,093529.00,6342.647677,N,01058.619180,E,2,12,0.7,12.36,M,40.01,M,8.0,0907*7F
2021:01:22:10:35:30.887000,1611308130.887,$GPGGA,093530.00,6342.647939,N,01058.621416,E,2,12,0.7,12.36,M,40.01,M,9.0,0907*72
2021:01:22:10:35:31.887000,1611308131.887,$GPGGA,093531.00,6342.648194,N,01058.623644,E,2,12,0.7,12.35,M,40.01,M,10.0,0907*4F
2021:01:22:10:35:32.887000,1611308132.887,$GPGGA,093532.00,6342.648451,N,01058.625860,E,2,12,0.7,12.34,M,40.01,M,6.0,0907*78
2021:01:22:10:35:33.887000,1611308133.887,$GPGGA,093533.00,6342.648723,N,01058.628020,E,2,12,0.7,12.35,M,40.01,M,7.0,0907*7E
2021:01:22:10:35:34.887000,1611308134.887,$GPGGA,093534.00,6342.648999,N,01058.630161,E,2,12,0.7,12.36,M,40.01,M,8.0,0907*77
2021:01:22:10:35:35.887000,1611308135.887,$GPGGA,093535.00,6342.649246,N,01058.632305,E,2,12,0.7,12.35,M,40.01,M,9.0,0907*7E
2021:01:22:10:35:36.887000,1611308136.887,$GPGGA,093536.00,6342.649500,N,01058.634409,E,2,12,0.7,12.35,M,40.01,M,10.0,0907*4D
2021:01:22:10:35:37.888000,1611308137.888,$GPGGA,093537.00,6342.649761,N,01058.636478,E,2,12,0.7,12.36,M,40.01,M,11.0,0907*4F
2021:01:22:10:35:38.888000,1611308138.888,$GPGGA,093538.00,6342.650024,N,01058.638540,E,2,12,0.7,12.37,M,40.01,M,12.0,0907*48
2021:01:22:10:35:40.888000,1611308140.888,$GPGGA,093540.00,6342.650554,N,01058.642617,E,2,12,0.7,12.34,M,40.01,M,8.0,0907*71
2021:01:22:10:35:41.888000,1611308141.888,$GPGGA,093541.00,6342.650802,N,01058.644598,E,2,12,0.7,12.34,M,40.00,M,9.0,0907*7C
2021:01:22:10:35:42.888000,1611308142.888,$GPGGA,093542.00,6342.651054,N,01058.646564,E,2,12,0.7,12.35,M,40.00,M,10.0,0907*4D
2021:01:22:10:35:43.888000,1611308143.888,$GPGGA,093543.00,6342.651309,N,01058.648519,E,2,12,0.7,12.35,M,40.00,M,6.0,0907*74
2021:01:22:10:35:44.888000,1611308144.888,$GPGGA,093544.00,6342.651573,N,01058.650470,E,2,12,0.7,12.35,M,40.00,M,7.0,0907*7E
2021:01:22:10:35:45.888000,1611308145.888,$GPGGA,093545.00,6342.651841,N,01058.652387,E,2,12,0.7,12.34,M,40.00,M,8.0,0907*70
2021:01:22:10:35:46.888000,1611308146.888,$GPGGA,093546.00,6342.652088,N,01058.654272,E,2,12,0.7,12.34,M,40.00,M,9.0,0907*71
2021:01:22:10:35:48.888000,1611308148.888,$GPGGA,093548.00,6342.652608,N,01058.657993,E,2,12,0.7,12.35,M,40.00,M,11.0,0907*4E
2021:01:22:10:35:49.888000,1611308149.888,$GPGGA,093549.00,6342.652854,N,01058.659835,E,2,12,0.7,12.34,M,40.00,M,6.0,0907*7C
2021:01:22:10:35:50.888000,1611308150.888,$GPGGA,093550.00,6342.653101,N,01058.661659,E,2,12,0.7,12.35,M,40.00,M,7.0,0907*73
2021:01:22:10:35:52.889000,1611308152.889,$GPGGA,093552.00,6342.653613,N,01058.665250,E,2,12,0.7,12.35,M,40.00,M,9.0,0907*72
2021:01:22:10:35:53.889000,1611308153.889,$GPGGA,093553.00,6342.653861,N,01058.666992,E,2,12,0.7,12.34,M,40.00,M,5.0,0907*73
2021:01:22:10:35:54.889000,1611308154.889,$GPGGA,093554.00,6342.654105,N,01058.668721,E,2,12,0.7,12.34,M,40.00,M,6.0,0907*73
2021:01:22:10:35:56.888000,1611308156.888,$GPGGA,093556.00,6342.654618,N,01058.672199,E,2,12,0.7,12.33,M,40.00,M,8.0,0907*7D
2021:01:22:10:35:57.888000,1611308157.888,$GPGGA,093557.00,6342.654855,N,01058.673887,E,2,12,0.7,12.34,M,40.00,M,9.0,0907*7A
2021:01:22:10:35:58.888000,1611308158.888,$GPGGA,093558.00,6342.655092,N,01058.675546,E,2,12,0.7,12.35,M,40.00,M,10.0,0907*48
2021:01:22:10:36:00.888000,1611308160.888,$GPGGA,093600.00,6342.655633,N,01058.678862,E,2,12,0.7,12.35,M,40.00,M,7.0,0907*7B
2021:01:22:10:36:01.888000,1611308161.888,$GPGGA,093601.00,6342.655902,N,01058.680486,E,2,12,0.7,12.35,M,40.00,M,8.0,0907*79
2021:01:22:10:36:02.888000,1611308162.888,$GPGGA,093602.00,6342.656166,N,01058.682088,E,2,12,0.7,12.34,M,40.00,M,9.0,0907*7B
2021:01:22:10:36:03.888000,1611308163.888,$GPGGA,093603.00,6342.656427,N,01058.683668,E,2,12,0.7,12.34,M,40.00,M,10.0,0907*4B
2021:01:22:10:36:04.888000,1611308164.888,$GPGGA,093604.00,6342.656684,N,01058.685239,E,2,12,0.7,12.34,M,40.00,M,11.0,0907*40
2021:01:22:10:36:05.888000,1611308165.888,$GPGGA,093605.00,6342.656930,N,01058.686788,E,2,12,0.7,12.35,M,40.00,M,12.0,0907*4F
2021:01:22:10:36:06.888000,1611308166.888,$GPGGA,093606.00,6342.657196,N,01058.688301,E,2,12,0.7,12.36,M,40.00,M,7.0,0907*75
2021:01:22:10:36:08.889000,1611308168.889,$GPGGA,093608.00,6342.657775,N,01058.691308,E,2,12,0.7,12.34,M,40.00,M,9.0,0907*7D
2021:01:22:10:36:09.889000,1611308169.889,$GPGGA,093609.00,6342.658052,N,01058.692796,E,2,12,0.7,12.36,M,40.00,M,5.0,0907*7F
2021:01:22:10:36:10.889000,1611308170.889,$GPGGA,093610.00,6342.658334,N,01058.694251,E,2,12,0.7,12.36,M,40.00,M,6.0,0907*7F
2021:01:22:10:36:12.889000,1611308172.889,$GPGGA,093612.00,6342.658871,N,01058.697162,E,2,12,0.7,12.36,M,40.00,M,8.0,0907*79
2021:01:22:10:36:13.889000,1611308173.889,$GPGGA,093613.00,6342.659144,N,01058.698589,E,2,12,0.7,12.35,M,40.00,M,9.0,0907*7A
2021:01:22:10:36:14.889000,1611308174.889,$GPGGA,093614.00,6342.659423,N,01058.699984,E,2,12,0.7,12.34,M,40.00,M,10.0,0907*40
2021:01:22:10:36:16.889000,1611308176.889,$GPGGA,093616.00,6342.659977,N,01058.702816,E,2,12,0.7,12.34,M,40.00,M,7.0,0907*71
2021:01:22:10:36:17.889000,1611308177.889,$GPGGA,093617.00,6342.660271,N,01058.704161,E,2,12,0.7,12.34,M,40.00,M,8.0,0907*77
2021:01:22:10:36:18.889000,1611308178.889,$GPGGA,093618.00,6342.660541,N,01058.705503,E,2,12,0.7,12.35,M,40.00,M,9.0,0907*7D
2021:01:22:10:36:19.889000,1611308179.889,$GPGGA,093619.00,6342.660806,N,01058.706878,E,2,12,0.7,12.34,M,40.00,M,5.0,0907*7D
2021:01:22:10:36:20.889000,1611308180.889,$GPGGA,093620.00,6342.661079,N,01058.708207,E,2,12,0.7,12.33,M,40.00,M,6.0,0907*7E
2021:01:22:10:36:21.890000,1611308181.89,$GPGGA,093621.00,6342.661345,N,01058.709516,E,2,12,0.7,12.33,M,40.00,M,7.0,0907*74
2021:01:22:10:36:22.890000,1611308182.89,$GPGGA,093622.00,6342.661601,N,01058.710830,E,2,12,0.7,12.33,M,40.00,M,8.0,0907*7C
2021:01:22:10:36:23.890000,1611308183.89,$GPGGA,093623.00,6342.661873,N,01058.712141,E,2,12,0.7,12.31,M,40.00,M,9.0,0907*78
2021:01:22:10:36:24.889000,1611308184.889,$GPGGA,093624.00,6342.662149,N,01058.713406,E,2,12,0.7,12.32,M,40.00,M,10.0,0907*40
2021:01:22:10:36:25.889000,1611308185.889,$GPGGA,093625.00,6342.662430,N,01058.714655,E,2,12,0.7,12.32,M,40.00,M,11.0,0907*48
2021:01:22:10:36:26.889000,1611308186.889,$GPGGA,093626.00,6342.662687,N,01058.715916,E,2,12,0.7,12.34,M,40.00,M,7.0,0907*7D
2021:01:22:10:36:27.889000,1611308187.889,$GPGGA,093627.00,6342.662942,N,01058.717161,E,2,12,0.7,12.33,M,40.00,M,8.0,0907*78
2021:01:22:10:36:28.889000,1611308188.889,$GPGGA,093628.00,6342.663220,N,01058.718408,E,2,12,0.7,12.30,M,40.00,M,9.0,0907*7E
2021:01:22:10:36:29.889000,1611308189.889,$GPGGA,093629.00,6342.663481,N,01058.719643,E,2,12,0.7,12.31,M,40.00,M,10.0,0907*47
2021:01:22:10:36:30.889000,1611308190.889,$GPGGA,093630.00,6342.663742,N,01058.720850,E,2,12,0.7,12.34,M,40.00,M,5.0,0907*74
2021:01:22:10:36:31.889000,1611308191.889,$GPGGA,093631.00,6342.664015,N,01058.722037,E,2,12,0.7,12.32,M,40.00,M,6.0,0907*79
2021:01:22:10:36:32.889000,1611308192.889,$GPGGA,093632.00,6342.664284,N,01058.723247,E,2,12,0.7,12.33,M,40.00,M,7.0,0907*74
2021:01:22:10:36:33.889000,1611308193.889,$GPGGA,093633.00,6342.664556,N,01058.724449,E,2,12,0.7,12.34,M,40.00,M,8.0,0907*7A
2021:01:22:10:36:34.889000,1611308194.889,$GPGGA,093634.00,6342.664824,N,01058.725617,E,2,12,0.7,12.33,M,40.00,M,9.0,0907*7B
2021:01:22:10:36:35.889000,1611308195.889,$GPGGA,093635.00,6342.665087,N,01058.726756,E,2,12,0.7,12.32,M,40.00,M,10.0,0907*44
2021:01:22:10:36:36.890000,1611308196.89,$GPGGA,093636.00,6342.665347,N,01058.727911,E,2,12,0.7,12.33,M,40.00,M,6.0,0907*72
2021:01:22:10:36:37.890000,1611308197.89,$GPGGA,093637.00,6342.665602,N,01058.729103,E,2,12,0.7,12.34,M,40.00,M,7.0,0907*74
2021:01:22:10:36:38.890000,1611308198.89,$GPGGA,093638.00,6342.665868,N,01058.730250,E,2,12,0.7,12.33,M,40.00,M,8.0,0907*7C
2021:01:22:10:36:39.890000,1611308199.89,$GPGGA,093639.00,6342.666150,N,01058.731342,E,2,12,0.7,12.34,M,40.00,M,9.0,0907*79
2021:01:22:10:36:40.890000,1611308200.89,$GPGGA,093640.00,6342.666411,N,01058.732461,E,2,12,0.7,12.34,M,40.00,M,10.0,0907*4A
2021:01:22:10:36:42.890000,1611308202.89,$GPGGA,093642.00,6342.666930,N,01058.734687,E,2,12,0.7,12.34,M,40.00,M,12.0,0907*48
2021:01:22:10:36:43.890000,1611308203.89,$GPGGA,093643.00,6342.667196,N,01058.735774,E,2,12,0.7,12.34,M,40.00,M,8.0,0907*7B
2021:01:22:10:36:44.890000,1611308204.89,$GPGGA,093644.00,6342.667461,N,01058.736863,E,2,12,0.7,12.35,M,40.00,M,9.0,0907*7B
2021:01:22:10:36:46.890000,1611308206.89,$GPGGA,093646.00,6342.667978,N,01058.739011,E,2,12,0.7,12.34,M,40.00,M,6.0,0907*70
2021:01:22:10:36:47.890000,1611308207.89,$GPGGA,093647.00,6342.668243,N,01058.740070,E,2,12,0.7,12.34,M,40.00,M,7.0,0907*75
2021:01:22:10:36:48.890000,1611308208.89,$GPGGA,093648.00,6342.668496,N,01058.741148,E,2,12,0.7,12.34,M,40.00,M,8.0,0907*70
2021:01:22:10:36:50.891000,1611308210.891,$GPGGA,093650.00,6342.669009,N,01058.743216,E,2,12,0.7,12.35,M,40.00,M,10.0,0907*48
2021:01:22:10:36:51.891000,1611308211.891,$GPGGA,093651.00,6342.669249,N,01058.744280,E,2,12,0.7,12.35,M,40.00,M,11.0,0907*46
2021:01:22:10:36:52.891000,1611308212.891,$GPGGA,093652.00,6342.669481,N,01058.745362,E,2,12,0.7,12.34,M,40.00,M,12.0,0907*49
2021:01:22:10:36:53.890000,1611308213.89,$GPGGA,093653.00,6342.669744,N,01058.746412,E,2,12,0.7,12.34,M,40.00,M,13.0,0907*40
2021:01:22:10:36:54.890000,1611308214.89,$GPGGA,093654.00,6342.670035,N,01058.747426,E,2,12,0.7,12.34,M,40.00,M,14.0,0907*4F
2021:01:22:10:36:55.890000,1611308215.89,$GPGGA,093655.00,6342.670337,N,01058.748417,E,2,12,0.7,12.34,M,40.00,M,9.0,0907*7E
2021:01:22:10:36:56.890000,1611308216.89,$GPGGA,093656.00,6342.670603,N,01058.749438,E,2,12,0.7,12.35,M,40.00,M,5.0,0907*7E
2021:01:22:10:36:57.890000,1611308217.89,$GPGGA,093657.00,6342.670842,N,01058.750444,E,2,12,0.7,12.36,M,40.00,M,6.0,0907*77
2021:01:22:10:36:58.890000,1611308218.89,$GPGGA,093658.00,6342.671087,N,01058.751415,E,2,12,0.7,12.37,M,40.00,M,7.0,0907*7D
2021:01:22:10:36:59.890000,1611308219.89,$GPGGA,093659.00,6342.671330,N,01058.752363,E,2,12,0.7,12.37,M,40.00,M,8.0,0907*79
2021:01:22:10:37:00.890000,1611308220.89,$GPGGA,093700.00,6342.671614,N,01058.753251,E,2,12,0.7,12.37,M,40.00,M,9.0,0907*77
2021:01:22:10:37:02.890000,1611308222.89,$GPGGA,093702.00,6342.672187,N,01058.754921,E,2,12,0.7,12.34,M,40.00,M,11.0,0907*4A
2021:01:22:10:37:03.890000,1611308223.89,$GPGGA,093703.00,6342.672436,N,01058.755682,E,2,12,0.7,12.36,M,40.00,M,7.0,0907*76
2021:01:22:10:37:04.890000,1611308224.89,$GPGGA,093704.00,6342.672701,N,01058.756428,E,2,12,0.7,12.37,M,40.00,M,8.0,0907*79
2021:01:22:10:37:06.891000,1611308226.891,$GPGGA,093706.00,6342.673268,N,01058.757805,E,2,12,0.7,12.36,M,40.00,M,10.0,0907*4A
2021:01:22:10:37:07.891000,1611308227.891,$GPGGA,093707.00,6342.673559,N,01058.758440,E,2,12,0.7,12.35,M,40.00,M,11.0,0907*4E
2021:01:22:10:37:08.891000,1611308228.891,$GPGGA,093708.00,6342.673845,N,01058.759046,E,2,12,0.7,12.35,M,40.00,M,12.0,0907*41
2021:01:22:10:37:10.891000,1611308230.891,$GPGGA,093710.00,6342.674424,N,01058.760108,E,2,12,0.7,12.35,M,40.00,M,9.0,0907*7F
2021:01:22:10:37:11.891000,1611308231.891,$GPGGA,093711.00,6342.674711,N,01058.760603,E,2,12,0.7,12.35,M,40.00,M,10.0,0907*4F
2021:01:22:10:37:12.891000,1611308232.891,$GPGGA,093712.00,6342.675004,N,01058.761051,E,2,12,0.7,12.35,M,40.00,M,11.0,0907*4F
2021:01:22:10:37:13.891000,1611308233.891,$GPGGA,093713.00,6342.675290,N,01058.761474,E,2,12,0.7,12.36,M,40.00,M,6.0,0907*77
2021:01:22:10:37:14.891000,1611308234.891,$GPGGA,093714.00,6342.675575,N,01058.761855,E,2,12,0.7,12.37,M,40.00,M,7.0,0907*73
2021:01:22:10:37:15.891000,1611308235.891,$GPGGA,093715.00,6342.675896,N,01058.762231,E,2,12,0.7,12.37,M,40.00,M,8.0,0907*76
2021:01:22:10:37:16.891000,1611308236.891,$GPGGA,093716.00,6342.676209,N,01058.762615,E,2,12,0.7,12.37,M,40.00,M,9.0,0907*79
2021:01:22:10:37:17.891000,1611308237.891,$GPGGA,093717.00,6342.676530,N,01058.762939,E,2,12,0.7,12.36,M,40.00,M,10.0,0907*4D
2021:01:22:10:37:18.891000,1611308238.891,$GPGGA,093718.00,6342.676819,N,01058.763212,E,2,12,0.7,12.35,M,40.00,M,11.0,0907*45
2021:01:22:10:37:19.892000,1611308239.892,$GPGGA,093719.00,6342.677095,N,01058.763503,E,2,12,0.7,12.35,M,40.00,M,7.0,0907*79
2021:01:22:10:37:20.891000,1611308240.891,$GPGGA,093720.00,6342.677393,N,01058.763783,E,2,12,0.7,12.36,M,40.00,M,8.0,0907*70
2021:01:22:10:37:21.891000,1611308241.891,$GPGGA,093721.00,6342.677703,N,01058.763985,E,2,12,0.7,12.37,M,40.00,M,9.0,0907*74
2021:01:22:10:37:22.891000,1611308242.891,$GPGGA,093722.00,6342.677999,N,01058.764192,E,2,12,0.7,12.36,M,40.00,M,10.0,0907*4A
2021:01:22:10:37:23.891000,1611308243.891,$GPGGA,093723.00,6342.678313,N,01058.764435,E,2,12,0.7,12.36,M,40.00,M,6.0,0907*73
2021:01:22:10:37:24.891000,1611308244.891,$GPGGA,093724.00,6342.678623,N,01058.764604,E,2,12,0.7,12.36,M,40.00,M,7.0,0907*73
2021:01:22:10:37:25.891000,1611308245.891,$GPGGA,093725.00,6342.678926,N,01058.764745,E,2,12,0.7,12.36,M,40.00,M,8.0,0907*73
2021:01:22:10:37:26.891000,1611308246.891,$GPGGA,093726.00,6342.679240,N,01058.764914,E,2,12,0.7,12.38,M,40.00,M,9.0,0907*7F
2021:01:22:10:37:27.891000,1611308247.891,$GPGGA,093727.00,6342.679536,N,01058.765026,E,2,12,0.7,12.40,M,40.00,M,10.0,0907*46
2021:01:22:10:37:28.891000,1611308248.891,$GPGGA,093728.00,6342.679818,N,01058.765107,E,2,12,0.7,12.39,M,40.00,M,11.0,0907*45
2021:01:22:10:37:29.891000,1611308249.891,$GPGGA,093729.00,6342.680118,N,01058.765207,E,2,12,0.7,12.37,M,40.00,M,12.0,0907*45
2021:01:22:10:37:30.891000,1611308250.891,$GPGGA,093730.00,6342.680421,N,01058.765295,E,2,12,0.7,12.37,M,40.00,M,7.0,0907*7D
2021:01:22:10:37:31.891000,1611308251.891,$GPGGA,093731.00,6342.680719,N,01058.765355,E,2,12,0.7,12.37,M,40.00,M,8.0,0907*76
2021:01:22:10:37:32.891000,1611308252.891,$GPGGA,093732.00,6342.681021,N,01058.765408,E,2,12,0.7,12.38,M,40.00,M,9.0,0907*79
2021:01:22:10:37:33.891000,1611308253.891,$GPGGA,093733.00,6342.681328,N,01058.765440,E,2,12,0.7,12.39,M,40.00,M,5.0,0907*73
2021:01:22:10:37:34.892000,1611308254.892,$GPGGA,093734.00,6342.681616,N,01058.765479,E,2,12,0.7,12.40,M,40.00,M,6.0,0907*7B
2021:01:22:10:37:35.892000,1611308255.892,$GPGGA,093735.00,6342.681933,N,01058.765552,E,2,12,0.7,12.38,M,40.00,M,7.0,0907*74
2021:01:22:10:37:36.892000,1611308256.892,$GPGGA,093736.00,6342.682247,N,01058.765608,E,2,12,0.7,12.37,M,40.00,M,8.0,0907*70
2021:01:22:10:37:37.892000,1611308257.892,$GPGGA,093737.00,6342.682552,N,01058.765703,E,2,12,0.7,12.36,M,40.00,M,9.0,0907*78
2021:01:22:10:37:38.892000,1611308258.892,$GPGGA,093738.00,6342.682868,N,01058.765893,E,2,12,0.7,12.34,M,40.00,M,10.0,0907*4F
2021:01:22:10:37:39.892000,1611308259.892,$GPGGA,093739.00,6342.683150,N,01058.766086,E,2,12,0.7,12.34,M,40.00,M,11.0,0907*43
2021:01:22:10:37:40.892000,1611308260.892,$GPGGA,093740.00,6342.683414,N,01058.766284,E,2,12,0.7,12.34,M,40.00,M,7.0,0907*7F
2021:01:22:10:37:41.892000,1611308261.892,$GPGGA,093741.00,6342.683673,N,01058.766531,E,2,12,0.7,12.34,M,40.00,M,8.0,0907*7B
2021:01:22:10:37:42.892000,1611308262.892,$GPGGA,093742.00,6342.683854,N,01058.766772,E,2,12,0.7,12.35,M,40.00,M,9.0,0907*76
2021:01:22:10:37:43.892000,1611308263.892,$GPGGA,093743.00,6342.683984,N,01058.767055,E,2,12,0.7,12.33,M,40.00,M,10.0,0907*46
2021:01:22:10:37:44.892000,1611308264.892,$GPGGA,093744.00,6342.684116,N,01058.767420,E,2,12,0.7,12.31,M,40.00,M,6.0,0907*76
2021:01:22:10:37:45.892000,1611308265.892,$GPGGA,093745.00,6342.684294,N,01058.767809,E,2,12,0.7,12.33,M,40.00,M,7.0,0907*7A
2021:01:22:10:37:46.892000,1611308266.892,$GPGGA,093746.00,6342.684517,N,01058.768288,E,2,12,0.7,12.33,M,40.00,M,8.0,0907*76
2021:01:22:10:37:48.892000,1611308268.892,$GPGGA,093748.00,6342.684945,N,01058.769598,E,2,12,0.7,12.32,M,40.00,M,10.0,0907*4C
2021:01:22:10:37:49.892000,1611308269.892,$GPGGA,093749.00,6342.685079,N,01058.770279,E,2,12,0.7,12.32,M,40.00,M,11.0,0907*4B
2021:01:22:10:37:50.892000,1611308270.892,$GPGGA,093750.00,6342.685142,N,01058.770885,E,2,12,0.7,12.30,M,40.00,M,12.0,0907*42
2021:01:22:10:37:51.892000,1611308271.892,$GPGGA,093751.00,6342.685151,N,01058.771428,E,2,12,0.7,12.32,M,40.00,M,13.0,0907*48
2021:01:22:10:37:52.892000,1611308272.892,$GPGGA,093752.00,6342.685130,N,01058.772001,E,2,12,0.7,12.34,M,40.00,M,14.0,0907*41
2021:01:22:10:37:53.892000,1611308273.892,$GPGGA,093753.00,6342.685106,N,01058.772649,E,2,12,0.7,12.35,M,40.00,M,15.0,0907*4F
2021:01:22:10:37:54.892000,1611308274.892,$GPGGA,093754.00,6342.685072,N,01058.773346,E,2,12,0.7,12.34,M,40.00,M,16.0,0907*43
2021:01:22:10:37:56.892000,1611308276.892,$GPGGA,093756.00,6342.684917,N,01058.774807,E,2,12,0.7,12.35,M,40.00,M,18.0,0907*4C
2021:01:22:10:37:57.892000,1611308277.892,$GPGGA,093757.00,6342.684762,N,01058.775453,E,2,12,0.7,12.35,M,40.00,M,19.0,0907*4C
2021:01:22:10:37:58.892000,1611308278.892,$GPGGA,093758.00,6342.684596,N,01058.776210,E,2,12,0.7,12.33,M,40.00,M,20.0,0907*44
2021:01:22:10:38:00.892000,1611308280.892,$GPGGA,093800.00,6342.684272,N,01058.778028,E,2,12,0.7,12.35,M,40.00,M,22.0,0907*48
2021:01:22:10:38:01.892000,1611308281.892,$GPGGA,093801.00,6342.684072,N,01058.778960,E,2,12,0.7,12.34,M,40.00,M,23.0,0907*4E
2021:01:22:10:38:02.892000,1611308282.892,$GPGGA,093802.00,6342.683797,N,01058.779870,E,2,12,0.7,12.34,M,40.00,M,24.0,0907*40
2021:01:22:10:38:03.893000,1611308283.893,$GPGGA,093803.00,6342.683517,N,01058.780832,E,2,12,0.7,12.34,M,40.00,M,25.0,0907*4A
2021:01:22:10:38:04.893000,1611308284.893,$GPGGA,093804.00,6342.683270,N,01058.781850,E,2,12,0.7,12.34,M,40.00,M,26.0,0907*4D
2021:01:22:10:38:05.893000,1611308285.893,$GPGGA,093805.00,6342.683030,N,01058.782939,E,2,12,0.7,12.32,M,40.00,M,27.0,0907*40
2021:01:22:10:38:06.893000,1611308286.893,$GPGGA,093806.00,6342.682788,N,01058.784189,E,2,12,0.7,12.31,M,40.00,M,28.0,0907*4F
2021:01:22:10:38:08.893000,1611308288.893,$GPGGA,093808.00,6342.682206,N,01058.786549,E,2,12,0.7,12.31,M,40.00,M,30.0,0907*41
2021:01:22:10:38:09.893000,1611308289.893,$GPGGA,093809.00,6342.681855,N,01058.787401,E,2,12,0.7,12.31,M,40.00,M,31.0,0907*42
2021:01:22:10:38:10.893000,1611308290.893,$GPGGA,093810.00,6342.681494,N,01058.788276,E,2,12,0.7,12.32,M,40.00,M,32.0,0907*42
2021:01:22:10:38:12.893000,1611308292.893,$GPGGA,093812.00,6342.680881,N,01058.790237,E,2,12,0.7,12.34,M,40.00,M,34.0,0907*45
2021:01:22:10:38:13.893000,1611308293.893,$GPGGA,093813.00,6342.680593,N,01058.791169,E,2,12,0.7,12.32,M,40.00,M,35.0,0907*44
2021:01:22:10:38:14.893000,1611308294.893,$GPGGA,093814.00,6342.680300,N,01058.792114,E,2,12,0.7,12.33,M,40.00,M,36.0,0907*44
2021:01:22:10:38:16.893000,1611308296.893,$GPGGA,093816.00,6342.679725,N,01058.793846,E,2,12,0.7,12.32,M,40.00,M,38.0,0907*43
2021:01:22:10:38:17.893000,1611308297.893,$GPGGA,093817.00,6342.679449,N,01058.794658,E,2,12,0.7,12.31,M,40.00,M,39.0,0907*4F
2021:01:22:10:38:18.894000,1611308298.894,$GPGGA,093818.00,6342.679180,N,01058.795499,E,2,12,0.7,12.32,M,40.00,M,40.0,0907*43
2021:01:22:10:38:19.893000,1611308299.893,$GPGGA,093819.00,6342.678914,N,01058.796310,E,2,12,0.7,12.34,M,40.00,M,41.0,0907*44
2021:01:22:10:38:20.893000,1611308300.893,$GPGGA,093820.00,6342.678659,N,01058.797059,E,2,12,0.7,12.34,M,40.00,M,42.0,0907*44
2021:01:22:10:38:21.893000,1611308301.893,$GPGGA,093821.00,6342.678393,N,01058.797841,E,2,12,0.7,12.33,M,40.00,M,43.0,0907*41
2021:01:22:10:38:22.893000,1611308302.893,$GPGGA,093822.00,6342.678154,N,01058.798661,E,2,12,0.7,12.34,M,40.00,M,44.0,0907*48
2021:01:22:10:38:23.893000,1611308303.893,$GPGGA,093823.00,6342.677933,N,01058.799451,E,2,12,0.7,12.34,M,40.00,M,45.0,0907*4E
2021:01:22:10:38:24.893000,1611308304.893,$GPGGA,093824.00,6342.677704,N,01058.800205,E,2,12,0.7,12.32,M,40.00,M,46.0,0907*4E
2021:01:22:10:38:25.893000,1611308305.893,$GPGGA,093825.00,6342.677468,N,01058.800910,E,2,12,0.7,12.32,M,40.00,M,47.0,0907*48
2021:01:22:10:38:26.893000,1611308306.893,$GPGGA,093826.00,6342.677244,N,01058.801571,E,2,12,0.7,12.35,M,40.00,M,48.0,0907*41
2021:01:22:10:38:27.893000,1611308307.893,$GPGGA,093827.00,6342.677048,N,01058.802248,E,2,12,0.7,12.36,M,40.00,M,7.0,0907*78
2021:01:22:10:38:28.893000,1611308308.893,$GPGGA,093828.00,6342.676871,N,01058.802940,E,2,12,0.7,12.35,M,40.00,M,8.0,0907*7B
2021:01:22:10:38:29.893000,1611308309.893,$GPGGA,093829.00,6342.676716,N,01058.803537,E,2,12,0.7,12.38,M,40.00,M,9.0,0907*75
2021:01:22:10:38:30.893000,1611308310.893,$GPGGA,093830.00,6342.676580,N,01058.804029,E,2,12,0.7,12.38,M,40.00,M,5.0,0907*71
2021:01:22:10:38:31.893000,1611308311.893,$GPGGA,093831.00,6342.676461,N,01058.804456,E,2,12,0.7,12.37,M,40.00,M,6.0,0907*7E
2021:01:22:10:38:32.894000,1611308312.894,$GPGGA,093832.00,6342.676374,N,01058.804825,E,2,12,0.7,12.36,M,40.00,M,7.0,0907*76
2021:01:22:10:38:33.894000,1611308313.894,$GPGGA,093833.00,6342.676351,N,01058.805131,E,2,12,0.7,12.38,M,40.00,M,8.0,0907*7C
2021:01:22:10:38:34.894000,1611308314.894,$GPGGA,093834.00,6342.676374,N,01058.805360,E,2,12,0.7,12.36,M,40.00,M,9.0,0907*75
2021:01:22:10:38:35.894000,1611308315.894,$GPGGA,093835.00,6342.676403,N,01058.805487,E,2,12,0.7,12.36,M,40.00,M,10.0,0907*45
2021:01:22:10:38:36.894000,1611308316.894,$GPGGA,093836.00,6342.676454,N,01058.805522,E,2,12,0.7,12.36,M,40.00,M,11.0,0907*4B
2021:01:22:10:38:37.894000,1611308317.894,$GPGGA,093837.00,6342.676537,N,01058.805542,E,2,12,0.7,12.37,M,40.00,M,6.0,0907*7F
2021:01:22:10:38:38.894000,1611308318.894,$GPGGA,093838.00,6342.676626,N,01058.805554,E,2,12,0.7,12.37,M,40.00,M,7.0,0907*75
2021:01:22:10:38:39.894000,1611308319.894,$GPGGA,093839.00,6342.676717,N,01058.805533,E,2,12,0.7,12.35,M,40.00,M,8.0,0907*7B
2021:01:22:10:38:40.894000,1611308320.894,$GPGGA,093840.00,6342.676810,N,01058.805454,E,2,12,0.7,12.37,M,40.00,M,9.0,0907*7E
2021:01:22:10:38:41.894000,1611308321.894,$GPGGA,093841.00,6342.676913,N,01058.805410,E,2,12,0.7,12.35,M,40.00,M,5.0,0907*73
2021:01:22:10:38:42.894000,1611308322.894,$GPGGA,093842.00,6342.677005,N,01058.805386,E,2,12,0.7,12.34,M,40.00,M,6.0,0907*75
2021:01:22:10:38:43.894000,1611308323.894,$GPGGA,093843.00,6342.677107,N,01058.805373,E,2,12,0.7,12.35,M,40.00,M,7.0,0907*7D
2021:01:22:10:38:44.894000,1611308324.894,$GPGGA,093844.00,6342.677219,N,01058.805335,E,2,12,0.7,12.36,M,40.00,M,8.0,0907*78
2021:01:22:10:38:45.893000,1611308325.893,$GPGGA,093845.00,6342.677308,N,01058.805335,E,2,12,0.7,12.34,M,40.00,M,9.0,0907*7B
2021:01:22:10:38:46.893000,1611308326.893,$GPGGA,093846.00,6342.677377,N,01058.805377,E,2,12,0.7,12.34,M,40.00,M,10.0,0907*4E
2021:01:22:10:38:47.894000,1611308327.894,$GPGGA,093847.00,6342.677454,N,01058.805399,E,2,12,0.7,12.33,M,40.00,M,6.0,0907*79
2021:01:22:10:38:48.894000,1611308328.894,$GPGGA,093848.00,6342.677528,N,01058.805428,E,2,12,0.7,12.33,M,40.00,M,7.0,0907*70
2021:01:22:10:38:50.894000,1611308330.894,$GPGGA,093850.00,6342.677612,N,01058.805602,E,2,12,0.7,12.33,M,40.00,M,9.0,0907*77
2021:01:22:10:38:51.894000,1611308331.894,$GPGGA,093851.00,6342.677653,N,01058.805696,E,2,12,0.7,12.32,M,40.00,M,10.0,0907*47
2021:01:22:10:38:52.894000,1611308332.894,$GPGGA,093852.00,6342.677667,N,01058.805799,E,2,12,0.7,12.31,M,40.00,M,11.0,0907*4F
2021:01:22:10:38:53.894000,1611308333.894,$GPGGA,093853.00,6342.677651,N,01058.805902,E,2,12,0.7,12.32,M,40.00,M,12.0,0907*47
2021:01:22:10:38:54.894000,1611308334.894,$GPGGA,093854.00,6342.677654,N,01058.806040,E,2,12,0.7,12.33,M,40.00,M,13.0,0907*49
2021:01:22:10:38:55.894000,1611308335.894,$GPGGA,093855.00,6342.677660,N,01058.806218,E,2,12,0.7,12.31,M,40.00,M,14.0,0907*45
2021:01:22:10:38:56.894000,1611308336.894,$GPGGA,093856.00,6342.677630,N,01058.806354,E,2,12,0.7,12.32,M,40.00,M,7.0,0907*7B
2021:01:22:10:38:58.894000,1611308338.894,$GPGGA,093858.00,6342.677574,N,01058.806726,E,2,12,0.7,12.30,M,40.00,M,9.0,0907*7B
2021:01:22:10:38:59.894000,1611308339.894,$GPGGA,093859.00,6342.677548,N,01058.806939,E,2,12,0.7,12.29,M,40.00,M,10.0,0907*45
2021:01:22:10:39:00.894000,1611308340.894,$GPGGA,093900.00,6342.677506,N,01058.807130,E,2,12,0.7,12.33,M,40.00,M,6.0,0907*7E
2021:01:22:10:39:02.895000,1611308342.895,$GPGGA,093902.00,6342.677408,N,01058.807546,E,2,12,0.7,12.30,M,40.00,M,8.0,0907*7B
2021:01:22:10:39:03.895000,1611308343.895,$GPGGA,093903.00,6342.677351,N,01058.807717,E,2,12,0.7,12.34,M,40.00,M,9.0,0907*72
2021:01:22:10:39:04.895000,1611308344.895,$GPGGA,093904.00,6342.677307,N,01058.807955,E,2,12,0.7,12.34,M,40.00,M,5.0,0907*72
2021:01:22:10:39:06.895000,1611308346.895,$GPGGA,093906.00,6342.677225,N,01058.808397,E,2,12,0.7,12.33,M,40.00,M,7.0,0907*7F
2021:01:22:10:39:07.895000,1611308347.895,$GPGGA,093907.00,6342.677159,N,01058.808545,E,2,12,0.7,12.35,M,40.00,M,8.0,0907*76
2021:01:22:10:39:08.895000,1611308348.895,$GPGGA,093908.00,6342.677103,N,01058.808782,E,2,12,0.7,12.31,M,40.00,M,9.0,0907*7A
2021:01:22:10:39:10.895000,1611308350.895,$GPGGA,093910.00,6342.677028,N,01058.809181,E,2,12,0.7,12.37,M,40.00,M,6.0,0907*76
2021:01:22:10:39:11.895000,1611308351.895,$GPGGA,093911.00,6342.676989,N,01058.809350,E,2,12,0.7,12.36,M,40.00,M,7.0,0907*7A
2021:01:22:10:39:12.895000,1611308352.895,$GPGGA,093912.00,6342.676918,N,01058.809480,E,2,12,0.7,12.31,M,40.00,M,8.0,0907*73
2021:01:22:10:39:13.894000,1611308353.894,$GPGGA,093913.00,6342.676857,N,01058.809633,E,2,12,0.7,12.32,M,40.00,M,9.0,0907*70
2021:01:22:10:39:14.894000,1611308354.894,$GPGGA,093914.00,6342.676830,N,01058.809798,E,2,12,0.7,12.35,M,40.00,M,10.0,0907*49
2021:01:22:10:39:15.894000,1611308355.894,$GPGGA,093915.00,6342.676802,N,01058.809931,E,2,12,0.7,12.35,M,40.00,M,11.0,0907*45
2021:01:22:10:39:16.894000,1611308356.894,$GPGGA,093916.00,6342.676737,N,01058.810000,E,2,12,0.7,12.34,M,40.00,M,12.0,0907*4E
2021:01:22:10:39:18.895000,1611308358.895,$GPGGA,093918.00,6342.676611,N,01058.810149,E,2,12,0.7,12.34,M,40.00,M,8.0,0907*72
2021:01:22:10:39:19.895000,1611308359.895,$GPGGA,093919.00,6342.676591,N,01058.810246,E,2,12,0.7,12.35,M,40.00,M,9.0,0907*74
2021:01:22:10:39:20.895000,1611308360.895,$GPGGA,093920.00,6342.676565,N,01058.810273,E,2,12,0.7,12.35,M,40.00,M,5.0,0907*7F
2021:01:22:10:39:21.895000,1611308361.895,$GPGGA,093921.00,6342.676505,N,01058.810279,E,2,12,0.7,12.34,M,40.00,M,6.0,0907*70
2021:01:22:10:39:22.895000,1611308362.895,$GPGGA,093922.00,6342.676445,N,01058.810288,E,2,12,0.7,12.35,M,40.00,M,7.0,0907*78
2021:01:22:10:39:23.895000,1611308363.895,$GPGGA,093923.00,6342.676425,N,01058.810299,E,2,12,0.7,12.37,M,40.00,M,8.0,0907*72
2021:01:22:10:39:24.895000,1611308364.895,$GPGGA,093924.00,6342.676400,N,01058.810241,E,2,12,0.7,12.37,M,40.00,M,9.0,0907*76
2021:01:22:10:39:25.895000,1611308365.895,$GPGGA,093925.00,6342.676359,N,01058.810184,E,2,12,0.7,12.37,M,40.00,M,10.0,0907*4E
2021:01:22:10:39:26.895000,1611308366.895,$GPGGA,093926.00,6342.676332,N,01058.810185,E,2,12,0.7,12.38,M,40.00,M,11.0,0907*4F
2021:01:22:10:39:27.895000,1611308367.895,$GPGGA,093927.00,6342.676315,N,01058.810148,E,2,12,0.7,12.38,M,40.00,M,7.0,0907*7D
2021:01:22:10:39:28.895000,1611308368.895,$GPGGA,093928.00,6342.676303,N,01058.810072,E,2,12,0.7,12.39,M,40.00,M,8.0,0907*73
2021:01:22:10:39:29.895000,1611308369.895,$GPGGA,093929.00,6342.676268,N,01058.809999,E,2,12,0.7,12.39,M,40.00,M,9.0,0907*7B
2021:01:22:10:39:30.895000,1611308370.895,$GPGGA,093930.00,6342.676230,N,01058.809921,E,2,12,0.7,12.39,M,40.00,M,10.0,0907*45
2021:01:22:10:39:31.895000,1611308371.895,$GPGGA,093931.00,6342.676217,N,01058.809778,E,2,12,0.7,12.41,M,40.00,M,6.0,0907*7B
2021:01:22:10:39:32.896000,1611308372.896,$GPGGA,093932.00,6342.676194,N,01058.809664,E,2,12,0.7,12.41,M,40.00,M,7.0,0907*7D
2021:01:22:10:39:33.896000,1611308373.896,$GPGGA,093933.00,6342.676156,N,01058.809618,E,2,12,0.7,12.39,M,40.00,M,8.0,0907*79
2021:01:22:10:39:34.896000,1611308374.896,$GPGGA,093934.00,6342.676138,N,01058.809563,E,2,12,0.7,12.39,M,40.00,M,9.0,0907*78
2021:01:22:10:39:35.896000,1611308375.896,$GPGGA,093935.00,6342.676116,N,01058.809391,E,2,12,0.7,12.40,M,40.00,M,10.0,0907*48
2021:01:22:10:39:36.896000,1611308376.896,$GPGGA,093936.00,6342.676064,N,01058.809231,E,2,12,0.7,12.38,M,40.00,M,11.0,0907*4A
2021:01:22:10:39:37.896000,1611308377.896,$GPGGA,093937.00,6342.676023,N,01058.809142,E,2,12,0.7,12.36,M,40.00,M,6.0,0907*77
2021:01:22:10:39:38.896000,1611308378.896,$GPGGA,093938.00,6342.675982,N,01058.808993,E,2,12,0.7,12.36,M,40.00,M,7.0,0907*7D
2021:01:22:10:39:39.896000,1611308379.896,$GPGGA,093939.00,6342.675932,N,01058.808812,E,2,12,0.7,12.37,M,40.00,M,8.0,0907*71
2021:01:22:10:39:40.896000,1611308380.896,$GPGGA,093940.00,6342.675878,N,01058.808658,E,2,12,0.7,12.37,M,40.00,M,9.0,0907*71
2021:01:22:10:39:41.895000,1611308381.895,$GPGGA,093941.00,6342.675826,N,01058.808507,E,2,12,0.7,12.37,M,40.00,M,5.0,0907*7E
2021:01:22:10:39:42.895000,1611308382.895,$GPGGA,093942.00,6342.675779,N,01058.808358,E,2,12,0.7,12.37,M,40.00,M,6.0,0907*77
2021:01:22:10:39:43.895000,1611308383.895,$GPGGA,093943.00,6342.675735,N,01058.808235,E,2,12,0.7,12.36,M,40.00,M,7.0,0907*74
2021:01:22:10:39:44.895000,1611308384.895,$GPGGA,093944.00,6342.675669,N,01058.808046,E,2,12,0.7,12.36,M,40.00,M,8.0,0907*72
2021:01:22:10:39:45.895000,1611308385.895,$GPGGA,093945.00,6342.675591,N,01058.807826,E,2,12,0.7,12.37,M,40.00,M,9.0,0907*76
2021:01:22:10:39:46.895000,1611308386.895,$GPGGA,093946.00,6342.675519,N,01058.807655,E,2,12,0.7,12.37,M,40.00,M,10.0,0907*47
2021:01:22:10:39:48.896000,1611308388.896,$GPGGA,093948.00,6342.675381,N,01058.807285,E,2,12,0.7,12.35,M,40.00,M,7.0,0907*73
2021:01:22:10:39:49.896000,1611308389.896,$GPGGA,093949.00,6342.675296,N,01058.807122,E,2,12,0.7,12.35,M,40.00,M,8.0,0907*74
2021:01:22:10:39:50.896000,1611308390.896,$GPGGA,093950.00,6342.675217,N,01058.806958,E,2,12,0.7,12.34,M,40.00,M,9.0,0907*71
2021:01:22:10:39:52.896000,1611308392.896,$GPGGA,093952.00,6342.675045,N,01058.806519,E,2,12,0.7,12.32,M,40.00,M,6.0,0907*76
2021:01:22:10:39:53.896000,1611308393.896,$GPGGA,093953.00,6342.674949,N,01058.806335,E,2,12,0.7,12.33,M,40.00,M,7.0,0907*7B
2021:01:22:10:39:54.896000,1611308394.896,$GPGGA,093954.00,6342.674866,N,01058.806153,E,2,12,0.7,12.33,M,40.00,M,8.0,0907*7D
2021:01:22:10:39:56.896000,1611308396.896,$GPGGA,093956.00,6342.674682,N,01058.805738,E,2,12,0.7,12.31,M,40.00,M,10.0,0907*48
2021:01:22:10:39:57.896000,1611308397.896,$GPGGA,093957.00,6342.674568,N,01058.805573,E,2,12,0.7,12.32,M,40.00,M,11.0,0907*41
2021:01:22:10:39:58.896000,1611308398.896,$GPGGA,093958.00,6342.674491,N,01058.805371,E,2,12,0.7,12.31,M,40.00,M,12.0,0907*4D
2021:01:22:10:40:00.896000,1611308400.896,$GPGGA,094000.00,6342.674266,N,01058.804954,E,2,12,0.7,12.30,M,40.00,M,14.0,0907*4B
2021:01:22:10:40:01.896000,1611308401.896,$GPGGA,094001.00,6342.674170,N,01058.804781,E,2,12,0.7,12.30,M,40.00,M,9.0,0907*74
2021:01:22:10:40:02.897000,1611308402.897,$GPGGA,094002.00,6342.674087,N,01058.804536,E,2,12,0.7,12.29,M,40.00,M,10.0,0907*40
2021:01:22:10:40:04.897000,1611308404.897,$GPGGA,094004.00,6342.673873,N,01058.804139,E,2,12,0.7,12.30,M,40.00,M,6.0,0907*76
2021:01:22:10:40:05.897000,1611308405.897,$GPGGA,094005.00,6342.673791,N,01058.803907,E,2,12,0.7,12.31,M,40.00,M,7.0,0907*76
2021:01:22:10:40:06.897000,1611308406.897,$GPGGA,094006.00,6342.673682,N,01058.803656,E,2,12,0.7,12.31,M,40.00,M,8.0,0907*72
2021:01:22:10:40:08.897000,1611308408.897,$GPGGA,094008.00,6342.673494,N,01058.803175,E,2,12,0.7,12.32,M,40.00,M,5.0,0907*71
2021:01:22:10:40:09.896000,1611308409.896,$GPGGA,094009.00,6342.673393,N,01058.802909,E,2,12,0.7,12.32,M,40.00,M,6.0,0907*71
2021:01:22:10:40:10.896000,1611308410.896,$GPGGA,094010.00,6342.673293,N,01058.802688,E,2,12,0.7,12.32,M,40.00,M,7.0,0907*7F
2021:01:22:10:40:12.896000,1611308412.896,$GPGGA,094012.00,6342.673114,N,01058.802158,E,2,12,0.7,12.33,M,40.00,M,9.0,0907*74
2021:01:22:10:40:13.896000,1611308413.896,$GPGGA,094013.00,6342.673012,N,01058.801897,E,2,12,0.7,12.32,M,40.00,M,10.0,0907*42
2021:01:22:10:40:14.896000,1611308414.896,$GPGGA,094014.00,6342.672935,N,01058.801646,E,2,12,0.7,12.34,M,40.00,M,6.0,0907*7B
2021:01:22:10:40:15.896000,1611308415.896,$GPGGA,094015.00,6342.672857,N,01058.801403,E,2,12,0.7,12.35,M,40.00,M,7.0,0907*7C
2021:01:22:10:40:16.897000,1611308416.897,$GPGGA,094016.00,6342.672761,N,01058.801137,E,2,12,0.7,12.33,M,40.00,M,8.0,0907*7E
2021:01:22:10:40:17.897000,1611308417.897,$GPGGA,094017.00,6342.672677,N,01058.800865,E,2,12,0.7,12.31,M,40.00,M,9.0,0907*75
2021:01:22:10:40:18.897000,1611308418.897,$GPGGA,094018.00,6342.672604,N,01058.800612,E,2,12,0.7,12.35,M,40.00,M,10.0,0907*4C
2021:01:22:10:40:20.897000,1611308420.897,$GPGGA,094020.00,6342.672460,N,01058.800058,E,2,12,0.7,12.34,M,40.00,M,12.0,0907*4C
2021:01:22:10:40:21.897000,1611308421.897,$GPGGA,094021.00,6342.672375,N,01058.799801,E,2,12,0.7,12.34,M,40.00,M,13.0,0907*44
2021:01:22:10:40:22.897000,1611308422.897,$GPGGA,094022.00,6342.672317,N,01058.799492,E,2,12,0.7,12.37,M,40.00,M,14.0,0907*41
2021:01:22:10:40:24.897000,1611308424.897,$GPGGA,094024.00,6342.672173,N,01058.798976,E,2,12,0.7,12.33,M,40.00,M,10.0,0907*41
2021:01:22:10:40:25.897000,1611308425.897,$GPGGA,094025.00,6342.672117,N,01058.798697,E,2,12,0.7,12.35,M,40.00,M,11.0,0907*45
2021:01:22:10:40:26.897000,1611308426.897,$GPGGA,094026.00,6342.672048,N,01058.798368,E,2,12,0.7,12.35,M,40.00,M,12.0,0907*4B
2021:01:22:10:40:27.897000,1611308427.897,$GPGGA,094027.00,6342.671975,N,01058.798081,E,2,12,0.7,12.34,M,40.00,M,13.0,0907*4A
2021:01:22:10:40:28.897000,1611308428.897,$GPGGA,094028.00,6342.671912,N,01058.797818,E,2,12,0.7,12.33,M,40.00,M,8.0,0907*7E
2021:01:22:10:40:29.897000,1611308429.897,$GPGGA,094029.00,6342.671855,N,01058.797479,E,2,12,0.7,12.34,M,40.00,M,9.0,0907*70
2021:01:22:10:40:30.897000,1611308430.897,$GPGGA,094030.00,6342.671778,N,01058.797163,E,2,12,0.7,12.32,M,40.00,M,10.0,0907*48
2021:01:22:10:40:31.898000,1611308431.898,$GPGGA,094031.00,6342.671719,N,01058.796923,E,2,12,0.7,12.32,M,40.00,M,5.0,0907*77
2021:01:22:10:40:32.898000,1611308432.898,$GPGGA,094032.00,6342.671660,N,01058.796658,E,2,12,0.7,12.34,M,40.00,M,6.0,0907*7D
2021:01:22:10:40:33.898000,1611308433.898,$GPGGA,094033.00,6342.671602,N,01058.796310,E,2,12,0.7,12.34,M,40.00,M,7.0,0907*70
2021:01:22:10:40:34.898000,1611308434.898,$GPGGA,094034.00,6342.671541,N,01058.795982,E,2,12,0.7,12.32,M,40.00,M,8.0,0907*78
2021:01:22:10:40:35.898000,1611308435.898,$GPGGA,094035.00,6342.671467,N,01058.795697,E,2,12,0.7,12.32,M,40.00,M,9.0,0907*76
2021:01:22:10:40:36.898000,1611308436.898,$GPGGA,094036.00,6342.671396,N,01058.795363,E,2,12,0.7,12.32,M,40.00,M,10.0,0907*4A
2021:01:22:10:40:37.897000,1611308437.897,$GPGGA,094037.00,6342.671344,N,01058.795052,E,2,12,0.7,12.32,M,40.00,M,11.0,0907*44
2021:01:22:10:40:38.897000,1611308438.897,$GPGGA,094038.00,6342.671298,N,01058.794758,E,2,12,0.7,12.33,M,40.00,M,7.0,0907*71
2021:01:22:10:40:39.897000,1611308439.897,$GPGGA,094039.00,6342.671216,N,01058.794423,E,2,12,0.7,12.32,M,40.00,M,8.0,0907*77
2021:01:22:10:40:40.897000,1611308440.897,$GPGGA,094040.00,6342.671134,N,01058.794069,E,2,12,0.7,12.30,M,40.00,M,9.0,0907*73
2021:01:22:10:40:41.897000,1611308441.897,$GPGGA,094041.00,6342.671095,N,01058.793787,E,2,12,0.7,12.33,M,40.00,M,10.0,0907*43
2021:01:22:10:40:42.897000,1611308442.897,$GPGGA,094042.00,6342.671022,N,01058.793486,E,2,12,0.7,12.32,M,40.00,M,11.0,0907*4E
2021:01:22:10:40:43.897000,1611308443.897,$GPGGA,094043.00,6342.670948,N,01058.793122,E,2,12,0.7,12.30,M,40.00,M,12.0,0907*41
2021:01:22:10:40:44.897000,1611308444.897,$GPGGA,094044.00,6342.670891,N,01058.792799,E,2,12,0.7,12.31,M,40.00,M,13.0,0907*44
2021:01:22:10:40:45.898000,1611308445.898,$GPGGA,094045.00,6342.670832,N,01058.792534,E,2,12,0.7,12.34,M,40.00,M,9.0,0907*77
2021:01:22:10:40:46.898000,1611308446.898,$GPGGA,094046.00,6342.670754,N,01058.792188,E,2,12,0.7,12.32,M,40.00,M,10.0,0907*46
2021:01:22:10:40:47.898000,1611308447.898,$GPGGA,094047.00,6342.670693,N,01058.791852,E,2,12,0.7,12.30,M,40.00,M,11.0,0907*43
2021:01:22:10:40:48.898000,1611308448.898,$GPGGA,094048.00,6342.670655,N,01058.791635,E,2,12,0.7,12.36,M,40.00,M,12.0,0907*4C
2021:01:22:10:40:50.898000,1611308450.898,$GPGGA,094050.00,6342.670507,N,01058.790974,E,2,12,0.7,12.30,M,40.00,M,14.0,0907*4A
2021:01:22:10:40:51.898000,1611308451.898,$GPGGA,094051.00,6342.670461,N,01058.790748,E,2,12,0.7,12.34,M,40.00,M,8.0,0907*72
2021:01:22:10:40:52.898000,1611308452.898,$GPGGA,094052.00,6342.670416,N,01058.790502,E,2,12,0.7,12.35,M,40.00,M,9.0,0907*7D
2021:01:22:10:40:54.898000,1611308454.898,$GPGGA,094054.00,6342.670287,N,01058.789943,E,2,12,0.7,12.33,M,40.00,M,11.0,0907*4B
2021:01:22:10:40:55.898000,1611308455.898,$GPGGA,094055.00,6342.670241,N,01058.789688,E,2,12,0.7,12.34,M,40.00,M,12.0,0907*4C
2021:01:22:10:40:56.898000,1611308456.898,$GPGGA,094056.00,6342.670178,N,01058.789399,E,2,12,0.7,12.32,M,40.00,M,13.0,0907*44
2021:01:22:10:40:58.898000,1611308458.898,$GPGGA,094058.00,6342.670089,N,01058.788916,E,2,12,0.7,12.34,M,40.00,M,8.0,0907*75
2021:01:22:10:40:59.898000,1611308459.898,$GPGGA,094059.00,6342.670036,N,01058.788672,E,2,12,0.7,12.33,M,40.00,M,9.0,0907*7B
2021:01:22:10:41:00.899000,1611308460.899,$GPGGA,094100.00,6342.669985,N,01058.788375,E,2,12,0.7,12.33,M,40.00,M,10.0,0907*45
2021:01:22:10:41:02.899000,1611308462.899,$GPGGA,094102.00,6342.669899,N,01058.787838,E,2,12,0.7,12.33,M,40.00,M,7.0,0907*70
2021:01:22:10:41:03.899000,1611308463.899,$GPGGA,094103.00,6342.669850,N,01058.787600,E,2,12,0.7,12.33,M,40.00,M,8.0,0907*7E
2021:01:22:10:41:04.899000,1611308464.899,$GPGGA,094104.00,6342.669817,N,01058.787361,E,2,12,0.7,12.35,M,40.00,M,9.0,0907*7F
2021:01:22:10:41:05.899000,1611308465.899,$GPGGA,094105.00,6342.669776,N,01058.787132,E,2,12,0.7,12.34,M,40.00,M,10.0,0907*4B
2021:01:22:10:41:06.898000,1611308466.898,$GPGGA,094106.00,6342.669740,N,01058.786926,E,2,12,0.7,12.35,M,40.00,M,11.0,0907*41
2021:01:22:10:41:07.898000,1611308467.898,$GPGGA,094107.00,6342.669701,N,01058.786701,E,2,12,0.7,12.34,M,40.00,M,12.0,0907*4C
2021:01:22:10:41:08.898000,1611308468.898,$GPGGA,094108.00,6342.669664,N,01058.786474,E,2,12,0.7,12.34,M,40.00,M,13.0,0907*41
2021:01:22:10:41:09.898000,1611308469.898,$GPGGA,094109.00,6342.669638,N,01058.786296,E,2,12,0.7,12.36,M,40.00,M,8.0,0907*7B
2021:01:22:10:41:10.898000,1611308470.898,$GPGGA,094110.00,6342.669624,N,01058.786137,E,2,12,0.7,12.36,M,40.00,M,9.0,0907*77
2021:01:22:10:41:11.898000,1611308471.898,$GPGGA,094111.00,6342.669601,N,01058.785961,E,2,12,0.7,12.34,M,40.00,M,5.0,0907*77
2021:01:22:10:41:12.898000,1611308472.898,$GPGGA,094112.00,6342.669575,N,01058.785818,E,2,12,0.7,12.34,M,40.00,M,6.0,0907*78
2021:01:22:10:41:14.899000,1611308474.899,$GPGGA,094114.00,6342.669549,N,01058.785604,E,2,12,0.7,12.33,M,40.00,M,8.0,0907*7B
2021:01:22:10:41:15.899000,1611308475.899,$GPGGA,094115.00,6342.669549,N,01058.785453,E,2,12,0.7,12.33,M,40.00,M,9.0,0907*7B
2021:01:22:10:41:16.899000,1611308476.899,$GPGGA,094116.00,6342.669534,N,01058.785377,E,2,12,0.7,12.35,M,40.00,M,10.0,0907*4D
2021:01:22:10:41:18.899000,1611308478.899,$GPGGA,094118.00,6342.669511,N,01058.785196,E,2,12,0.7,12.35,M,40.00,M,7.0,0907*7F
2021:01:22:10:41:19.899000,1611308479.899,$GPGGA,094119.00,6342.669513,N,01058.785094,E,2,12,0.7,12.35,M,40.00,M,8.0,0907*70
2021:01:22:10:41:20.899000,1611308480.899,$GPGGA,094120.00,6342.669500,N,01058.785019,E,2,12,0.7,12.35,M,40.00,M,9.0,0907*7C
2021:01:22:10:41:22.899000,1611308482.899,$GPGGA,094122.00,6342.669480,N,01058.784909,E,2,12,0.7,12.34,M,40.00,M,11.0,0907*46
2021:01:22:10:41:23.899000,1611308483.899,$GPGGA,094123.00,6342.669480,N,01058.784807,E,2,12,0.7,12.34,M,40.00,M,12.0,0907*4B
2021:01:22:10:41:24.899000,1611308484.899,$GPGGA,094124.00,6342.669460,N,01058.784718,E,2,12,0.7,12.34,M,40.00,M,13.0,0907*42
2021:01:22:10:41:25.899000,1611308485.899,$GPGGA,094125.00,6342.669445,N,01058.784657,E,2,12,0.7,12.32,M,40.00,M,14.0,0907*4F
2021:01:22:10:41:26.899000,1611308486.899,$GPGGA,094126.00,6342.669444,N,01058.784620,E,2,12,0.7,12.32,M,40.00,M,15.0,0907*4C
2021:01:22:10:41:27.899000,1611308487.899,$GPGGA,094127.00,6342.669445,N,01058.784531,E,2,12,0.7,12.32,M,40.00,M,16.0,0907*4C
2021:01:22:10:41:28.899000,1611308488.899,$GPGGA,094128.00,6342.669431,N,01058.784455,E,2,12,0.7,12.32,M,40.00,M,6.0,0907*72
2021:01:22:10:41:29.900000,1611308489.9,$GPGGA,094129.00,6342.669424,N,01058.784456,E,2,12,0.7,12.33,M,40.00,M,7.0,0907*74
2021:01:22:10:41:30.900000,1611308490.9,$GPGGA,094130.00,6342.669429,N,01058.784451,E,2,12,0.7,12.34,M,40.00,M,8.0,0907*7E
2021:01:22:10:41:31.900000,1611308491.9,$GPGGA,094131.00,6342.669438,N,01058.784377,E,2,12,0.7,12.32,M,40.00,M,9.0,0907*7B
2021:01:22:10:41:32.900000,1611308492.9,$GPGGA,094132.00,6342.669435,N,01058.784372,E,2,12,0.7,12.33,M,40.00,M,10.0,0907*49
2021:01:22:10:41:33.899000,1611308493.899,$GPGGA,094133.00,6342.669421,N,01058.784375,E,2,12,0.7,12.32,M,40.00,M,11.0,0907*4A
2021:01:22:10:41:34.899000,1611308494.899,$GPGGA,094134.00,6342.669433,N,01058.784312,E,2,12,0.7,12.34,M,40.00,M,7.0,0907*7E
2021:01:22:10:41:35.899000,1611308495.899,$GPGGA,094135.00,6342.669440,N,01058.784311,E,2,12,0.7,12.33,M,40.00,M,8.0,0907*70
2021:01:22:10:41:36.899000,1611308496.899,$GPGGA,094136.00,6342.669444,N,01058.784380,E,2,12,0.7,12.34,M,40.00,M,9.0,0907*79
2021:01:22:10:41:37.899000,1611308497.899,$GPGGA,094137.00,6342.669455,N,01058.784366,E,2,12,0.7,12.34,M,40.00,M,10.0,0907*48
2021:01:22:10:41:38.899000,1611308498.899,$GPGGA,094138.00,6342.669454,N,01058.784311,E,2,12,0.7,12.32,M,40.00,M,5.0,0907*74
2021:01:22:10:41:39.899000,1611308499.899,$GPGGA,094139.00,6342.669458,N,01058.784359,E,2,12,0.7,12.34,M,40.00,M,6.0,0907*70
2021:01:22:10:41:40.899000,1611308500.899,$GPGGA,094140.00,6342.669479,N,01058.784439,E,2,12,0.7,12.36,M,40.00,M,7.0,0907*7F
2021:01:22:10:41:41.899000,1611308501.899,$GPGGA,094141.00,6342.669482,N,01058.784406,E,2,12,0.7,12.34,M,40.00,M,8.0,0907*7B
2021:01:22:10:41:42.899000,1611308502.899,$GPGGA,094142.00,6342.669471,N,01058.784347,E,2,12,0.7,12.31,M,40.00,M,9.0,0907*72
2021:01:22:10:41:43.899000,1611308503.899,$GPGGA,094143.00,6342.669479,N,01058.784328,E,2,12,0.7,12.34,M,40.00,M,10.0,0907*4F
2021:01:22:10:41:44.900000,1611308504.9,$GPGGA,094144.00,6342.669489,N,01058.784325,E,2,12,0.7,12.37,M,40.00,M,11.0,0907*48
2021:01:22:10:41:45.900000,1611308505.9,$GPGGA,094145.00,6342.669482,N,01058.784257,E,2,12,0.7,12.34,M,40.00,M,12.0,0907*46
2021:01:22:10:41:46.900000,1611308506.9,$GPGGA,094146.00,6342.669480,N,01058.784214,E,2,12,0.7,12.32,M,40.00,M,8.0,0907*7D
2021:01:22:10:41:47.900000,1611308507.9,$GPGGA,094147.00,6342.669490,N,01058.784159,E,2,12,0.7,12.35,M,40.00,M,9.0,0907*71
2021:01:22:10:41:48.900000,1611308508.9,$GPGGA,094148.00,6342.669497,N,01058.784109,E,2,12,0.7,12.34,M,40.00,M,10.0,0907*45
2021:01:22:10:41:49.900000,1611308509.9,$GPGGA,094149.00,6342.669504,N,01058.784098,E,2,12,0.7,12.34,M,40.00,M,11.0,0907*47
2021:01:22:10:41:50.900000,1611308510.9,$GPGGA,094150.00,6342.669522,N,01058.784057,E,2,12,0.7,12.35,M,40.00,M,12.0,0907*4A
2021:01:22:10:41:52.900000,1611308512.9,$GPGGA,094152.00,6342.669526,N,01058.783955,E,2,12,0.7,12.35,M,40.00,M,9.0,0907*7A
2021:01:22:10:41:53.900000,1611308513.9,$GPGGA,094153.00,6342.669549,N,01058.783945,E,2,12,0.7,12.39,M,40.00,M,10.0,0907*47
2021:01:22:10:41:54.900000,1611308514.9,$GPGGA,094154.00,6342.669575,N,01058.783995,E,2,12,0.7,12.40,M,40.00,M,11.0,0907*4D
2021:01:22:10:41:55.900000,1611308515.9,$GPGGA,094155.00,6342.669569,N,01058.784017,E,2,12,0.7,12.35,M,40.00,M,7.0,0907*70
2021:01:22:10:41:56.900000,1611308516.9,$GPGGA,094156.00,6342.669558,N,01058.783963,E,2,12,0.7,12.34,M,40.00,M,8.0,0907*72
2021:01:22:10:41:57.900000,1611308517.9,$GPGGA,094157.00,6342.669584,N,01058.783989,E,2,12,0.7,12.40,M,40.00,M,9.0,0907*74
2021:01:22:10:41:58.901000,1611308518.901,$GPGGA,094158.00,6342.669593,N,01058.784080,E,2,12,0.7,12.40,M,40.00,M,10.0,0907*42
2021:01:22:10:42:00.901000,1611308520.901,$GPGGA,094200.00,6342.669577,N,01058.784020,E,2,12,0.7,12.36,M,40.00,M,12.0,0907*4F
2021:01:22:10:42:01.901000,1611308521.901,$GPGGA,094201.00,6342.669584,N,01058.784087,E,2,12,0.7,12.40,M,40.00,M,13.0,0907*4F
2021:01:22:10:42:02.900000,1611308522.9,$GPGGA,094202.00,6342.669585,N,01058.784120,E,2,12,0.7,12.38,M,40.00,M,9.0,0907*75
2021:01:22:10:42:03.900000,1611308523.9,$GPGGA,094203.00,6342.669573,N,01058.784131,E,2,12,0.7,12.36,M,40.00,M,10.0,0907*4B
2021:01:22:10:42:04.900000,1611308524.9,$GPGGA,094204.00,6342.669574,N,01058.784235,E,2,12,0.7,12.38,M,40.00,M,11.0,0907*43
2021:01:22:10:42:05.900000,1611308525.9,$GPGGA,094205.00,6342.669569,N,01058.784276,E,2,12,0.7,12.37,M,40.00,M,6.0,0907*70
2021:01:22:10:42:06.900000,1611308526.9,$GPGGA,094206.00,6342.669549,N,01058.784203,E,2,12,0.7,12.34,M,40.00,M,7.0,0907*71
2021:01:22:10:42:08.900000,1611308528.9,$GPGGA,094208.00,6342.669564,N,01058.784356,E,2,12,0.7,12.39,M,40.00,M,9.0,0907*72
2021:01:22:10:42:09.900000,1611308529.9,$GPGGA,094209.00,6342.669550,N,01058.784381,E,2,12,0.7,12.33,M,40.00,M,5.0,0907*78
2021:01:22:10:42:10.900000,1611308530.9,$GPGGA,094210.00,6342.669537,N,01058.784410,E,2,12,0.7,12.32,M,40.00,M,6.0,0907*7C
2021:01:22:10:42:12.900000,1611308532.9,$GPGGA,094212.00,6342.669554,N,01058.784509,E,2,12,0.7,12.33,M,40.00,M,8.0,0907*7D
2021:01:22:10:42:13.901000,1611308533.901,$GPGGA,094213.00,6342.669552,N,01058.784581,E,2,12,0.7,12.34,M,40.00,M,9.0,0907*7C
2021:01:22:10:42:14.901000,1611308534.901,$GPGGA,094214.00,6342.669560,N,01058.784627,E,2,12,0.7,12.36,M,40.00,M,10.0,0907*4F
2021:01:22:10:42:15.901000,1611308535.901,$GPGGA,094215.00,6342.669549,N,01058.784663,E,2,12,0.7,12.34,M,40.00,M,6.0,0907*70
2021:01:22:10:42:16.901000,1611308536.901,$GPGGA,094216.00,6342.669544,N,01058.784727,E,2,12,0.7,12.35,M,40.00,M,7.0,0907*7F
2021:01:22:10:42:17.901000,1611308537.901,$GPGGA,094217.00,6342.669561,N,01058.784802,E,2,12,0.7,12.36,M,40.00,M,8.0,0907*7D
2021:01:22:10:42:18.901000,1611308538.901,$GPGGA,094218.00,6342.669561,N,01058.784845,E,2,12,0.7,12.33,M,40.00,M,9.0,0907*75
2021:01:22:10:42:20.901000,1611308540.901,$GPGGA,094220.00,6342.669535,N,01058.784987,E,2,12,0.7,12.33,M,40.00,M,11.0,0907*49
2021:01:22:10:42:21.901000,1611308541.901,$GPGGA,094221.00,6342.669558,N,01058.784991,E,2,12,0.7,12.35,M,40.00,M,12.0,0907*41
2021:01:22:10:42:22.901000,1611308542.901,$GPGGA,094222.00,6342.669536,N,01058.785052,E,2,12,0.7,12.31,M,40.00,M,8.0,0907*72
2021:01:22:10:42:24.901000,1611308544.901,$GPGGA,094224.00,6342.669529,N,01058.785048,E,2,12,0.7,12.32,M,40.00,M,10.0,0907*4B
2021:01:22:10:42:25.901000,1611308545.901,$GPGGA,094225.00,6342.669532,N,01058.785160,E,2,12,0.7,12.31,M,40.00,M,11.0,0907*49
2021:01:22:10:42:26.901000,1611308546.901,$GPGGA,094226.00,6342.669524,N,01058.785185,E,2,12,0.7,12.30,M,40.00,M,12.0,0907*44
2021:01:22:10:42:28.902000,1611308548.902,$GPGGA,094228.00,6342.669533,N,01058.785237,E,2,12,0.7,12.30,M,40.00,M,14.0,0907*40
2021:01:22:10:42:29.902000,1611308549.902,$GPGGA,094229.00,6342.669532,N,01058.785289,E,2,12,0.7,12.32,M,40.00,M,10.0,0907*43
2021:01:22:10:42:30.901000,1611308550.901,$GPGGA,094230.00,6342.669537,N,01058.785323,E,2,12,0.7,12.31,M,40.00,M,11.0,0907*4D
2021:01:22:10:42:31.901000,1611308551.901,$GPGGA,094231.00,6342.669555,N,01058.785371,E,2,12,0.7,12.31,M,40.00,M,12.0,0907*4C
2021:01:22:10:42:32.901000,1611308552.901,$GPGGA,094232.00,6342.669563,N,01058.785445,E,2,12,0.7,12.32,M,40.00,M,7.0,0907*7D
2021:01:22:10:42:33.901000,1611308553.901,$GPGGA,094233.00,6342.669558,N,01058.785451,E,2,12,0.7,12.31,M,40.00,M,8.0,0907*7D
2021:01:22:10:42:34.901000,1611308554.901,$GPGGA,094234.00,6342.669578,N,01058.785474,E,2,12,0.7,12.30,M,40.00,M,9.0,0907*7F
2021:01:22:10:42:35.901000,1611308555.901,$GPGGA,094235.00,6342.669600,N,01058.785607,E,2,12,0.7,12.31,M,40.00,M,5.0,0907*79
2021:01:22:10:42:36.901000,1611308556.901,$GPGGA,094236.00,6342.669606,N,01058.785684,E,2,12,0.7,12.30,M,40.00,M,6.0,0907*75
2021:01:22:10:42:37.901000,1611308557.901,$GPGGA,094237.00,6342.669621,N,01058.785686,E,2,12,0.7,12.32,M,40.00,M,7.0,0907*70
2021:01:22:10:42:38.901000,1611308558.901,$GPGGA,094238.00,6342.669625,N,01058.785712,E,2,12,0.7,12.32,M,40.00,M,8.0,0907*78
2021:01:22:10:42:39.901000,1611308559.901,$GPGGA,094239.00,6342.669628,N,01058.785782,E,2,12,0.7,12.32,M,40.00,M,9.0,0907*7C
2021:01:22:10:42:40.901000,1611308560.901,$GPGGA,094240.00,6342.669644,N,01058.785852,E,2,12,0.7,12.31,M,40.00,M,10.0,0907*41
2021:01:22:10:42:41.901000,1611308561.901,$GPGGA,094241.00,6342.669655,N,01058.785935,E,2,12,0.7,12.30,M,40.00,M,11.0,0907*40
2021:01:22:10:42:42.902000,1611308562.902,$GPGGA,094242.00,6342.669667,N,01058.785999,E,2,12,0.7,12.33,M,40.00,M,7.0,0907*70
2021:01:22:10:42:43.902000,1611308563.902,$GPGGA,094243.00,6342.669671,N,01058.786023,E,2,12,0.7,12.33,M,40.00,M,8.0,0907*72
2021:01:22:10:42:44.902000,1611308564.902,$GPGGA,094244.00,6342.669661,N,01058.786039,E,2,12,0.7,12.30,M,40.00,M,9.0,0907*7D
2021:01:22:10:42:45.902000,1611308565.902,$GPGGA,094245.00,6342.669657,N,01058.786121,E,2,12,0.7,12.31,M,40.00,M,10.0,0907*48
2021:01:22:10:42:46.902000,1611308566.902,$GPGGA,094246.00,6342.669663,N,01058.786155,E,2,12,0.7,12.31,M,40.00,M,5.0,0907*7B
2021:01:22:10:42:47.902000,1611308567.902,$GPGGA,094247.00,6342.669667,N,01058.786166,E,2,12,0.7,12.31,M,40.00,M,6.0,0907*7D
2021:01:22:10:42:48.902000,1611308568.902,$GPGGA,094248.00,6342.669641,N,01058.786182,E,2,12,0.7,12.29,M,40.00,M,7.0,0907*74
2021:01:22:10:42:49.902000,1611308569.902,$GPGGA,094249.00,6342.669632,N,01058.786191,E,2,12,0.7,12.30,M,40.00,M,8.0,0907*74
2021:01:22:10:42:50.902000,1611308570.902,$GPGGA,094250.00,6342.669628,N,01058.786211,E,2,12,0.7,12.30,M,40.00,M,9.0,0907*7D
2021:01:22:10:42:51.902000,1611308571.902,$GPGGA,094251.00,6342.669616,N,01058.786229,E,2,12,0.7,12.32,M,40.00,M,10.0,0907*40
2021:01:22:10:42:52.902000,1611308572.902,$GPGGA,094252.00,6342.669608,N,01058.786217,E,2,12,0.7,12.32,M,40.00,M,11.0,0907*40
2021:01:22:10:42:54.902000,1611308574.902,$GPGGA,094254.00,6342.669550,N,01058.786113,E,2,12,0.7,12.29,M,40.00,M,13.0,0907*47
2021:01:22:10:42:55.902000,1611308575.902,$GPGGA,094255.00,6342.669551,N,01058.786084,E,2,12,0.7,12.32,M,40.00,M,14.0,0907*45
2021:01:22:10:42:56.903000,1611308576.903,$GPGGA,094256.00,6342.669546,N,01058.786092,E,2,12,0.7,12.33,M,40.00,M,7.0,0907*74
2021:01:22:10:42:57.903000,1611308577.903,$GPGGA,094257.00,6342.669518,N,01058.786077,E,2,12,0.7,12.31,M,40.00,M,8.0,0907*78
2021:01:22:10:42:58.902000,1611308578.902,$GPGGA,094258.00,6342.669503,N,01058.786038,E,2,12,0.7,12.31,M,40.00,M,9.0,0907*77
2021:01:22:10:42:59.902000,1611308579.902,$GPGGA,094259.00,6342.669485,N,01058.785954,E,2,12,0.7,12.32,M,40.00,M,10.0,0907*42
2021:01:22:10:43:00.902000,1611308580.902,$GPGGA,094300.00,6342.669456,N,01058.785882,E,2,12,0.7,12.31,M,40.00,M,11.0,0907*49
2021:01:22:10:43:02.902000,1611308582.902,$GPGGA,094302.00,6342.669440,N,01058.785937,E,2,12,0.7,12.32,M,40.00,M,5.0,0907*75
2021:01:22:10:43:03.902000,1611308583.902,$GPGGA,094303.00,6342.669404,N,01058.785897,E,2,12,0.7,12.30,M,40.00,M,6.0,0907*7E
2021:01:22:10:43:04.902000,1611308584.902,$GPGGA,094304.00,6342.669385,N,01058.785848,E,2,12,0.7,12.29,M,40.00,M,7.0,0907*7C
2021:01:22:10:43:05.902000,1611308585.902,$GPGGA,094305.00,6342.669367,N,01058.785827,E,2,12,0.7,12.31,M,40.00,M,8.0,0907*7E
2021:01:22:10:43:06.902000,1611308586.902,$GPGGA,094306.00,6342.669346,N,01058.785878,E,2,12,0.7,12.32,M,40.00,M,9.0,0907*76
2021:01:22:10:43:07.902000,1611308587.902,$GPGGA,094307.00,6342.669335,N,01058.785941,E,2,12,0.7,12.30,M,40.00,M,10.0,0907*42
2021:01:22:10:43:08.902000,1611308588.902,$GPGGA,094308.00,6342.669323,N,01058.785937,E,2,12,0.7,12.29,M,40.00,M,11.0,0907*42
2021:01:22:10:43:10.902000,1611308590.902,$GPGGA,094310.00,6342.669290,N,01058.786005,E,2,12,0.7,12.32,M,40.00,M,7.0,0907*74
2021:01:22:10:43:11.903000,1611308591.903,$GPGGA,094311.00,6342.669282,N,01058.786107,E,2,12,0.7,12.31,M,40.00,M,8.0,0907*79
2021:01:22:10:43:12.903000,1611308592.903,$GPGGA,094312.00,6342.669290,N,01058.786182,E,2,12,0.7,12.31,M,40.00,M,4.0,0907*78
2021:01:22:10:43:14.903000,1611308594.903,$GPGGA,094314.00,6342.669261,N,01058.786214,E,2,12,0.7,12.31,M,40.00,M,6.0,0907*7E
2021:01:22:10:43:15.903000,1611308595.903,$GPGGA,094315.00,6342.669255,N,01058.786267,E,2,12,0.7,12.31,M,40.00,M,7.0,0907*7D
2021:01:22:10:43:16.903000,1611308596.903,$GPGGA,094316.00,6342.669271,N,01058.786274,E,2,12,0.7,12.30,M,40.00,M,8.0,0907*74
2021:01:22:10:43:18.903000,1611308598.903,$GPGGA,094318.00,6342.669252,N,01058.786327,E,2,12,0.7,12.29,M,40.00,M,10.0,0907*4D
2021:01:22:10:43:19.903000,1611308599.903,$GPGGA,094319.00,6342.669269,N,01058.786325,E,2,12,0.7,12.32,M,40.00,M,6.0,0907*7B
2021:01:22:10:43:20.903000,1611308600.903,$GPGGA,094320.00,6342.669268,N,01058.786369,E,2,12,0.7,12.30,M,40.00,M,7.0,0907*7B
2021:01:22:10:43:22.903000,1611308602.903,$GPGGA,094322.00,6342.669290,N,01058.786368,E,2,12,0.7,12.32,M,40.00,M,9.0,0907*73
2021:01:22:10:43:23.903000,1611308603.903,$GPGGA,094323.00,6342.669292,N,01058.786364,E,2,12,0.7,12.32,M,40.00,M,5.0,0907*70
2021:01:22:10:43:24.903000,1611308604.903,$GPGGA,094324.00,6342.669272,N,01058.786354,E,2,12,0.7,12.30,M,40.00,M,6.0,0907*7B
2021:01:22:10:43:25.904000,1611308605.904,$GPGGA,094325.00,6342.669294,N,01058.786353,E,2,12,0.7,12.31,M,40.00,M,7.0,0907*75
2021:01:22:10:43:26.903000,1611308606.903,$GPGGA,094326.00,6342.669318,N,01058.786395,E,2,12,0.7,12.31,M,40.00,M,8.0,0907*76
2021:01:22:10:43:27.903000,1611308607.903,$GPGGA,094327.00,6342.669327,N,01058.786400,E,2,12,0.7,12.31,M,40.00,M,9.0,0907*71
2021:01:22:10:43:28.903000,1611308608.903,$GPGGA,094328.00,6342.669334,N,01058.786370,E,2,12,0.7,12.30,M,40.00,M,10.0,0907*45
2021:01:22:10:43:30.903000,1611308610.903,$GPGGA,094330.00,6342.669372,N,01058.786426,E,2,12,0.7,12.33,M,40.00,M,6.0,0907*7E
2021:01:22:10:43:31.903000,1611308611.903,$GPGGA,094331.00,6342.669386,N,01058.786414,E,2,12,0.7,12.32,M,40.00,M,7.0,0907*75
2021:01:22:10:43:32.903000,1611308612.903,$GPGGA,094332.00,6342.669386,N,01058.786378,E,2,12,0.7,12.30,M,40.00,M,8.0,0907*76
2021:01:22:10:43:33.904000,1611308613.904,$GPGGA,094333.00,6342.669401,N,01058.786338,E,2,12,0.7,12.30,M,40.00,M,9.0,0907*7A
2021:01:22:10:43:34.903000,1611308614.903,$GPGGA,094334.00,6342.669415,N,01058.786355,E,2,12,0.7,12.32,M,40.00,M,10.0,0907*49
2021:01:22:10:43:35.903000,1611308615.903,$GPGGA,094335.00,6342.669429,N,01058.786368,E,2,12,0.7,12.31,M,40.00,M,11.0,0907*4B
2021:01:22:10:43:36.903000,1611308616.903,$GPGGA,094336.00,6342.669463,N,01058.786388,E,2,12,0.7,12.30,M,40.00,M,7.0,0907*7E
2021:01:22:10:43:37.903000,1611308617.903,$GPGGA,094337.00,6342.669466,N,01058.786340,E,2,12,0.7,12.31,M,40.00,M,8.0,0907*70
2021:01:22:10:43:38.903000,1611308618.903,$GPGGA,094338.00,6342.669463,N,01058.786294,E,2,12,0.7,12.30,M,40.00,M,9.0,0907*72
2021:01:22:10:43:39.904000,1611308619.904,$GPGGA,094339.00,6342.669493,N,01058.786336,E,2,12,0.7,12.29,M,40.00,M,10.0,0907*45
2021:01:22:10:43:40.904000,1611308620.904,$GPGGA,094340.00,6342.669517,N,01058.786317,E,2,12,0.7,12.32,M,40.00,M,11.0,0907*4E
2021:01:22:10:43:41.904000,1611308621.904,$GPGGA,094341.00,6342.669529,N,01058.786270,E,2,12,0.7,12.32,M,40.00,M,12.0,0907*41
2021:01:22:10:43:42.904000,1611308622.904,$GPGGA,094342.00,6342.669541,N,01058.786263,E,2,12,0.7,12.30,M,40.00,M,13.0,0907*4D
2021:01:22:10:43:43.904000,1611308623.904,$GPGGA,094343.00,6342.669562,N,01058.786280,E,2,12,0.7,12.32,M,40.00,M,9.0,0907*79
2021:01:22:10:43:44.904000,1611308624.904,$GPGGA,094344.00,6342.669585,N,01058.786266,E,2,12,0.7,12.32,M,40.00,M,10.0,0907*47
2021:01:22:10:43:45.904000,1611308625.904,$GPGGA,094345.00,6342.669605,N,01058.786283,E,2,12,0.7,12.31,M,40.00,M,11.0,0907*44
2021:01:22:10:43:46.904000,1611308626.904,$GPGGA,094346.00,6342.669620,N,01058.786308,E,2,12,0.7,12.31,M,40.00,M,7.0,0907*75
2021:01:22:10:43:47.904000,1611308627.904,$GPGGA,094347.00,6342.669643,N,01058.786311,E,2,12,0.7,12.31,M,40.00,M,8.0,0907*76
2021:01:22:10:43:48.904000,1611308628.904,$GPGGA,094348.00,6342.669660,N,01058.786304,E,2,12,0.7,12.32,M,40.00,M,9.0,0907*7E
2021:01:22:10:43:49.904000,1611308629.904,$GPGGA,094349.00,6342.669676,N,01058.786344,E,2,12,0.7,12.33,M,40.00,M,4.0,0907*70
2021:01:22:10:43:50.904000,1611308630.904,$GPGGA,094350.00,6342.669704,N,01058.786367,E,2,12,0.7,12.32,M,40.00,M,5.0,0907*7D
2021:01:22:10:43:51.904000,1611308631.904,$GPGGA,094351.00,6342.669721,N,01058.786335,E,2,12,0.7,12.33,M,40.00,M,6.0,0907*7E
2021:01:22:10:43:52.904000,1611308632.904,$GPGGA,094352.00,6342.669726,N,01058.786336,E,2,12,0.7,12.32,M,40.00,M,7.0,0907*79
2021:01:22:10:43:53.904000,1611308633.904,$GPGGA,094353.00,6342.669747,N,01058.786379,E,2,12,0.7,12.32,M,40.00,M,8.0,0907*7B
2021:01:22:10:43:54.904000,1611308634.904,$GPGGA,094354.00,6342.669773,N,01058.786376,E,2,12,0.7,12.33,M,40.00,M,9.0,0907*74
2021:01:22:10:43:55.904000,1611308635.904,$GPGGA,094355.00,6342.669786,N,01058.786402,E,2,12,0.7,12.34,M,40.00,M,10.0,0907*44
2021:01:22:10:43:56.904000,1611308636.904,$GPGGA,094356.00,6342.669807,N,01058.786454,E,2,12,0.7,12.35,M,40.00,M,6.0,0907*74
2021:01:22:10:43:57.905000,1611308637.905,$GPGGA,094357.00,6342.669824,N,01058.786480,E,2,12,0.7,12.33,M,40.00,M,7.0,0907*7A
2021:01:22:10:43:58.904000,1611308638.904,$GPGGA,094358.00,6342.669832,N,01058.786473,E,2,12,0.7,12.33,M,40.00,M,8.0,0907*71
2021:01:22:10:44:00.904000,1611308640.904,$GPGGA,094400.00,6342.669854,N,01058.786481,E,2,12,0.7,12.34,M,40.00,M,10.0,0907*48
2021:01:22:10:44:01.904000,1611308641.904,$GPGGA,094401.00,6342.669866,N,01058.786503,E,2,12,0.7,12.33,M,40.00,M,11.0,0907*45
2021:01:22:10:44:02.904000,1611308642.904,$GPGGA,094402.00,6342.669866,N,01058.786489,E,2,12,0.7,12.33,M,40.00,M,12.0,0907*46
2021:01:22:10:44:04.904000,1611308644.904,$GPGGA,094404.00,6342.669900,N,01058.786552,E,2,12,0.7,12.32,M,40.00,M,8.0,0907*7C
2021:01:22:10:44:05.904000,1611308645.904,$GPGGA,094405.00,6342.669890,N,01058.786541,E,2,12,0.7,12.33,M,40.00,M,9.0,0907*77
2021:01:22:10:44:06.904000,1611308646.904,$GPGGA,094406.00,6342.669893,N,01058.786526,E,2,12,0.7,12.32,M,40.00,M,5.0,0907*7B
2021:01:22:10:44:08.905000,1611308648.905,$GPGGA,094408.00,6342.669897,N,01058.786544,E,2,12,0.7,12.32,M,40.00,M,7.0,0907*77
2021:01:22:10:44:09.905000,1611308649.905,$GPGGA,094409.00,6342.669887,N,01058.786468,E,2,12,0.7,12.30,M,40.00,M,8.0,0907*75
2021:01:22:10:44:10.905000,1611308650.905,$GPGGA,094410.00,6342.669899,N,01058.786552,E,2,12,0.7,12.31,M,40.00,M,9.0,0907*7A
2021:01:22:10:44:12.905000,1611308652.905,$GPGGA,094412.00,6342.669890,N,01058.786466,E,2,12,0.7,12.30,M,40.00,M,5.0,0907*7A
2021:01:22:10:44:13.905000,1611308653.905,$GPGGA,094413.00,6342.669886,N,01058.786435,E,2,12,0.7,12.28,M,40.00,M,6.0,0907*70
2021:01:22:10:44:14.905000,1611308654.905,$GPGGA,094414.00,6342.669899,N,01058.786433,E,2,12,0.7,12.34,M,40.00,M,7.0,0907*73
2021:01:22:10:44:15.905000,1611308655.905,$GPGGA,094415.00,6342.669894,N,01058.786407,E,2,12,0.7,12.34,M,40.00,M,8.0,0907*77
2021:01:22:10:44:16.905000,1611308656.905,$GPGGA,094416.00,6342.669878,N,01058.786333,E,2,12,0.7,12.29,M,40.00,M,9.0,0907*7B
2021:01:22:10:44:17.905000,1611308657.905,$GPGGA,094417.00,6342.669892,N,01058.786304,E,2,12,0.7,12.31,M,40.00,M,10.0,0907*4B
2021:01:22:10:44:18.905000,1611308658.905,$GPGGA,094418.00,6342.669915,N,01058.786316,E,2,12,0.7,12.34,M,40.00,M,11.0,0907*4D
2021:01:22:10:44:19.905000,1611308659.905,$GPGGA,094419.00,6342.669904,N,01058.786280,E,2,12,0.7,12.31,M,40.00,M,12.0,0907*44
2021:01:22:10:44:20.905000,1611308660.905,$GPGGA,094420.00,6342.669907,N,01058.786256,E,2,12,0.7,12.29,M,40.00,M,8.0,0907*74
2021:01:22:10:44:21.905000,1611308661.905,$GPGGA,094421.00,6342.669942,N,01058.786253,E,2,12,0.7,12.32,M,40.00,M,9.0,0907*7A
2021:01:22:10:44:22.905000,1611308662.905,$GPGGA,094422.00,6342.669950,N,01058.786230,E,2,12,0.7,12.33,M,40.00,M,10.0,0907*46
2021:01:22:10:44:24.905000,1611308664.905,$GPGGA,094424.00,6342.669970,N,01058.786132,E,2,12,0.7,12.30,M,40.00,M,7.0,0907*76
2021:01:22:10:44:25.905000,1611308665.905,$GPGGA,094425.00,6342.669984,N,01058.786111,E,2,12,0.7,12.32,M,40.00,M,8.0,0907*70
2021:01:22:10:44:26.905000,1611308666.905,$GPGGA,094426.00,6342.669992,N,01058.786086,E,2,12,0.7,12.32,M,40.00,M,4.0,0907*77
2021:01:22:10:44:27.905000,1611308667.905,$GPGGA,094427.00,6342.670017,N,01058.786061,E,2,12,0.7,12.31,M,40.00,M,5.0,0907*71
2021:01:22:10:44:28.905000,1611308668.905,$GPGGA,094428.00,6342.670048,N,01058.786059,E,2,12,0.7,12.34,M,40.00,M,6.0,0907*79
2021:01:22:10:44:29.905000,1611308669.905,$GPGGA,094429.00,6342.670065,N,01058.786081,E,2,12,0.7,12.33,M,40.00,M,7.0,0907*74
2021:01:22:10:44:30.905000,1611308670.905,$GPGGA,094430.00,6342.670077,N,01058.786051,E,2,12,0.7,12.32,M,40.00,M,8.0,0907*7C
2021:01:22:10:44:32.905000,1611308672.905,$GPGGA,094432.00,6342.670133,N,01058.786023,E,2,12,0.7,12.32,M,40.00,M,10.0,0907*43
2021:01:22:10:44:33.905000,1611308673.905,$GPGGA,094433.00,6342.670148,N,01058.786042,E,2,12,0.7,12.32,M,40.00,M,11.0,0907*48
2021:01:22:10:44:34.905000,1611308674.905,$GPGGA,094434.00,6342.670177,N,01058.785994,E,2,12,0.7,12.30,M,40.00,M,12.0,0907*43
2021:01:22:10:44:35.905000,1611308675.905,$GPGGA,094435.00,6342.670206,N,01058.785969,E,2,12,0.7,12.32,M,40.00,M,13.0,0907*46
2021:01:22:10:44:36.905000,1611308676.905,$GPGGA,094436.00,6342.670221,N,01058.785948,E,2,12,0.7,12.33,M,40.00,M,8.0,0907*78
2021:01:22:10:44:37.906000,1611308677.906,$GPGGA,094437.00,6342.670237,N,01058.785885,E,2,12,0.7,12.30,M,40.00,M,9.0,0907*7C
2021:01:22:10:44:38.906000,1611308678.906,$GPGGA,094438.00,6342.670266,N,01058.785877,E,2,12,0.7,12.30,M,40.00,M,10.0,0907*42
2021:01:22:10:44:39.906000,1611308679.906,$GPGGA,094439.00,6342.670288,N,01058.785882,E,2,12,0.7,12.34,M,40.00,M,11.0,0907*4C
2021:01:22:10:44:40.906000,1611308680.906,$GPGGA,094440.00,6342.670311,N,01058.785798,E,2,12,0.7,12.33,M,40.00,M,7.0,0907*77
2021:01:22:10:44:41.906000,1611308681.906,$GPGGA,094441.00,6342.670312,N,01058.785698,E,2,12,0.7,12.28,M,40.00,M,8.0,0907*71
2021:01:22:10:44:42.906000,1611308682.906,$GPGGA,094442.00,6342.670319,N,01058.785715,E,2,12,0.7,12.32,M,40.00,M,9.0,0907*77
2021:01:22:10:44:43.906000,1611308683.906,$GPGGA,094443.00,6342.670359,N,01058.785755,E,2,12,0.7,12.36,M,40.00,M,5.0,0907*7E
2021:01:22:10:44:44.906000,1611308684.906,$GPGGA,094444.00,6342.670378,N,01058.785722,E,2,12,0.7,12.31,M,40.00,M,6.0,0907*7E
2021:01:22:10:44:45.906000,1611308685.906,$GPGGA,094445.00,6342.670378,N,01058.785756,E,2,12,0.7,12.30,M,40.00,M,7.0,0907*7C
2021:01:22:10:44:46.906000,1611308686.906,$GPGGA,094446.00,6342.670408,N,01058.785848,E,2,12,0.7,12.35,M,40.00,M,8.0,0907*75
2021:01:22:10:44:47.906000,1611308687.906,$GPGGA,094447.00,6342.670440,N,01058.785841,E,2,12,0.7,12.33,M,40.00,M,9.0,0907*76
2021:01:22:10:44:48.906000,1611308688.906,$GPGGA,094448.00,6342.670443,N,01058.785874,E,2,12,0.7,12.31,M,40.00,M,10.0,0907*46
2021:01:22:10:44:49.906000,1611308689.906,$GPGGA,094449.00,6342.670460,N,01058.786017,E,2,12,0.7,12.34,M,40.00,M,5.0,0907*79
2021:01:22:10:44:50.906000,1611308690.906,$GPGGA,094450.00,6342.670490,N,01058.786094,E,2,12,0.7,12.35,M,40.00,M,6.0,0907*77
2021:01:22:10:44:51.906000,1611308691.906,$GPGGA,094451.00,6342.670495,N,01058.786112,E,2,12,0.7,12.31,M,40.00,M,7.0,0907*79
2021:01:22:10:44:52.907000,1611308692.907,$GPGGA,094452.00,6342.670492,N,01058.786214,E,2,12,0.7,12.32,M,40.00,M,8.0,0907*74
2021:01:22:10:44:53.906000,1611308693.906,$GPGGA,094453.00,6342.670518,N,01058.786341,E,2,12,0.7,12.36,M,40.00,M,9.0,0907*72
2021:01:22:10:44:54.906000,1611308694.906,$GPGGA,094454.00,6342.670542,N,01058.786424,E,2,12,0.7,12.35,M,40.00,M,10.0,0907*45
2021:01:22:10:44:55.906000,1611308695.906,$GPGGA,094455.00,6342.670524,N,01058.786535,E,2,12,0.7,12.31,M,40.00,M,11.0,0907*40
2021:01:22:10:44:56.906000,1611308696.906,$GPGGA,094456.00,6342.670545,N,01058.786684,E,2,12,0.7,12.33,M,40.00,M,12.0,0907*4C
2021:01:22:10:44:58.906000,1611308698.906,$GPGGA,094458.00,6342.670562,N,01058.786876,E,2,12,0.7,12.32,M,40.00,M,9.0,0907*7F
2021:01:22:10:44:59.906000,1611308699.906,$GPGGA,094459.00,6342.670562,N,01058.787053,E,2,12,0.7,12.31,M,40.00,M,5.0,0907*7F
2021:01:22:10:45:00.906000,1611308700.906,$GPGGA,094500.00,6342.670577,N,01058.787096,E,2,12,0.7,12.34,M,40.00,M,6.0,0907*79
2021:01:22:10:45:02.906000,1611308702.906,$GPGGA,094502.00,6342.670559,N,01058.787325,E,2,12,0.7,12.33,M,40.00,M,8.0,0907*75
2021:01:22:10:45:03.906000,1611308703.906,$GPGGA,094503.00,6342.670566,N,01058.787465,E,2,12,0.7,12.34,M,40.00,M,4.0,0907*70
2021:01:22:10:45:04.906000,1611308704.906,$GPGGA,094504.00,6342.670567,N,01058.787548,E,2,12,0.7,12.34,M,40.00,M,5.0,0907*79
2021:01:22:10:45:05.907000,1611308705.907,$GPGGA,094505.00,6342.670562,N,01058.787639,E,2,12,0.7,12.33,M,40.00,M,6.0,0907*7C
2021:01:22:10:45:06.907000,1611308706.907,$GPGGA,094506.00,6342.670563,N,01058.787762,E,2,12,0.7,12.35,M,40.00,M,7.0,0907*76
2021:01:22:10:45:07.907000,1611308707.907,$GPGGA,094507.00,6342.670559,N,01058.787894,E,2,12,0.7,12.36,M,40.00,M,8.0,0907*74
2021:01:22:10:45:08.907000,1611308708.907,$GPGGA,094508.00,6342.670565,N,01058.787965,E,2,12,0.7,12.35,M,40.00,M,9.0,0907*79
2021:01:22:10:45:09.907000,1611308709.907,$GPGGA,094509.00,6342.670540,N,01058.787990,E,2,12,0.7,12.33,M,40.00,M,10.0,0907*4B
2021:01:22:10:45:10.907000,1611308710.907,$GPGGA,094510.00,6342.670542,N,01058.788059,E,2,12,0.7,12.36,M,40.00,M,6.0,0907*70
2021:01:22:10:45:11.907000,1611308711.907,$GPGGA,094511.00,6342.670548,N,01058.788160,E,2,12,0.7,12.36,M,40.00,M,7.0,0907*71
2021:01:22:10:45:12.907000,1611308712.907,$GPGGA,094512.00,6342.670523,N,01058.788165,E,2,12,0.7,12.32,M,40.00,M,8.0,0907*71
2021:01:22:10:45:14.907000,1611308714.907,$GPGGA,094514.00,6342.670535,N,01058.788276,E,2,12,0.7,12.36,M,40.00,M,10.0,0907*4C
2021:01:22:10:45:15.907000,1611308715.907,$GPGGA,094515.00,6342.670515,N,01058.788281,E,2,12,0.7,12.34,M,40.00,M,11.0,0907*44
2021:01:22:10:45:16.907000,1611308716.907,$GPGGA,094516.00,6342.670502,N,01058.788249,E,2,12,0.7,12.34,M,40.00,M,12.0,0907*46
2021:01:22:10:45:18.907000,1611308718.907,$GPGGA,094518.00,6342.670498,N,01058.788279,E,2,12,0.7,12.35,M,40.00,M,8.0,0907*73
2021:01:22:10:45:19.906000,1611308719.906,$GPGGA,094519.00,6342.670485,N,01058.788257,E,2,12,0.7,12.33,M,40.00,M,9.0,0907*75
2021:01:22:10:45:20.907000,1611308720.907,$GPGGA,094520.00,6342.670494,N,01058.788308,E,2,12,0.7,12.35,M,40.00,M,10.0,0907*4A
2021:01:22:10:45:21.907000,1611308721.907,$GPGGA,094521.00,6342.670493,N,01058.788348,E,2,12,0.7,12.36,M,40.00,M,6.0,0907*7C
2021:01:22:10:45:22.907000,1611308722.907,$GPGGA,094522.00,6342.670469,N,01058.788300,E,2,12,0.7,12.33,M,40.00,M,7.0,0907*72
2021:01:22:10:45:23.907000,1611308723.907,$GPGGA,094523.00,6342.670469,N,01058.788243,E,2,12,0.7,12.31,M,40.00,M,8.0,0907*78
2021:01:22:10:45:24.907000,1611308724.907,$GPGGA,094524.00,6342.670484,N,01058.788319,E,2,12,0.7,12.35,M,40.00,M,9.0,0907*77
2021:01:22:10:45:25.907000,1611308725.907,$GPGGA,094525.00,6342.670474,N,01058.788366,E,2,12,0.7,12.37,M,40.00,M,10.0,0907*4B
2021:01:22:10:45:26.907000,1611308726.907,$GPGGA,094526.00,6342.670460,N,01058.788266,E,2,12,0.7,12.32,M,40.00,M,11.0,0907*48
2021:01:22:10:45:27.907000,1611308727.907,$GPGGA,094527.00,6342.670458,N,01058.788214,E,2,12,0.7,12.30,M,40.00,M,7.0,0907*72
2021:01:22:10:45:28.907000,1611308728.907,$GPGGA,094528.00,6342.670453,N,01058.788299,E,2,12,0.7,12.35,M,40.00,M,8.0,0907*79
2021:01:22:10:45:29.907000,1611308729.907,$GPGGA,094529.00,6342.670441,N,01058.788299,E,2,12,0.7,12.35,M,40.00,M,9.0,0907*7A
2021:01:22:10:45:30.907000,1611308730.907,$GPGGA,094530.00,6342.670446,N,01058.788257,E,2,12,0.7,12.34,M,40.00,M,4.0,0907*7B
2021:01:22:10:45:31.907000,1611308731.907,$GPGGA,094531.00,6342.670429,N,01058.788270,E,2,12,0.7,12.34,M,40.00,M,5.0,0907*77
2021:01:22:10:45:32.907000,1611308732.907,$GPGGA,094532.00,6342.670409,N,01058.788243,E,2,12,0.7,12.35,M,40.00,M,6.0,0907*74
2021:01:22:10:45:34.908000,1611308734.908,$GPGGA,094534.00,6342.670377,N,01058.788213,E,2,12,0.7,12.32,M,40.00,M,8.0,0907*70
2021:01:22:10:45:35.908000,1611308735.908,$GPGGA,094535.00,6342.670369,N,01058.788269,E,2,12,0.7,12.34,M,40.00,M,9.0,0907*74
2021:01:22:10:45:36.908000,1611308736.908,$GPGGA,094536.00,6342.670379,N,01058.788193,E,2,12,0.7,12.35,M,40.00,M,10.0,0907*49
2021:01:22:10:45:37.908000,1611308737.908,$GPGGA,094537.00,6342.670354,N,01058.788125,E,2,12,0.7,12.33,M,40.00,M,11.0,0907*4D
2021:01:22:10:45:38.908000,1611308738.908,$GPGGA,094538.00,6342.670330,N,01058.788160,E,2,12,0.7,12.35,M,40.00,M,12.0,0907*44
2021:01:22:10:45:39.908000,1611308739.908,$GPGGA,094539.00,6342.670333,N,01058.788137,E,2,12,0.7,12.35,M,40.00,M,13.0,0907*45
2021:01:22:10:45:40.908000,1611308740.908,$GPGGA,094540.00,6342.670335,N,01058.788052,E,2,12,0.7,12.35,M,40.00,M,9.0,0907*74
2021:01:22:10:45:41.908000,1611308741.908,$GPGGA,094541.00,6342.670341,N,01058.788067,E,2,12,0.7,12.38,M,40.00,M,10.0,0907*45
2021:01:22:10:45:42.908000,1611308742.908,$GPGGA,094542.00,6342.670321,N,01058.788049,E,2,12,0.7,12.37,M,40.00,M,11.0,0907*42
2021:01:22:10:45:43.908000,1611308743.908,$GPGGA,094543.00,6342.670316,N,01058.787923,E,2,12,0.7,12.36,M,40.00,M,12.0,0907*4F
2021:01:22:10:45:44.908000,1611308744.908,$GPGGA,094544.00,6342.670321,N,01058.787840,E,2,12,0.7,12.34,M,40.00,M,7.0,0907*7E
2021:01:22:10:45:45.908000,1611308745.908,$GPGGA,094545.00,6342.670312,N,01058.787769,E,2,12,0.7,12.34,M,40.00,M,8.0,0907*74
2021:01:22:10:45:46.908000,1611308746.908,$GPGGA,094546.00,6342.670293,N,01058.787675,E,2,12,0.7,12.35,M,40.00,M,9.0,0907*73
2021:01:22:10:45:47.907000,1611308747.907,$GPGGA,094547.00,6342.670291,N,01058.787532,E,2,12,0.7,12.35,M,40.00,M,10.0,0907*48
2021:01:22:10:45:48.907000,1611308748.907,$GPGGA,094548.00,6342.670270,N,01058.787357,E,2,12,0.7,12.36,M,40.00,M,11.0,0907*4F
2021:01:22:10:45:49.908000,1611308749.908,$GPGGA,094549.00,6342.670240,N,01058.787208,E,2,12,0.7,12.37,M,40.00,M,12.0,0907*44
2021:01:22:10:45:50.908000,1611308750.908,$GPGGA,094550.00,6342.670235,N,01058.787027,E,2,12,0.7,12.35,M,40.00,M,7.0,0907*77
2021:01:22:10:45:51.908000,1611308751.908,$GPGGA,094551.00,6342.670213,N,01058.786917,E,2,12,0.7,12.34,M,40.00,M,8.0,0907*77
2021:01:22:10:45:52.908000,1611308752.908,$GPGGA,094552.00,6342.670193,N,01058.786839,E,2,12,0.7,12.34,M,40.00,M,9.0,0907*73
2021:01:22:10:45:53.908000,1611308753.908,$GPGGA,094553.00,6342.670209,N,01058.786687,E,2,12,0.7,12.35,M,40.00,M,10.0,0907*40
2021:01:22:10:45:54.908000,1611308754.908,$GPGGA,094554.00,6342.670193,N,01058.786555,E,2,12,0.7,12.34,M,40.00,M,6.0,0907*7D
2021:01:22:10:45:55.908000,1611308755.908,$GPGGA,094555.00,6342.670190,N,01058.786425,E,2,12,0.7,12.36,M,40.00,M,7.0,0907*7A
2021:01:22:10:45:56.908000,1611308756.908,$GPGGA,094556.00,6342.670194,N,01058.786333,E,2,12,0.7,12.36,M,40.00,M,8.0,0907*72
2021:01:22:10:45:57.908000,1611308757.908,$GPGGA,094557.00,6342.670183,N,01058.786294,E,2,12,0.7,12.34,M,40.00,M,9.0,0907*7A
2021:01:22:10:45:58.908000,1611308758.908,$GPGGA,094558.00,6342.670187,N,01058.786196,E,2,12,0.7,12.36,M,40.00,M,10.0,0907*4A
2021:01:22:10:45:59.908000,1611308759.908,$GPGGA,094559.00,6342.670179,N,01058.786083,E,2,12,0.7,12.37,M,40.00,M,11.0,0907*4F
2021:01:22:10:46:00.908000,1611308760.908,$GPGGA,094600.00,6342.670165,N,01058.786012,E,2,12,0.7,12.33,M,40.00,M,7.0,0907*76
2021:01:22:10:46:01.908000,1611308761.908,$GPGGA,094601.00,6342.670163,N,01058.785969,E,2,12,0.7,12.35,M,40.00,M,8.0,0907*7E
2021:01:22:10:46:02.908000,1611308762.908,$GPGGA,094602.00,6342.670160,N,01058.786016,E,2,12,0.7,12.37,M,40.00,M,9.0,0907*7F
2021:01:22:10:46:04.909000,1611308764.909,$GPGGA,094604.00,6342.670106,N,01058.785825,E,2,12,0.7,12.31,M,40.00,M,6.0,0907*7B
2021:01:22:10:46:05.909000,1611308765.909,$GPGGA,094605.00,6342.670094,N,01058.785826,E,2,12,0.7,12.36,M,40.00,M,7.0,0907*75
2021:01:22:10:46:06.909000,1611308766.909,$GPGGA,094606.00,6342.670083,N,01058.785864,E,2,12,0.7,12.35,M,40.00,M,8.0,0907*7A
2021:01:22:10:46:08.909000,1611308768.909,$GPGGA,094608.00,6342.670030,N,01058.785816,E,2,12,0.7,12.34,M,40.00,M,5.0,0907*75
2021:01:22:10:46:09.909000,1611308769.909,$GPGGA,094609.00,6342.670019,N,01058.785792,E,2,12,0.7,12.35,M,40.00,M,6.0,0907*7E
2021:01:22:10:46:10.909000,1611308770.909,$GPGGA,094610.00,6342.669988,N,01058.785804,E,2,12,0.7,12.31,M,40.00,M,7.0,0907*7A
2021:01:22:10:46:12.909000,1611308772.909,$GPGGA,094612.00,6342.669949,N,01058.785722,E,2,12,0.7,12.35,M,40.00,M,9.0,0907*74
2021:01:22:10:46:13.909000,1611308773.909,$GPGGA,094613.00,6342.669929,N,01058.785718,E,2,12,0.7,12.34,M,40.00,M,4.0,0907*76
2021:01:22:10:46:14.909000,1611308774.909,$GPGGA,094614.00,6342.669887,N,01058.785675,E,2,12,0.7,12.32,M,40.00,M,5.0,0907*79
2021:01:22:10:46:15.909000,1611308775.909,$GPGGA,094615.00,6342.669882,N,01058.785598,E,2,12,0.7,12.34,M,40.00,M,6.0,0907*78
2021:01:22:10:46:16.908000,1611308776.908,$GPGGA,094616.00,6342.669878,N,01058.785553,E,2,12,0.7,12.34,M,40.00,M,7.0,0907*78
2021:01:22:10:46:17.908000,1611308777.908,$GPGGA,094617.00,6342.669874,N,01058.785532,E,2,12,0.7,12.32,M,40.00,M,8.0,0907*7B
2021:01:22:10:46:18.909000,1611308778.909,$GPGGA,094618.00,6342.669872,N,01058.785455,E,2,12,0.7,12.32,M,40.00,M,9.0,0907*73
2021:01:22:10:46:19.909000,1611308779.909,$GPGGA,094619.00,6342.669872,N,01058.785391,E,2,12,0.7,12.33,M,40.00,M,10.0,0907*44
2021:01:22:10:46:20.909000,1611308780.909,$GPGGA,094620.00,6342.669881,N,01058.785348,E,2,12,0.7,12.33,M,40.00,M,11.0,0907*47
2021:01:22:10:46:21.909000,1611308781.909,$GPGGA,094621.00,6342.669898,N,01058.785284,E,2,12,0.7,12.34,M,40.00,M,12.0,0907*4B
2021:01:22:10:46:22.909000,1611308782.909,$GPGGA,094622.00,6342.669902,N,01058.785205,E,2,12,0.7,12.32,M,40.00,M,13.0,0907*44
2021:01:22:10:46:24.909000,1611308784.909,$GPGGA,094624.00,6342.669955,N,01058.785129,E,2,12,0.7,12.33,M,40.00,M,9.0,0907*77
2021:01:22:10:46:25.909000,1611308785.909,$GPGGA,094625.00,6342.669974,N,01058.785024,E,2,12,0.7,12.32,M,40.00,M,10.0,0907*40
2021:01:22:10:46:26.909000,1611308786.909,$GPGGA,094626.00,6342.669985,N,01058.784977,E,2,12,0.7,12.28,M,40.00,M,11.0,0907*49
2021:01:22:10:46:28.909000,1611308788.909,$GPGGA,094628.00,6342.670037,N,01058.784778,E,2,12,0.7,12.32,M,40.00,M,8.0,0907*7D
2021:01:22:10:46:29.909000,1611308789.909,$GPGGA,094629.00,6342.670060,N,01058.784734,E,2,12,0.7,12.31,M,40.00,M,9.0,0907*74
2021:01:22:10:46:30.909000,1611308790.909,$GPGGA,094630.00,6342.670111,N,01058.784733,E,2,12,0.7,12.34,M,40.00,M,10.0,0907*41
2021:01:22:10:46:33.910000,1611308793.91,$GPGGA,094633.00,6342.670186,N,01058.784480,E,2,12,0.7,12.33,M,40.00,M,8.0,0907*79
2021:01:22:10:46:34.910000,1611308794.91,$GPGGA,094634.00,6342.670217,N,01058.784469,E,2,12,0.7,12.35,M,40.00,M,9.0,0907*75
2021:01:22:10:46:35.910000,1611308795.91,$GPGGA,094635.00,6342.670227,N,01058.784458,E,2,12,0.7,12.32,M,40.00,M,10.0,0907*4A
2021:01:22:10:46:37.910000,1611308797.91,$GPGGA,094637.00,6342.670289,N,01058.784291,E,2,12,0.7,12.33,M,40.00,M,12.0,0907*4C
2021:01:22:10:46:38.910000,1611308798.91,$GPGGA,094638.00,6342.670312,N,01058.784334,E,2,12,0.7,12.35,M,40.00,M,13.0,0907*49
2021:01:22:10:46:39.910000,1611308799.91,$GPGGA,094639.00,6342.670330,N,01058.784313,E,2,12,0.7,12.34,M,40.00,M,14.0,0907*4B
2021:01:22:10:46:40.910000,1611308800.91,$GPGGA,094640.00,6342.670364,N,01058.784242,E,2,12,0.7,12.33,M,40.00,M,9.0,0907*7A
2021:01:22:10:46:41.910000,1611308801.91,$GPGGA,094641.00,6342.670381,N,01058.784291,E,2,12,0.7,12.34,M,40.00,M,10.0,0907*41
2021:01:22:10:46:42.910000,1611308802.91,$GPGGA,094642.00,6342.670385,N,01058.784291,E,2,12,0.7,12.35,M,40.00,M,11.0,0907*46
2021:01:22:10:46:43.910000,1611308803.91,$GPGGA,094643.00,6342.670425,N,01058.784264,E,2,12,0.7,12.35,M,40.00,M,12.0,0907*43
2021:01:22:10:46:44.909000,1611308804.909,$GPGGA,094644.00,6342.670458,N,01058.784321,E,2,12,0.7,12.35,M,40.00,M,8.0,0907*75
2021:01:22:10:46:45.909000,1611308805.909,$GPGGA,094645.00,6342.670438,N,01058.784313,E,2,12,0.7,12.33,M,40.00,M,9.0,0907*74
2021:01:22:10:46:46.909000,1611308806.909,$GPGGA,094646.00,6342.670456,N,01058.784267,E,2,12,0.7,12.33,M,40.00,M,10.0,0907*45
2021:01:22:10:46:47.909000,1611308807.909,$GPGGA,094647.00,6342.670498,N,01058.784357,E,2,12,0.7,12.35,M,40.00,M,11.0,0907*43
2021:01:22:10:46:49.910000,1611308809.91,$GPGGA,094649.00,6342.670516,N,01058.784459,E,2,12,0.7,12.34,M,40.00,M,8.0,0907*7A
2021:01:22:10:46:50.910000,1611308810.91,$GPGGA,094650.00,6342.670553,N,01058.784499,E,2,12,0.7,12.34,M,40.00,M,9.0,0907*7E
2021:01:22:10:46:51.910000,1611308811.91,$GPGGA,094651.00,6342.670564,N,01058.784637,E,2,12,0.7,12.39,M,40.00,M,10.0,0907*48
2021:01:22:10:46:53.910000,1611308813.91,$GPGGA,094653.00,6342.670620,N,01058.784881,E,2,12,0.7,12.34,M,40.00,M,12.0,0907*45
2021:01:22:10:46:54.910000,1611308814.91,$GPGGA,094654.00,6342.670628,N,01058.784987,E,2,12,0.7,12.35,M,40.00,M,13.0,0907*4D
2021:01:22:10:46:55.910000,1611308815.91,$GPGGA,094655.00,6342.670639,N,01058.785101,E,2,12,0.7,12.37,M,40.00,M,14.0,0907*4E
2021:01:22:10:46:57.910000,1611308817.91,$GPGGA,094657.00,6342.670693,N,01058.785410,E,2,12,0.7,12.36,M,40.00,M,16.0,0907*4A
2021:01:22:10:46:58.910000,1611308818.91,$GPGGA,094658.00,6342.670719,N,01058.785650,E,2,12,0.7,12.38,M,40.00,M,9.0,0907*70
2021:01:22:10:46:59.910000,1611308819.91,$GPGGA,094659.00,6342.670756,N,01058.785808,E,2,12,0.7,12.37,M,40.00,M,10.0,0907*4E
2021:01:22:10:47:00.910000,1611308820.91,$GPGGA,094700.00,6342.670777,N,01058.785937,E,2,12,0.7,12.35,M,40.00,M,11.0,0907*4E
2021:01:22:10:47:01.910000,1611308821.91,$GPGGA,094701.00,6342.670788,N,01058.786103,E,2,12,0.7,12.35,M,40.00,M,12.0,0907*40
2021:01:22:10:47:02.910000,1611308822.91,$GPGGA,094702.00,6342.670828,N,01058.786320,E,2,12,0.7,12.35,M,40.00,M,13.0,0907*44
2021:01:22:10:47:03.911000,1611308823.911,$GPGGA,094703.00,6342.670872,N,01058.786544,E,2,12,0.7,12.34,M,40.00,M,14.0,0907*48
2021:01:22:10:47:04.911000,1611308824.911,$GPGGA,094704.00,6342.670891,N,01058.786742,E,2,12,0.7,12.35,M,40.00,M,5.0,0907*77
2021:01:22:10:47:05.911000,1611308825.911,$GPGGA,094705.00,6342.670929,N,01058.786997,E,2,12,0.7,12.37,M,40.00,M,6.0,0907*73
2021:01:22:10:47:06.911000,1611308826.911,$GPGGA,094706.00,6342.670958,N,01058.787264,E,2,12,0.7,12.34,M,40.00,M,7.0,0907*72
2021:01:22:10:47:07.911000,1611308827.911,$GPGGA,094707.00,6342.670988,N,01058.787506,E,2,12,0.7,12.34,M,40.00,M,8.0,0907*72
2021:01:22:10:47:08.911000,1611308828.911,$GPGGA,094708.00,6342.671031,N,01058.787767,E,2,12,0.7,12.35,M,40.00,M,9.0,0907*72
2021:01:22:10:47:09.911000,1611308829.911,$GPGGA,094709.00,6342.671082,N,01058.788069,E,2,12,0.7,12.35,M,40.00,M,10.0,0907*45
2021:01:22:10:47:10.911000,1611308830.911,$GPGGA,094710.00,6342.671107,N,01058.788328,E,2,12,0.7,12.34,M,40.00,M,11.0,0907*47
2021:01:22:10:47:11.910000,1611308831.91,$GPGGA,094711.00,6342.671154,N,01058.788565,E,2,12,0.7,12.35,M,40.00,M,7.0,0907*79
2021:01:22:10:47:12.910000,1611308832.91,$GPGGA,094712.00,6342.671219,N,01058.788890,E,2,12,0.7,12.38,M,40.00,M,8.0,0907*75
2021:01:22:10:47:14.910000,1611308834.91,$GPGGA,094714.00,6342.671310,N,01058.789433,E,2,12,0.7,12.32,M,40.00,M,5.0,0907*78
2021:01:22:10:47:15.910000,1611308835.91,$GPGGA,094715.00,6342.671355,N,01058.789703,E,2,12,0.7,12.34,M,40.00,M,6.0,0907*7D
2021:01:22:10:47:16.910000,1611308836.91,$GPGGA,094716.00,6342.671438,N,01058.790053,E,2,12,0.7,12.36,M,40.00,M,7.0,0907*7B
2021:01:22:10:47:18.911000,1611308838.911,$GPGGA,094718.00,6342.671520,N,01058.790486,E,2,12,0.7,12.34,M,40.00,M,9.0,0907*7D
2021:01:22:10:47:19.911000,1611308839.911,$GPGGA,094719.00,6342.671586,N,01058.790792,E,2,12,0.7,12.37,M,40.00,M,10.0,0907*4D
2021:01:22:10:47:20.911000,1611308840.911,$GPGGA,094720.00,6342.671635,N,01058.791035,E,2,12,0.7,12.36,M,40.00,M,11.0,0907*47
2021:01:22:10:47:22.911000,1611308842.911,$GPGGA,094722.00,6342.671716,N,01058.791478,E,2,12,0.7,12.35,M,40.00,M,8.0,0907*73
2021:01:22:10:47:23.911000,1611308843.911,$GPGGA,094723.00,6342.671751,N,01058.791676,E,2,12,0.7,12.37,M,40.00,M,9.0,0907*7E
2021:01:22:10:47:24.911000,1611308844.911,$GPGGA,094724.00,6342.671788,N,01058.791875,E,2,12,0.7,12.37,M,40.00,M,10.0,0907*48
2021:01:22:10:47:25.911000,1611308845.911,$GPGGA,094725.00,6342.671810,N,01058.792057,E,2,12,0.7,12.35,M,40.00,M,11.0,0907*4F
2021:01:22:10:47:26.911000,1611308846.911,$GPGGA,094726.00,6342.671834,N,01058.792213,E,2,12,0.7,12.35,M,40.00,M,12.0,0907*4B
2021:01:22:10:47:27.911000,1611308847.911,$GPGGA,094727.00,6342.671846,N,01058.792384,E,2,12,0.7,12.36,M,40.00,M,7.0,0907*77
2021:01:22:10:47:28.911000,1611308848.911,$GPGGA,094728.00,6342.671878,N,01058.792530,E,2,12,0.7,12.39,M,40.00,M,8.0,0907*7C
2021:01:22:10:47:29.911000,1611308849.911,$GPGGA,094729.00,6342.671888,N,01058.792625,E,2,12,0.7,12.36,M,40.00,M,9.0,0907*7B
2021:01:22:10:47:30.911000,1611308850.911,$GPGGA,094730.00,6342.671868,N,01058.792679,E,2,12,0.7,12.33,M,40.00,M,10.0,0907*49
2021:01:22:10:47:31.911000,1611308851.911,$GPGGA,094731.00,6342.671874,N,01058.792756,E,2,12,0.7,12.35,M,40.00,M,6.0,0907*78
2021:01:22:10:47:32.911000,1611308852.911,$GPGGA,094732.00,6342.671900,N,01058.792832,E,2,12,0.7,12.38,M,40.00,M,7.0,0907*78
2021:01:22:10:47:34.912000,1611308854.912,$GPGGA,094734.00,6342.671886,N,01058.792856,E,2,12,0.7,12.34,M,40.00,M,9.0,0907*71
2021:01:22:10:47:35.912000,1611308855.912,$GPGGA,094735.00,6342.671890,N,01058.792863,E,2,12,0.7,12.33,M,40.00,M,10.0,0907*4E
2021:01:22:10:47:36.912000,1611308856.912,$GPGGA,094736.00,6342.671894,N,01058.792877,E,2,12,0.7,12.35,M,40.00,M,11.0,0907*4B
2021:01:22:10:47:39.911000,1611308859.911,$GPGGA,094739.00,6342.671885,N,01058.792731,E,2,12,0.7,12.34,M,40.00,M,14.0,0907*4D
2021:01:22:10:47:40.911000,1611308860.911,$GPGGA,094740.00,6342.671867,N,01058.792640,E,2,12,0.7,12.34,M,40.00,M,15.0,0907*49
2021:01:22:10:47:41.911000,1611308861.911,$GPGGA,094741.00,6342.671864,N,01058.792563,E,2,12,0.7,12.34,M,40.00,M,10.0,0907*4C
2021:01:22:10:47:43.911000,1611308863.911,$GPGGA,094743.00,6342.671829,N,01058.792414,E,2,12,0.7,12.34,M,40.00,M,12.0,0907*44
2021:01:22:10:47:44.911000,1611308864.911,$GPGGA,094744.00,6342.671814,N,01058.792251,E,2,12,0.7,12.34,M,40.00,M,13.0,0907*4B
2021:01:22:10:47:45.911000,1611308865.911,$GPGGA,094745.00,6342.671787,N,01058.792097,E,2,12,0.7,12.33,M,40.00,M,9.0,0907*7B
2021:01:22:10:47:47.912000,1611308867.912,$GPGGA,094747.00,6342.671722,N,01058.791841,E,2,12,0.7,12.35,M,40.00,M,11.0,0907*49
2021:01:22:10:47:48.912000,1611308868.912,$GPGGA,094748.00,6342.671685,N,01058.791664,E,2,12,0.7,12.32,M,40.00,M,7.0,0907*73
2021:01:22:10:47:49.912000,1611308869.912,$GPGGA,094749.00,6342.671627,N,01058.791497,E,2,12,0.7,12.32,M,40.00,M,8.0,0907*7B
2021:01:22:10:47:50.912000,1611308870.912,$GPGGA,094750.00,6342.671604,N,01058.791329,E,2,12,0.7,12.34,M,40.00,M,9.0,0907*77
2021:01:22:10:47:51.912000,1611308871.912,$GPGGA,094751.00,6342.671569,N,01058.791164,E,2,12,0.7,12.33,M,40.00,M,5.0,0907*7E
2021:01:22:10:47:52.912000,1611308872.912,$GPGGA,094752.00,6342.671501,N,01058.791018,E,2,12,0.7,12.31,M,40.00,M,6.0,0907*78
2021:01:22:10:47:53.912000,1611308873.912,$GPGGA,094753.00,6342.671463,N,01058.790860,E,2,12,0.7,12.32,M,40.00,M,7.0,0907*78
2021:01:22:10:47:54.912000,1611308874.912,$GPGGA,094754.00,6342.671421,N,01058.790607,E,2,12,0.7,12.34,M,40.00,M,8.0,0907*7F
2021:01:22:10:47:55.912000,1611308875.912,$GPGGA,094755.00,6342.671361,N,01058.790375,E,2,12,0.7,12.34,M,40.00,M,9.0,0907*7C
2021:01:22:10:47:56.912000,1611308876.912,$GPGGA,094756.00,6342.671308,N,01058.790179,E,2,12,0.7,12.33,M,40.00,M,10.0,0907*41
2021:01:22:10:47:57.912000,1611308877.912,$GPGGA,094757.00,6342.671243,N,01058.789987,E,2,12,0.7,12.33,M,40.00,M,11.0,0907*4E
2021:01:22:10:47:59.912000,1611308879.912,$GPGGA,094759.00,6342.671129,N,01058.789465,E,2,12,0.7,12.33,M,40.00,M,13.0,0907*4C
2021:01:22:10:48:00.912000,1611308880.912,$GPGGA,094800.00,6342.671073,N,01058.789225,E,2,12,0.7,12.36,M,40.00,M,14.0,0907*41
2021:01:22:10:48:01.912000,1611308881.912,$GPGGA,094801.00,6342.671002,N,01058.789022,E,2,12,0.7,12.35,M,40.00,M,9.0,0907*7C
2021:01:22:10:48:03.913000,1611308883.913,$GPGGA,094803.00,6342.670918,N,01058.788415,E,2,12,0.7,12.34,M,40.00,M,11.0,0907*44
2021:01:22:10:48:04.913000,1611308884.913,$GPGGA,094804.00,6342.670866,N,01058.788189,E,2,12,0.7,12.34,M,40.00,M,6.0,0907*7D
2021:01:22:10:48:05.913000,1611308885.913,$GPGGA,094805.00,6342.670814,N,01058.788051,E,2,12,0.7,12.34,M,40.00,M,7.0,0907*7C
2021:01:22:10:48:08.913000,1611308888.913,$GPGGA,094808.00,6342.670725,N,01058.787266,E,2,12,0.7,12.33,M,40.00,M,5.0,0907*70
2021:01:22:10:48:09.912000,1611308889.912,$GPGGA,094809.00,6342.670704,N,01058.787011,E,2,12,0.7,12.34,M,40.00,M,6.0,0907*74
2021:01:22:10:48:10.912000,1611308890.912,$GPGGA,094810.00,6342.670682,N,01058.786726,E,2,12,0.7,12.32,M,40.00,M,7.0,0907*76
2021:01:22:10:48:12.912000,1611308892.912,$GPGGA,094812.00,6342.670687,N,01058.786148,E,2,12,0.7,12.35,M,40.00,M,9.0,0907*76
2021:01:22:10:48:13.912000,1611308893.912,$GPGGA,094813.00,6342.670691,N,01058.785757,E,2,12,0.7,12.33,M,40.00,M,10.0,0907*45
2021:01:22:10:48:14.912000,1611308894.912,$GPGGA,094814.00,6342.670703,N,01058.785438,E,2,12,0.7,12.32,M,40.00,M,6.0,0907*74
2021:01:22:10:48:15.912000,1611308895.912,$GPGGA,094815.00,6342.670705,N,01058.785117,E,2,12,0.7,12.31,M,40.00,M,7.0,0907*79
2021:01:22:10:48:16.912000,1611308896.912,$GPGGA,094816.00,6342.670735,N,01058.784716,E,2,12,0.7,12.32,M,40.00,M,8.0,0907*73
2021:01:22:10:48:17.913000,1611308897.913,$GPGGA,094817.00,6342.670791,N,01058.784289,E,2,12,0.7,12.33,M,40.00,M,9.0,0907*7F
2021:01:22:10:48:18.913000,1611308898.913,$GPGGA,094818.00,6342.670838,N,01058.783853,E,2,12,0.7,12.32,M,40.00,M,5.0,0907*7B
2021:01:22:10:48:19.913000,1611308899.913,$GPGGA,094819.00,6342.670882,N,01058.783471,E,2,12,0.7,12.35,M,40.00,M,6.0,0907*73
2021:01:22:10:48:20.913000,1611308900.913,$GPGGA,094820.00,6342.670928,N,01058.783062,E,2,12,0.7,12.35,M,40.00,M,7.0,0907*7F
2021:01:22:10:48:21.913000,1611308901.913,$GPGGA,094821.00,6342.671007,N,01058.782607,E,2,12,0.7,12.35,M,40.00,M,8.0,0907*70
2021:01:22:10:48:22.913000,1611308902.913,$GPGGA,094822.00,6342.671100,N,01058.782127,E,2,12,0.7,12.36,M,40.00,M,9.0,0907*72
2021:01:22:10:48:24.913000,1611308904.913,$GPGGA,094824.00,6342.671250,N,01058.781245,E,2,12,0.7,12.31,M,40.00,M,11.0,0907*48
2021:01:22:10:48:25.913000,1611308905.913,$GPGGA,094825.00,6342.671335,N,01058.780846,E,2,12,0.7,12.32,M,40.00,M,7.0,0907*77
2021:01:22:10:48:26.913000,1611308906.913,$GPGGA,094826.00,6342.671427,N,01058.780426,E,2,12,0.7,12.32,M,40.00,M,8.0,0907*75
2021:01:22:10:48:28.913000,1611308908.913,$GPGGA,094828.00,6342.671656,N,01058.779553,E,2,12,0.7,12.31,M,40.00,M,4.0,0907*75
2021:01:22:10:48:29.913000,1611308909.913,$GPGGA,094829.00,6342.671788,N,01058.779138,E,2,12,0.7,12.33,M,40.00,M,5.0,0907*7C
2021:01:22:10:48:30.913000,1611308910.913,$GPGGA,094830.00,6342.671907,N,01058.778706,E,2,12,0.7,12.33,M,40.00,M,6.0,0907*74
2021:01:22:10:48:32.914000,1611308912.914,$GPGGA,094832.00,6342.672183,N,01058.777928,E,2,12,0.7,12.33,M,40.00,M,8.0,0907*72
2021:01:22:10:48:33.914000,1611308913.914,$GPGGA,094833.00,6342.672331,N,01058.777521,E,2,12,0.7,12.31,M,40.00,M,9.0,0907*7E
2021:01:22:10:48:34.914000,1611308914.914,$GPGGA,094834.00,6342.672475,N,01058.777173,E,2,12,0.7,12.32,M,40.00,M,10.0,0907*46
2021:01:22:10:48:35.913000,1611308915.913,$GPGGA,094835.00,6342.672604,N,01058.776816,E,2,12,0.7,12.33,M,40.00,M,6.0,0907*7E
2021:01:22:10:48:37.913000,1611308917.913,$GPGGA,094837.00,6342.672924,N,01058.776089,E,2,12,0.7,12.33,M,40.00,M,8.0,0907*71
2021:01:22:10:48:38.913000,1611308918.913,$GPGGA,094838.00,6342.673098,N,01058.775743,E,2,12,0.7,12.32,M,40.00,M,9.0,0907*73
2021:01:22:10:48:39.913000,1611308919.913,$GPGGA,094839.00,6342.673247,N,01058.775442,E,2,12,0.7,12.32,M,40.00,M,10.0,0907*48
2021:01:22:10:48:40.913000,1611308920.913,$GPGGA,094840.00,6342.673409,N,01058.775115,E,2,12,0.7,12.32,M,40.00,M,11.0,0907*4C
2021:01:22:10:48:41.913000,1611308921.913,$GPGGA,094841.00,6342.673577,N,01058.774805,E,2,12,0.7,12.33,M,40.00,M,12.0,0907*4E
2021:01:22:10:48:42.913000,1611308922.913,$GPGGA,094842.00,6342.673742,N,01058.774523,E,2,12,0.7,12.34,M,40.00,M,13.0,0907*46
2021:01:22:10:48:43.913000,1611308923.913,$GPGGA,094843.00,6342.673921,N,01058.774226,E,2,12,0.7,12.33,M,40.00,M,14.0,0907*4E
2021:01:22:10:48:44.913000,1611308924.913,$GPGGA,094844.00,6342.674096,N,01058.773962,E,2,12,0.7,12.34,M,40.00,M,15.0,0907*41
2021:01:22:10:48:45.913000,1611308925.913,$GPGGA,094845.00,6342.674273,N,01058.773691,E,2,12,0.7,12.34,M,40.00,M,11.0,0907*4E
2021:01:22:10:48:46.914000,1611308926.914,$GPGGA,094846.00,6342.674451,N,01058.773447,E,2,12,0.7,12.34,M,40.00,M,12.0,0907*41
2021:01:22:10:48:47.914000,1611308927.914,$GPGGA,094847.00,6342.674623,N,01058.773202,E,2,12,0.7,12.35,M,40.00,M,13.0,0907*40
2021:01:22:10:48:48.914000,1611308928.914,$GPGGA,094848.00,6342.674811,N,01058.772961,E,2,12,0.7,12.33,M,40.00,M,14.0,0907*4E
2021:01:22:10:48:49.914000,1611308929.914,$GPGGA,094849.00,6342.675002,N,01058.772755,E,2,12,0.7,12.32,M,40.00,M,10.0,0907*48
2021:01:22:10:48:50.914000,1611308930.914,$GPGGA,094850.00,6342.675178,N,01058.772549,E,2,12,0.7,12.32,M,40.00,M,11.0,0907*42
2021:01:22:10:48:51.914000,1611308931.914,$GPGGA,094851.00,6342.675348,N,01058.772340,E,2,12,0.7,12.31,M,40.00,M,6.0,0907*78
2021:01:22:10:48:53.914000,1611308933.914,$GPGGA,094853.00,6342.675718,N,01058.772000,E,2,12,0.7,12.34,M,40.00,M,8.0,0907*77
2021:01:22:10:48:54.914000,1611308934.914,$GPGGA,094854.00,6342.675895,N,01058.771815,E,2,12,0.7,12.34,M,40.00,M,9.0,0907*74
2021:01:22:10:48:55.914000,1611308935.914,$GPGGA,094855.00,6342.676070,N,01058.771624,E,2,12,0.7,12.32,M,40.00,M,10.0,0907*47
2021:01:22:10:48:57.914000,1611308937.914,$GPGGA,094857.00,6342.676387,N,01058.771326,E,2,12,0.7,12.31,M,40.00,M,12.0,0907*48
2021:01:22:10:48:58.914000,1611308938.914,$GPGGA,094858.00,6342.676566,N,01058.771186,E,2,12,0.7,12.31,M,40.00,M,13.0,0907*47
2021:01:22:10:48:59.914000,1611308939.914,$GPGGA,094859.00,6342.676766,N,01058.771085,E,2,12,0.7,12.32,M,40.00,M,9.0,0907*7E
2021:01:22:10:49:00.914000,1611308940.914,$GPGGA,094900.00,6342.676931,N,01058.770990,E,2,12,0.7,12.30,M,40.00,M,10.0,0907*49
2021:01:22:10:49:01.915000,1611308941.915,$GPGGA,094901.00,6342.677093,N,01058.770866,E,2,12,0.7,12.28,M,40.00,M,6.0,0907*7E
2021:01:22:10:49:02.915000,1611308942.915,$GPGGA,094902.00,6342.677242,N,01058.770744,E,2,12,0.7,12.28,M,40.00,M,7.0,0907*7D
2021:01:22:10:49:03.915000,1611308943.915,$GPGGA,094903.00,6342.677404,N,01058.770696,E,2,12,0.7,12.29,M,40.00,M,8.0,0907*78
2021:01:22:10:49:04.914000,1611308944.914,$GPGGA,094904.00,6342.677601,N,01058.770642,E,2,12,0.7,12.31,M,40.00,M,9.0,0907*79
2021:01:22:10:49:05.914000,1611308945.914,$GPGGA,094905.00,6342.677772,N,01058.770561,E,2,12,0.7,12.29,M,40.00,M,4.0,0907*7B
2021:01:22:10:49:06.914000,1611308946.914,$GPGGA,094906.00,6342.677924,N,01058.770497,E,2,12,0.7,12.29,M,40.00,M,5.0,0907*7C
2021:01:22:10:49:07.914000,1611308947.914,$GPGGA,094907.00,6342.678081,N,01058.770439,E,2,12,0.7,12.33,M,40.00,M,6.0,0907*78
2021:01:22:10:49:09.914000,1611308949.914,$GPGGA,094909.00,6342.678444,N,01058.770384,E,2,12,0.7,12.33,M,40.00,M,8.0,0907*74
2021:01:22:10:49:10.914000,1611308950.914,$GPGGA,094910.00,6342.678572,N,01058.770323,E,2,12,0.7,12.34,M,40.00,M,9.0,0907*73
2021:01:22:10:49:11.914000,1611308951.914,$GPGGA,094911.00,6342.678713,N,01058.770221,E,2,12,0.7,12.33,M,40.00,M,10.0,0907*4B
2021:01:22:10:49:12.914000,1611308952.914,$GPGGA,094912.00,6342.678858,N,01058.770181,E,2,12,0.7,12.31,M,40.00,M,6.0,0907*74
2021:01:22:10:49:14.914000,1611308954.914,$GPGGA,094914.00,6342.679161,N,01058.770150,E,2,12,0.7,12.31,M,40.00,M,8.0,0907*72
2021:01:22:10:49:15.914000,1611308955.914,$GPGGA,094915.00,6342.679307,N,01058.770128,E,2,12,0.7,12.29,M,40.00,M,4.0,0907*7B
2021:01:22:10:49:16.915000,1611308956.915,$GPGGA,094916.00,6342.679438,N,01058.770110,E,2,12,0.7,12.29,M,40.00,M,5.0,0907*79
2021:01:22:10:49:18.915000,1611308958.915,$GPGGA,094918.00,6342.679704,N,01058.770000,E,2,12,0.7,12.30,M,40.00,M,7.0,0907*71
2021:01:22:10:49:19.915000,1611308959.915,$GPGGA,094919.00,6342.679824,N,01058.769979,E,2,12,0.7,12.31,M,40.00,M,8.0,0907*7C
2021:01:22:10:49:20.915000,1611308960.915,$GPGGA,094920.00,6342.679963,N,01058.769968,E,2,12,0.7,12.31,M,40.00,M,9.0,0907*75
2021:01:22:10:49:22.915000,1611308962.915,$GPGGA,094922.00,6342.680213,N,01058.769932,E,2,12,0.7,12.34,M,40.00,M,6.0,0907*78
2021:01:22:10:49:23.915000,1611308963.915,$GPGGA,094923.00,6342.680338,N,01058.769896,E,2,12,0.7,12.31,M,40.00,M,7.0,0907*7A
2021:01:22:10:49:24.915000,1611308964.915,$GPGGA,094924.00,6342.680449,N,01058.769851,E,2,12,0.7,12.31,M,40.00,M,8.0,0907*78
2021:01:22:10:49:26.915000,1611308966.915,$GPGGA,094926.00,6342.680706,N,01058.769837,E,2,12,0.7,12.32,M,40.00,M,10.0,0907*48
2021:01:22:10:49:27.915000,1611308967.915,$GPGGA,094927.00,6342.680810,N,01058.769803,E,2,12,0.7,12.30,M,40.00,M,11.0,0907*45
2021:01:22:10:49:28.915000,1611308968.915,$GPGGA,094928.00,6342.680920,N,01058.769756,E,2,12,0.7,12.31,M,40.00,M,6.0,0907*70
2021:01:22:10:49:29.915000,1611308969.915,$GPGGA,094929.00,6342.681049,N,01058.769710,E,2,12,0.7,12.31,M,40.00,M,7.0,0907*75
2021:01:22:10:49:30.916000,1611308970.916,$GPGGA,094930.00,6342.681159,N,01058.769694,E,2,12,0.7,12.32,M,40.00,M,8.0,0907*7C
2021:01:22:10:49:31.915000,1611308971.915,$GPGGA,094931.00,6342.681253,N,01058.769622,E,2,12,0.7,12.33,M,40.00,M,9.0,0907*79
2021:01:22:10:49:32.915000,1611308972.915,$GPGGA,094932.00,6342.681361,N,01058.769477,E,2,12,0.7,12.33,M,40.00,M,5.0,0907*74
2021:01:22:10:49:33.915000,1611308973.915,$GPGGA,094933.00,6342.681471,N,01058.769417,E,2,12,0.7,12.31,M,40.00,M,6.0,0907*74
2021:01:22:10:49:34.915000,1611308974.915,$GPGGA,094934.00,6342.681591,N,01058.769449,E,2,12,0.7,12.32,M,40.00,M,7.0,0907*75
2021:01:22:10:49:35.915000,1611308975.915,$GPGGA,094935.00,6342.681714,N,01058.769432,E,2,12,0.7,12.33,M,40.00,M,8.0,0907*79
2021:01:22:10:49:36.915000,1611308976.915,$GPGGA,094936.00,6342.681823,N,01058.769421,E,2,12,0.7,12.34,M,40.00,M,9.0,0907*75
2021:01:22:10:49:39.915000,1611308979.915,$GPGGA,094939.00,6342.682084,N,01058.769177,E,2,12,0.7,12.37,M,40.00,M,7.0,0907*77
2021:01:22:10:49:40.915000,1611308980.915,$GPGGA,094940.00,6342.682156,N,01058.769067,E,2,12,0.7,12.34,M,40.00,M,8.0,0907*7B
2021:01:22:10:49:42.915000,1611308982.915,$GPGGA,094942.00,6342.682210,N,01058.768738,E,2,12,0.7,12.37,M,40.00,M,10.0,0907*4E
2021:01:22:10:49:43.915000,1611308983.915,$GPGGA,094943.00,6342.682248,N,01058.768606,E,2,12,0.7,12.36,M,40.00,M,11.0,0907*4E
2021:01:22:10:49:44.915000,1611308984.915,$GPGGA,094944.00,6342.682256,N,01058.768423,E,2,12,0.7,12.32,M,40.00,M,12.0,0907*44
2021:01:22:10:49:45.916000,1611308985.916,$GPGGA,094945.00,6342.682254,N,01058.768327,E,2,12,0.7,12.35,M,40.00,M,13.0,0907*42
2021:01:22:10:49:47.916000,1611308987.916,$GPGGA,094947.00,6342.682279,N,01058.768092,E,2,12,0.7,12.32,M,40.00,M,9.0,0907*7E
2021:01:22:10:49:48.916000,1611308988.916,$GPGGA,094948.00,6342.682269,N,01058.768003,E,2,12,0.7,12.32,M,40.00,M,10.0,0907*40
2021:01:22:10:49:49.916000,1611308989.916,$GPGGA,094949.00,6342.682266,N,01058.767949,E,2,12,0.7,12.35,M,40.00,M,11.0,0907*40
2021:01:22:10:49:51.916000,1611308991.916,$GPGGA,094951.00,6342.682276,N,01058.767847,E,2,12,0.7,12.35,M,40.00,M,13.0,0907*45
2021:01:22:10:49:52.916000,1611308992.916,$GPGGA,094952.00,6342.682271,N,01058.767836,E,2,12,0.7,12.34,M,40.00,M,4.0,0907*70
2021:01:22:10:49:53.916000,1611308993.916,$GPGGA,094953.00,6342.682253,N,01058.767771,E,2,12,0.7,12.34,M,40.00,M,5.0,0907*7C
2021:01:22:10:49:54.916000,1611308994.916,$GPGGA,094954.00,6342.682243,N,01058.767685,E,2,12,0.7,12.32,M,40.00,M,6.0,0907*75
2021:01:22:10:49:55.916000,1611308995.916,$GPGGA,094955.00,6342.682244,N,01058.767765,E,2,12,0.8,12.34,M,40.00,M,7.0,0907*74
2021:01:22:10:49:56.916000,1611308996.916,$GPGGA,094956.00,6342.682235,N,01058.767792,E,2,12,0.8,12.37,M,40.00,M,8.0,0907*75
2021:01:22:10:49:57.916000,1611308997.916,$GPGGA,094957.00,6342.682242,N,01058.767718,E,2,12,0.8,12.31,M,40.00,M,9.0,0907*71
2021:01:22:10:49:59.916000,1611308999.916,$GPGGA,094959.00,6342.682218,N,01058.767797,E,2,12,0.7,12.37,M,40.00,M,6.0,0907*71
2021:01:22:10:50:00.916000,1611309000.916,$GPGGA,095000.00,6342.682236,N,01058.767828,E,2,12,0.7,12.36,M,40.00,M,7.0,0907*72
2021:01:22:10:50:01.916000,1611309001.916,$GPGGA,095001.00,6342.682248,N,01058.767829,E,2,12,0.8,12.33,M,40.00,M,8.0,0907*7E
2021:01:22:10:50:03.916000,1611309003.916,$GPGGA,095003.00,6342.682267,N,01058.767861,E,2,12,0.8,12.36,M,40.00,M,10.0,0907*41
2021:01:22:10:50:04.916000,1611309004.916,$GPGGA,095004.00,6342.682286,N,01058.767868,E,2,12,0.7,12.34,M,40.00,M,11.0,0907*4C
2021:01:22:10:50:05.916000,1611309005.916,$GPGGA,095005.00,6342.682286,N,01058.767876,E,2,12,0.7,12.34,M,40.00,M,7.0,0907*75
2021:01:22:10:50:07.916000,1611309007.916,$GPGGA,095007.00,6342.682341,N,01058.767863,E,2,12,0.7,12.35,M,40.00,M,9.0,0907*76
2021:01:22:10:50:08.916000,1611309008.916,$GPGGA,095008.00,6342.682360,N,01058.767880,E,2,12,0.7,12.35,M,40.00,M,10.0,0907*4F
2021:01:22:10:50:09.916000,1611309009.916,$GPGGA,095009.00,6342.682373,N,01058.767831,E,2,12,0.7,12.33,M,40.00,M,6.0,0907*77
2021:01:22:10:50:12.916000,1611309012.916,$GPGGA,095012.00,6342.682438,N,01058.767789,E,2,12,0.7,12.32,M,40.00,M,9.0,0907*77
2021:01:22:10:50:13.916000,1611309013.916,$GPGGA,095013.00,6342.682468,N,01058.767816,E,2,12,0.7,12.33,M,40.00,M,5.0,0907*77
2021:01:22:10:50:14.916000,1611309014.916,$GPGGA,095014.00,6342.682485,N,01058.767861,E,2,12,0.7,12.35,M,40.00,M,6.0,0907*76
2021:01:22:10:50:16.917000,1611309016.917,$GPGGA,095016.00,6342.682489,N,01058.767811,E,2,12,0.7,12.32,M,40.00,M,8.0,0907*76
2021:01:22:10:50:17.917000,1611309017.917,$GPGGA,095017.00,6342.682463,N,01058.767828,E,2,12,0.7,12.33,M,40.00,M,9.0,0907*79
2021:01:22:10:50:18.917000,1611309018.917,$GPGGA,095018.00,6342.682453,N,01058.767846,E,2,12,0.7,12.35,M,40.00,M,10.0,0907*43
2021:01:22:10:50:19.917000,1611309019.917,$GPGGA,095019.00,6342.682467,N,01058.767900,E,2,12,0.7,12.34,M,40.00,M,5.0,0907*73
2021:01:22:10:50:20.917000,1611309020.917,$GPGGA,095020.00,6342.682437,N,01058.767918,E,2,12,0.7,12.32,M,40.00,M,6.0,0907*70
2021:01:22:10:50:21.917000,1611309021.917,$GPGGA,095021.00,6342.682410,N,01058.767945,E,2,12,0.7,12.34,M,40.00,M,7.0,0907*7B
2021:01:22:10:50:22.917000,1611309022.917,$GPGGA,095022.00,6342.682400,N,01058.768006,E,2,12,0.7,12.34,M,40.00,M,8.0,0907*77
2021:01:22:10:50:24.917000,1611309024.917,$GPGGA,095024.00,6342.682373,N,01058.768145,E,2,12,0.7,12.34,M,40.00,M,6.0,0907*7A
2021:01:22:10:50:25.917000,1611309025.917,$GPGGA,095025.00,6342.682355,N,01058.768218,E,2,12,0.7,12.34,M,40.00,M,7.0,0907*75
2021:01:22:10:50:26.917000,1611309026.917,$GPGGA,095026.00,6342.682330,N,01058.768262,E,2,12,0.7,12.34,M,40.00,M,8.0,0907*77
2021:01:22:10:50:27.917000,1611309027.917,$GPGGA,095027.00,6342.682302,N,01058.768304,E,2,12,0.7,12.33,M,40.00,M,9.0,0907*70
2021:01:22:10:50:28.916000,1611309028.916,$GPGGA,095028.00,6342.682279,N,01058.768422,E,2,12,0.7,12.34,M,40.00,M,10.0,0907*4E
2021:01:22:10:50:29.916000,1611309029.916,$GPGGA,095029.00,6342.682273,N,01058.768529,E,2,12,0.7,12.34,M,40.00,M,5.0,0907*7B
2021:01:22:10:50:30.917000,1611309030.917,$GPGGA,095030.00,6342.682244,N,01058.768625,E,2,12,0.7,12.32,M,40.00,M,6.0,0907*7D
2021:01:22:10:50:32.917000,1611309032.917,$GPGGA,095032.00,6342.682166,N,01058.768768,E,2,12,0.7,12.34,M,40.00,M,8.0,0907*7C
2021:01:22:10:50:33.917000,1611309033.917,$GPGGA,095033.00,6342.682139,N,01058.768893,E,2,12,0.7,12.33,M,40.00,M,9.0,0907*7A
2021:01:22:10:50:34.917000,1611309034.917,$GPGGA,095034.00,6342.682097,N,01058.769057,E,2,12,0.7,12.35,M,40.00,M,10.0,0907*47
2021:01:22:10:50:36.917000,1611309036.917,$GPGGA,095036.00,6342.682010,N,01058.769311,E,2,12,0.7,12.33,M,40.00,M,7.0,0907*7B
2021:01:22:10:50:37.917000,1611309037.917,$GPGGA,095037.00,6342.681950,N,01058.769465,E,2,12,0.7,12.33,M,40.00,M,8.0,0907*7F
2021:01:22:10:50:38.917000,1611309038.917,$GPGGA,095038.00,6342.681878,N,01058.769644,E,2,12,0.7,12.35,M,40.00,M,9.0,0907*7D
2021:01:22:10:50:39.917000,1611309039.917,$GPGGA,095039.00,6342.681828,N,01058.769821,E,2,12,0.7,12.34,M,40.00,M,4.0,0907*78
2021:01:22:10:50:41.917000,1611309041.917,$GPGGA,095041.00,6342.681660,N,01058.770073,E,2,12,0.7,12.34,M,40.00,M,6.0,0907*70
2021:01:22:10:50:42.917000,1611309042.917,$GPGGA,095042.00,6342.681591,N,01058.770276,E,2,12,0.7,12.36,M,40.00,M,7.0,0907*7A
2021:01:22:10:50:44.917000,1611309044.917,$GPGGA,095044.00,6342.681416,N,01058.770578,E,2,12,0.7,12.30,M,40.00,M,9.0,0907*73
2021:01:22:10:50:45.918000,1611309045.918,$GPGGA,095045.00,6342.681318,N,01058.770751,E,2,12,0.7,12.33,M,40.00,M,10.0,0907*49
2021:01:22:10:50:46.918000,1611309046.918,$GPGGA,095046.00,6342.681221,N,01058.770923,E,2,12,0.7,12.34,M,40.00,M,6.0,0907*7A
2021:01:22:10:50:47.918000,1611309047.918,$GPGGA,095047.00,6342.681118,N,01058.771116,E,2,12,0.7,12.34,M,40.00,M,7.0,0907*7C
2021:01:22:10:50:49.918000,1611309049.918,$GPGGA,095049.00,6342.680898,N,01058.771433,E,2,12,0.7,12.32,M,40.00,M,9.0,0907*78
2021:01:22:10:50:50.918000,1611309050.918,$GPGGA,095050.00,6342.680769,N,01058.771638,E,2,12,0.7,12.34,M,40.00,M,10.0,0907*46
2021:01:22:10:50:51.918000,1611309051.918,$GPGGA,095051.00,6342.680656,N,01058.771814,E,2,12,0.7,12.35,M,40.00,M,11.0,0907*4A
2021:01:22:10:50:53.918000,1611309053.918,$GPGGA,095053.00,6342.680387,N,01058.772087,E,2,12,0.7,12.32,M,40.00,M,8.0,0907*7F
2021:01:22:10:50:54.918000,1611309054.918,$GPGGA,095054.00,6342.680253,N,01058.772224,E,2,12,0.7,12.33,M,40.00,M,9.0,0907*7B
2021:01:22:10:50:55.918000,1611309055.918,$GPGGA,095055.00,6342.680150,N,01058.772398,E,2,12,0.7,12.35,M,40.00,M,10.0,0907*42
2021:01:22:10:50:57.917000,1611309057.917,$GPGGA,095057.00,6342.679888,N,01058.772669,E,2,12,0.7,12.32,M,40.00,M,7.0,0907*70
2021:01:22:10:50:58.917000,1611309058.917,$GPGGA,095058.00,6342.679762,N,01058.772751,E,2,12,0.7,12.33,M,40.00,M,8.0,0907*70
2021:01:22:10:50:59.918000,1611309059.918,$GPGGA,095059.00,6342.679669,N,01058.772915,E,2,12,0.7,12.33,M,40.00,M,9.0,0907*74
2021:01:22:10:51:01.918000,1611309061.918,$GPGGA,095101.00,6342.679446,N,01058.773184,E,2,12,0.7,12.32,M,40.00,M,11.0,0907*4E
2021:01:22:10:51:02.918000,1611309062.918,$GPGGA,095102.00,6342.679345,N,01058.773285,E,2,12,0.7,12.36,M,40.00,M,7.0,0907*78
2021:01:22:10:51:03.918000,1611309063.918,$GPGGA,095103.00,6342.679260,N,01058.773414,E,2,12,0.7,12.33,M,40.00,M,8.0,0907*7B
2021:01:22:10:51:04.918000,1611309064.918,$GPGGA,095104.00,6342.679171,N,01058.773542,E,2,12,0.7,12.31,M,40.00,M,9.0,0907*7E
2021:01:22:10:51:05.918000,1611309065.918,$GPGGA,095105.00,6342.679069,N,01058.773680,E,2,12,0.7,12.36,M,40.00,M,10.0,0907*45
2021:01:22:10:51:06.918000,1611309066.918,$GPGGA,095106.00,6342.678985,N,01058.773809,E,2,12,0.7,12.36,M,40.00,M,5.0,0907*77
2021:01:22:10:51:07.918000,1611309067.918,$GPGGA,095107.00,6342.678902,N,01058.773883,E,2,12,0.7,12.32,M,40.00,M,6.0,0907*7C
2021:01:22:10:51:09.918000,1611309069.918,$GPGGA,095109.00,6342.678700,N,01058.774130,E,2,12,0.7,12.37,M,40.00,M,8.0,0907*73
2021:01:22:10:51:10.918000,1611309070.918,$GPGGA,095110.00,6342.678638,N,01058.774287,E,2,12,0.7,12.34,M,40.00,M,9.0,0907*7C
2021:01:22:10:51:11.918000,1611309071.918,$GPGGA,095111.00,6342.678537,N,01058.774359,E,2,12,0.7,12.31,M,40.00,M,10.0,0907*4E
2021:01:22:10:51:12.918000,1611309072.918,$GPGGA,095112.00,6342.678422,N,01058.774488,E,2,12,0.7,12.35,M,40.00,M,11.0,0907*46
2021:01:22:10:51:14.919000,1611309074.919,$GPGGA,095114.00,6342.678253,N,01058.774792,E,2,12,0.7,12.33,M,40.00,M,8.0,0907*76
2021:01:22:10:51:15.919000,1611309075.919,$GPGGA,095115.00,6342.678132,N,01058.774851,E,2,12,0.7,12.32,M,40.00,M,9.0,0907*73
2021:01:22:10:51:16.919000,1611309076.919,$GPGGA,095116.00,6342.678045,N,01058.775038,E,2,12,0.7,12.36,M,40.00,M,5.0,0907*7F
2021:01:22:10:51:18.919000,1611309078.919,$GPGGA,095118.00,6342.677833,N,01058.775323,E,2,12,0.7,12.35,M,40.00,M,7.0,0907*7F
2021:01:22:10:51:19.919000,1611309079.919,$GPGGA,095119.00,6342.677731,N,01058.775417,E,2,12,0.7,12.34,M,40.00,M,8.0,0907*7D
2021:01:22:10:51:20.919000,1611309080.919,$GPGGA,095120.00,6342.677636,N,01058.775577,E,2,12,0.7,12.35,M,40.00,M,9.0,0907*76
2021:01:22:10:51:21.919000,1611309081.919,$GPGGA,095121.00,6342.677525,N,01058.775707,E,2,12,0.7,12.35,M,40.00,M,10.0,0907*4B
2021:01:22:10:51:22.919000,1611309082.919,$GPGGA,095122.00,6342.677428,N,01058.775873,E,2,12,0.7,12.34,M,40.00,M,11.0,0907*48
2021:01:22:10:51:23.919000,1611309083.919,$GPGGA,095123.00,6342.677337,N,01058.776050,E,2,12,0.7,12.36,M,40.00,M,6.0,0907*7E
2021:01:22:10:51:24.919000,1611309084.919,$GPGGA,095124.00,6342.677225,N,01058.776163,E,2,12,0.7,12.35,M,40.00,M,7.0,0907*78
2021:01:22:10:51:26.918000,1611309086.918,$GPGGA,095126.00,6342.677024,N,01058.776492,E,2,12,0.7,12.38,M,40.00,M,9.0,0907*71
2021:01:22:10:51:27.918000,1611309087.918,$GPGGA,095127.00,6342.676934,N,01058.776677,E,2,12,0.7,12.38,M,40.00,M,5.0,0907*7C
2021:01:22:10:51:28.919000,1611309088.919,$GPGGA,095128.00,6342.676827,N,01058.776829,E,2,12,0.7,12.34,M,40.00,M,6.0,0907*7A
2021:01:22:10:51:29.919000,1611309089.919,$GPGGA,095129.00,6342.676713,N,01058.776956,E,2,12,0.7,12.34,M,40.00,M,7.0,0907*7B
2021:01:22:10:51:30.919000,1611309090.919,$GPGGA,095130.00,6342.676618,N,01058.777151,E,2,12,0.7,12.38,M,40.00,M,8.0,0907*74
2021:01:22:10:51:31.919000,1611309091.919,$GPGGA,095131.00,6342.676520,N,01058.777382,E,2,12,0.7,12.39,M,40.00,M,9.0,0907*71
2021:01:22:10:51:32.919000,1611309092.919,$GPGGA,095132.00,6342.676420,N,01058.777500,E,2,12,0.7,12.34,M,40.00,M,10.0,0907*4A
2021:01:22:10:51:34.919000,1611309094.919,$GPGGA,095134.00,6342.676184,N,01058.777922,E,2,12,0.7,12.41,M,40.00,M,7.0,0907*7F
2021:01:22:10:51:35.919000,1611309095.919,$GPGGA,095135.00,6342.676085,N,01058.778019,E,2,12,0.7,12.36,M,40.00,M,8.0,0907*7F
2021:01:22:10:51:36.919000,1611309096.919,$GPGGA,095136.00,6342.675987,N,01058.778166,E,2,12,0.7,12.32,M,40.00,M,9.0,0907*78
2021:01:22:10:51:38.919000,1611309098.919,$GPGGA,095138.00,6342.675739,N,01058.778554,E,2,12,0.7,12.37,M,40.00,M,11.0,0907*44
2021:01:22:10:51:39.919000,1611309099.919,$GPGGA,095139.00,6342.675646,N,01058.778676,E,2,12,0.7,12.34,M,40.00,M,7.0,0907*7B
2021:01:22:10:51:40.919000,1611309100.919,$GPGGA,095140.00,6342.675523,N,01058.778815,E,2,12,0.7,12.35,M,40.00,M,8.0,0907*70
2021:01:22:10:51:43.920000,1611309103.92,$GPGGA,095143.00,6342.675182,N,01058.779309,E,2,12,0.7,12.35,M,40.00,M,6.0,0907*75
2021:01:22:10:51:44.920000,1611309104.92,$GPGGA,095144.00,6342.675061,N,01058.779538,E,2,12,0.7,12.37,M,40.00,M,7.0,0907*79
2021:01:22:10:51:47.920000,1611309107.92,$GPGGA,095147.00,6342.674724,N,01058.779989,E,2,12,0.7,12.36,M,40.00,M,10.0,0907*4C
2021:01:22:10:51:48.920000,1611309108.92,$GPGGA,095148.00,6342.674612,N,01058.780200,E,2,12,0.8,12.37,M,40.00,M,11.0,0907*44
2021:01:22:10:51:49.920000,1611309109.92,$GPGGA,095149.00,6342.674510,N,01058.780359,E,2,12,0.8,12.34,M,40.00,M,12.0,0907*49
2021:01:22:10:51:51.920000,1611309111.92,$GPGGA,095151.00,6342.674278,N,01058.780737,E,2,12,0.8,12.35,M,40.00,M,8.0,0907*7F
2021:01:22:10:51:52.920000,1611309112.92,$GPGGA,095152.00,6342.674187,N,01058.780932,E,2,12,0.8,12.35,M,40.00,M,9.0,0907*75
2021:01:22:10:51:53.920000,1611309113.92,$GPGGA,095153.00,6342.674075,N,01058.781071,E,2,12,0.8,12.32,M,40.00,M,5.0,0907*7C
2021:01:22:10:51:54.919000,1611309114.919,$GPGGA,095154.00,6342.673941,N,01058.781221,E,2,12,0.8,12.33,M,40.00,M,6.0,0907*77
2021:01:22:10:51:55.919000,1611309115.919,$GPGGA,095155.00,6342.673848,N,01058.781408,E,2,12,0.8,12.34,M,40.00,M,7.0,0907*75
2021:01:22:10:51:56.919000,1611309116.919,$GPGGA,095156.00,6342.673769,N,01058.781613,E,2,12,0.8,12.34,M,40.00,M,8.0,0907*7D
2021:01:22:10:51:57.919000,1611309117.919,$GPGGA,095157.00,6342.673661,N,01058.781779,E,2,12,0.8,12.33,M,40.00,M,9.0,0907*7E
2021:01:22:10:51:59.920000,1611309119.92,$GPGGA,095159.00,6342.673486,N,01058.782113,E,2,12,0.8,12.34,M,40.00,M,11.0,0907*4C
2021:01:22:10:52:00.920000,1611309120.92,$GPGGA,095200.00,6342.673383,N,01058.782249,E,2,12,0.8,12.35,M,40.00,M,6.0,0907*7A
2021:01:22:10:52:01.920000,1611309121.92,$GPGGA,095201.00,6342.673297,N,01058.782362,E,2,12,0.8,12.36,M,40.00,M,7.0,0907*75
2021:01:22:10:52:03.920000,1611309123.92,$GPGGA,095203.00,6342.673136,N,01058.782579,E,2,12,0.8,12.34,M,40.00,M,4.0,0907*72
2021:01:22:10:52:04.920000,1611309124.92,$GPGGA,095204.00,6342.673054,N,01058.782629,E,2,12,0.8,12.35,M,40.00,M,5.0,0907*76
2021:01:22:10:52:05.920000,1611309125.92,$GPGGA,095205.00,6342.672985,N,01058.782723,E,2,12,0.8,12.35,M,40.00,M,6.0,0907*7B
2021:01:22:10:52:07.920000,1611309127.92,$GPGGA,095207.00,6342.672851,N,01058.782821,E,2,12,0.8,12.32,M,40.00,M,8.0,0907*75
2021:01:22:10:52:08.920000,1611309128.92,$GPGGA,095208.00,6342.672783,N,01058.782848,E,2,12,0.8,12.34,M,40.00,M,9.0,0907*72
2021:01:22:10:52:09.920000,1611309129.92,$GPGGA,095209.00,6342.672757,N,01058.782979,E,2,12,0.8,12.34,M,40.00,M,10.0,0907*41
2021:01:22:10:52:11.920000,1611309131.92,$GPGGA,095211.00,6342.672667,N,01058.783030,E,2,12,0.8,12.31,M,40.00,M,7.0,0907*7C
2021:01:22:10:52:12.921000,1611309132.921,$GPGGA,095212.00,6342.672637,N,01058.783165,E,2,12,0.8,12.34,M,40.00,M,8.0,0907*71
2021:01:22:10:52:13.921000,1611309133.921,$GPGGA,095213.00,6342.672628,N,01058.783173,E,2,12,0.8,12.33,M,40.00,M,9.0,0907*7F
2021:01:22:10:52:14.921000,1611309134.921,$GPGGA,095214.00,6342.672605,N,01058.783171,E,2,12,0.8,12.31,M,40.00,M,5.0,0907*7B
2021:01:22:10:52:16.921000,1611309136.921,$GPGGA,095216.00,6342.672591,N,01058.783348,E,2,12,0.8,12.36,M,40.00,M,7.0,0907*7A
2021:01:22:10:52:17.921000,1611309137.921,$GPGGA,095217.00,6342.672595,N,01058.783325,E,2,12,0.8,12.32,M,40.00,M,8.0,0907*7F
2021:01:22:10:52:19.921000,1611309139.921,$GPGGA,095219.00,6342.672591,N,01058.783504,E,2,12,0.8,12.36,M,40.00,M,10.0,0907*4D
2021:01:22:10:52:20.921000,1611309140.921,$GPGGA,095220.00,6342.672631,N,01058.783580,E,2,12,0.8,12.36,M,40.00,M,11.0,0907*43
2021:01:22:10:52:21.921000,1611309141.921,$GPGGA,095221.00,6342.672615,N,01058.783613,E,2,12,0.8,12.35,M,40.00,M,12.0,0907*4D
2021:01:22:10:52:22.920000,1611309142.92,$GPGGA,095222.00,6342.672615,N,01058.783641,E,2,12,0.8,12.35,M,40.00,M,13.0,0907*48
2021:01:22:10:52:24.920000,1611309144.92,$GPGGA,095224.00,6342.672672,N,01058.783819,E,2,12,0.8,12.33,M,40.00,M,9.0,0907*71
2021:01:22:10:52:25.920000,1611309145.92,$GPGGA,095225.00,6342.672665,N,01058.783813,E,2,12,0.8,12.32,M,40.00,M,10.0,0907*45
2021:01:22:10:52:26.920000,1611309146.92,$GPGGA,095226.00,6342.672693,N,01058.783904,E,2,12,0.8,12.34,M,40.00,M,11.0,0907*4F
2021:01:22:10:52:28.921000,1611309148.921,$GPGGA,095228.00,6342.672705,N,01058.784021,E,2,12,0.8,12.30,M,40.00,M,8.0,0907*7A
2021:01:22:10:52:29.921000,1611309149.921,$GPGGA,095229.00,6342.672719,N,01058.784085,E,2,12,0.8,12.32,M,40.00,M,9.0,0907*7B
2021:01:22:10:52:30.921000,1611309150.921,$GPGGA,095230.00,6342.672730,N,01058.784246,E,2,12,0.8,12.35,M,40.00,M,5.0,0907*7E
2021:01:22:10:52:32.921000,1611309152.921,$GPGGA,095232.00,6342.672674,N,01058.784286,E,2,12,0.8,12.30,M,40.00,M,7.0,0907*76
2021:01:22:10:52:33.921000,1611309153.921,$GPGGA,095233.00,6342.672657,N,01058.784373,E,2,12,0.8,12.33,M,40.00,M,8.0,0907*71
2021:01:22:10:52:34.921000,1611309154.921,$GPGGA,095234.00,6342.672630,N,01058.784455,E,2,12,0.8,12.32,M,40.00,M,9.0,0907*74
2021:01:22:10:52:36.921000,1611309156.921,$GPGGA,095236.00,6342.672556,N,01058.784614,E,2,12,0.8,12.33,M,40.00,M,11.0,0907*4A
2021:01:22:10:52:37.921000,1611309157.921,$GPGGA,095237.00,6342.672516,N,01058.784608,E,2,12,0.8,12.31,M,40.00,M,7.0,0907*77
2021:01:22:10:52:38.921000,1611309158.921,$GPGGA,095238.00,6342.672485,N,01058.784578,E,2,12,0.8,12.30,M,40.00,M,8.0,0907*79
2021:01:22:10:52:39.921000,1611309159.921,$GPGGA,095239.00,6342.672440,N,01058.784637,E,2,12,0.8,12.32,M,40.00,M,9.0,0907*7A
2021:01:22:10:52:40.921000,1611309160.921,$GPGGA,095240.00,6342.672395,N,01058.784690,E,2,12,0.8,12.34,M,40.00,M,10.0,0907*48
2021:01:22:10:52:41.921000,1611309161.921,$GPGGA,095241.00,6342.672375,N,01058.784655,E,2,12,0.8,12.32,M,40.00,M,11.0,0907*49
2021:01:22:10:52:42.922000,1611309162.922,$GPGGA,095242.00,6342.672335,N,01058.784642,E,2,12,0.8,12.30,M,40.00,M,12.0,0907*49
2021:01:22:10:52:44.922000,1611309164.922,$GPGGA,095244.00,6342.672267,N,01058.784708,E,2,12,0.8,12.33,M,40.00,M,8.0,0907*7E
2021:01:22:10:52:45.922000,1611309165.922,$GPGGA,095245.00,6342.672244,N,01058.784710,E,2,12,0.8,12.30,M,40.00,M,9.0,0907*75
2021:01:22:10:52:46.922000,1611309166.922,$GPGGA,095246.00,6342.672212,N,01058.784725,E,2,12,0.8,12.28,M,40.00,M,10.0,0907*42
2021:01:22:10:52:49.922000,1611309169.922,$GPGGA,095249.00,6342.672130,N,01058.784743,E,2,12,0.8,12.30,M,40.00,M,8.0,0907*7E
2021:01:22:10:52:50.922000,1611309170.922,$GPGGA,095250.00,6342.672079,N,01058.784697,E,2,12,0.8,12.31,M,40.00,M,9.0,0907*72
2021:01:22:10:52:51.921000,1611309171.921,$GPGGA,095251.00,6342.672050,N,01058.784673,E,2,12,0.8,12.34,M,40.00,M,10.0,0907*4F
2021:01:22:10:52:53.921000,1611309173.921,$GPGGA,095253.00,6342.672002,N,01058.784705,E,2,12,0.8,12.33,M,40.00,M,12.0,0907*4F
2021:01:22:10:52:54.921000,1611309174.921,$GPGGA,095254.00,6342.671961,N,01058.784642,E,2,12,0.8,12.33,M,40.00,M,13.0,0907*44
2021:01:22:10:52:55.921000,1611309175.921,$GPGGA,095255.00,6342.671927,N,01058.784605,E,2,12,0.8,12.32,M,40.00,M,14.0,0907*42
2021:01:22:10:52:57.922000,1611309177.922,$GPGGA,095257.00,6342.671884,N,01058.784605,E,2,12,0.8,12.35,M,40.00,M,16.0,0907*4D
2021:01:22:10:52:58.922000,1611309178.922,$GPGGA,095258.00,6342.671859,N,01058.784641,E,2,12,0.8,12.36,M,40.00,M,17.0,0907*40
2021:01:22:10:52:59.922000,1611309179.922,$GPGGA,095259.00,6342.671839,N,01058.784524,E,2,12,0.8,12.31,M,40.00,M,18.0,0907*4F
2021:01:22:10:53:01.922000,1611309181.922,$GPGGA,095301.00,6342.671806,N,01058.784530,E,2,12,0.8,12.33,M,40.00,M,12.0,0907*42
2021:01:22:10:53:02.922000,1611309182.922,$GPGGA,095302.00,6342.671818,N,01058.784565,E,2,12,0.8,12.33,M,40.00,M,13.0,0907*4F
2021:01:22:10:53:03.922000,1611309183.922,$GPGGA,095303.00,6342.671809,N,01058.784488,E,2,12,0.8,12.28,M,40.00,M,9.0,0907*7D
2021:01:22:10:53:04.922000,1611309184.922,$GPGGA,095304.00,6342.671796,N,01058.784449,E,2,12,0.8,12.31,M,40.00,M,10.0,0907*4E
2021:01:22:10:53:05.922000,1611309185.922,$GPGGA,095305.00,6342.671806,N,01058.784445,E,2,12,0.8,12.33,M,40.00,M,11.0,0907*46
2021:01:22:10:53:06.922000,1611309186.922,$GPGGA,095306.00,6342.671823,N,01058.784428,E,2,12,0.8,12.30,M,40.00,M,12.0,0907*49
2021:01:22:10:53:07.922000,1611309187.922,$GPGGA,095307.00,6342.671839,N,01058.784467,E,2,12,0.8,12.32,M,40.00,M,9.0,0907*70
2021:01:22:10:53:09.922000,1611309189.922,$GPGGA,095309.00,6342.671859,N,01058.784389,E,2,12,0.8,12.31,M,40.00,M,11.0,0907*45
2021:01:22:10:53:10.922000,1611309190.922,$GPGGA,095310.00,6342.671873,N,01058.784337,E,2,12,0.8,12.32,M,40.00,M,12.0,0907*40
2021:01:22:10:53:11.922000,1611309191.922,$GPGGA,095311.00,6342.671876,N,01058.784350,E,2,12,0.8,12.34,M,40.00,M,7.0,0907*77
2021:01:22:10:53:13.923000,1611309193.923,$GPGGA,095313.00,6342.671912,N,01058.784283,E,2,12,0.8,12.29,M,40.00,M,9.0,0907*7B
2021:01:22:10:53:14.923000,1611309194.923,$GPGGA,095314.00,6342.671914,N,01058.784272,E,2,12,0.8,12.31,M,40.00,M,5.0,0907*71
2021:01:22:10:53:15.923000,1611309195.923,$GPGGA,095315.00,6342.671918,N,01058.784238,E,2,12,0.8,12.33,M,40.00,M,6.0,0907*73
2021:01:22:10:53:18.923000,1611309198.923,$GPGGA,095318.00,6342.671902,N,01058.784049,E,2,12,0.8,12.30,M,40.00,M,9.0,0907*7D
2021:01:22:10:53:19.922000,1611309199.922,$GPGGA,095319.00,6342.671887,N,01058.784042,E,2,12,0.8,12.34,M,40.00,M,10.0,0907*47
2021:01:22:10:53:22.922000,1611309202.922,$GPGGA,095322.00,6342.671816,N,01058.783792,E,2,12,0.8,12.31,M,40.00,M,13.0,0907*4C
2021:01:22:10:53:23.922000,1611309203.922,$GPGGA,095323.00,6342.671800,N,01058.783782,E,2,12,0.8,12.32,M,40.00,M,14.0,0907*4F
2021:01:22:10:53:24.922000,1611309204.922,$GPGGA,095324.00,6342.671764,N,01058.783730,E,2,12,0.8,12.31,M,40.00,M,9.0,0907*73
2021:01:22:10:53:26.922000,1611309206.922,$GPGGA,095326.00,6342.671701,N,01058.783582,E,2,12,0.8,12.31,M,40.00,M,11.0,0907*40
2021:01:22:10:53:27.923000,1611309207.923,$GPGGA,095327.00,6342.671672,N,01058.783568,E,2,12,0.8,12.32,M,40.00,M,12.0,0907*40
2021:01:22:10:53:28.923000,1611309208.923,$GPGGA,095328.00,6342.671640,N,01058.783614,E,2,12,0.8,12.31,M,40.00,M,8.0,0907*7E
2021:01:22:10:53:29.923000,1611309209.923,$GPGGA,095329.00,6342.671609,N,01058.783606,E,2,12,0.8,12.29,M,40.00,M,9.0,0907*79
2021:01:22:10:53:30.923000,1611309210.923,$GPGGA,095330.00,6342.671585,N,01058.783573,E,2,12,0.8,12.27,M,40.00,M,5.0,0907*75
2021:01:22:10:53:31.923000,1611309211.923,$GPGGA,095331.00,6342.671558,N,01058.783591,E,2,12,0.8,12.29,M,40.00,M,6.0,0907*75
2021:01:22:10:53:32.923000,1611309212.923,$GPGGA,095332.00,6342.671537,N,01058.783634,E,2,12,0.8,12.30,M,40.00,M,7.0,0907*7A
2021:01:22:10:53:34.923000,1611309214.923,$GPGGA,095334.00,6342.671529,N,01058.783754,E,2,12,0.8,12.30,M,40.00,M,9.0,0907*7A
2021:01:22:10:53:35.923000,1611309215.923,$GPGGA,095335.00,6342.671509,N,01058.783782,E,2,12,0.8,12.29,M,40.00,M,10.0,0907*42
2021:01:22:10:53:36.923000,1611309216.923,$GPGGA,095336.00,6342.671520,N,01058.783802,E,2,12,0.8,12.28,M,40.00,M,11.0,0907*4D
2021:01:22:10:53:38.923000,1611309218.923,$GPGGA,095338.00,6342.671520,N,01058.783949,E,2,12,0.8,12.30,M,40.00,M,8.0,0907*7C
2021:01:22:10:53:39.923000,1611309219.923,$GPGGA,095339.00,6342.671520,N,01058.783945,E,2,12,0.8,12.27,M,40.00,M,9.0,0907*76
2021:01:22:10:53:40.923000,1611309220.923,$GPGGA,095340.00,6342.671518,N,01058.783972,E,2,12,0.8,12.30,M,40.00,M,4.0,0907*7C
2021:01:22:10:53:42.924000,1611309222.924,$GPGGA,095342.00,6342.671520,N,01058.784062,E,2,12,0.8,12.33,M,40.00,M,6.0,0907*7B
2021:01:22:10:53:43.924000,1611309223.924,$GPGGA,095343.00,6342.671495,N,01058.784029,E,2,12,0.8,12.29,M,40.00,M,7.0,0907*70
2021:01:22:10:53:44.924000,1611309224.924,$GPGGA,095344.00,6342.671471,N,01058.783976,E,2,12,0.8,12.29,M,40.00,M,8.0,0907*76
2021:01:22:10:53:47.923000,1611309227.923,$GPGGA,095347.00,6342.671407,N,01058.783994,E,2,12,0.8,12.31,M,40.00,M,11.0,0907*49
2021:01:22:10:53:48.923000,1611309228.923,$GPGGA,095348.00,6342.671378,N,01058.783984,E,2,12,0.8,12.32,M,40.00,M,7.0,0907*7C
2021:01:22:10:53:49.923000,1611309229.923,$GPGGA,095349.00,6342.671361,N,01058.783948,E,2,12,0.8,12.31,M,40.00,M,8.0,0907*79
2021:01:22:10:53:51.923000,1611309231.923,$GPGGA,095351.00,6342.671300,N,01058.783934,E,2,12,0.8,12.29,M,40.00,M,10.0,0907*4C
2021:01:22:10:53:52.923000,1611309232.923,$GPGGA,095352.00,6342.671298,N,01058.783961,E,2,12,0.8,12.31,M,40.00,M,11.0,0907*47
2021:01:22:10:53:53.923000,1611309233.923,$GPGGA,095353.00,6342.671282,N,01058.783977,E,2,12,0.8,12.28,M,40.00,M,12.0,0907*41
2021:01:22:10:53:54.923000,1611309234.923,$GPGGA,095354.00,6342.671258,N,01058.783955,E,2,12,0.8,12.27,M,40.00,M,8.0,0907*75
2021:01:22:10:53:55.923000,1611309235.923,$GPGGA,095355.00,6342.671250,N,01058.784013,E,2,12,0.8,12.32,M,40.00,M,9.0,0907*75
2021:01:22:10:53:56.923000,1611309236.923,$GPGGA,095356.00,6342.671268,N,01058.784084,E,2,12,0.8,12.30,M,40.00,M,10.0,0907*49
2021:01:22:10:53:57.924000,1611309237.924,$GPGGA,095357.00,6342.671273,N,01058.784064,E,2,12,0.8,12.27,M,40.00,M,5.0,0907*7E
2021:01:22:10:53:59.924000,1611309239.924,$GPGGA,095359.00,6342.671254,N,01058.784062,E,2,12,0.8,12.33,M,40.00,M,7.0,0907*74
2021:01:22:10:54:00.924000,1611309240.924,$GPGGA,095400.00,6342.671277,N,01058.784023,E,2,12,0.8,12.29,M,40.00,M,8.0,0907*7F
2021:01:22:10:54:01.924000,1611309241.924,$GPGGA,095401.00,6342.671297,N,01058.784041,E,2,12,0.8,12.29,M,40.00,M,9.0,0907*75
2021:01:22:10:54:03.924000,1611309243.924,$GPGGA,095403.00,6342.671293,N,01058.784028,E,2,12,0.8,12.28,M,40.00,M,11.0,0907*44
2021:01:22:10:54:04.924000,1611309244.924,$GPGGA,095404.00,6342.671327,N,01058.784014,E,2,12,0.8,12.27,M,40.00,M,7.0,0907*7A
2021:01:22:10:54:05.924000,1611309245.924,$GPGGA,095405.00,6342.671319,N,01058.783992,E,2,12,0.8,12.29,M,40.00,M,8.0,0907*77
2021:01:22:10:54:07.924000,1611309247.924,$GPGGA,095407.00,6342.671350,N,01058.783918,E,2,12,0.8,12.27,M,40.00,M,5.0,0907*79
2021:01:22:10:54:08.924000,1611309248.924,$GPGGA,095408.00,6342.671358,N,01058.783901,E,2,12,0.8,12.29,M,40.00,M,6.0,0907*7B
2021:01:22:10:54:09.924000,1611309249.924,$GPGGA,095409.00,6342.671348,N,01058.783828,E,2,12,0.8,12.30,M,40.00,M,7.0,0907*78
2021:01:22:10:54:11.924000,1611309251.924,$GPGGA,095411.00,6342.671385,N,01058.783750,E,2,12,0.8,12.29,M,40.00,M,9.0,0907*76
2021:01:22:10:54:12.925000,1611309252.925,$GPGGA,095412.00,6342.671369,N,01058.783679,E,2,12,0.8,12.29,M,40.00,M,10.0,0907*45
2021:01:22:10:54:13.925000,1611309253.925,$GPGGA,095413.00,6342.671389,N,01058.783621,E,2,12,0.8,12.27,M,40.00,M,11.0,0907*48
2021:01:22:10:54:14.925000,1611309254.925,$GPGGA,095414.00,6342.671390,N,01058.783525,E,2,12,0.8,12.28,M,40.00,M,12.0,0907*4C
2021:01:22:10:54:15.925000,1611309255.925,$GPGGA,095415.00,6342.671361,N,01058.783447,E,2,12,0.8,12.32,M,40.00,M,8.0,0907*76
2021:01:22:10:54:16.925000,1611309256.925,$GPGGA,095416.00,6342.671369,N,01058.783363,E,2,12,0.8,12.29,M,40.00,M,9.0,0907*77
2021:01:22:10:54:17.924000,1611309257.924,$GPGGA,095417.00,6342.671365,N,01058.783251,E,2,12,0.8,12.27,M,40.00,M,10.0,0907*4C
2021:01:22:10:54:19.924000,1611309259.924,$GPGGA,095419.00,6342.671344,N,01058.783218,E,2,12,0.8,12.31,M,40.00,M,12.0,0907*49
2021:01:22:10:54:20.924000,1611309260.924,$GPGGA,095420.00,6342.671331,N,01058.783108,E,2,12,0.8,12.28,M,40.00,M,13.0,0907*4A
2021:01:22:10:54:21.924000,1611309261.924,$GPGGA,095421.00,6342.671298,N,01058.782962,E,2,12,0.8,12.26,M,40.00,M,8.0,0907*78
2021:01:22:10:54:24.924000,1611309264.924,$GPGGA,095424.00,6342.671261,N,01058.782930,E,2,12,0.8,12.28,M,40.00,M,11.0,0907*4A
2021:01:22:10:54:25.924000,1611309265.924,$GPGGA,095425.00,6342.671253,N,01058.782916,E,2,12,0.8,12.28,M,40.00,M,7.0,0907*79
2021:01:22:10:54:26.924000,1611309266.924,$GPGGA,095426.00,6342.671239,N,01058.782903,E,2,12,0.8,12.28,M,40.00,M,8.0,0907*7D
2021:01:22:10:54:28.925000,1611309268.925,$GPGGA,095428.00,6342.671244,N,01058.782977,E,2,12,0.8,12.29,M,40.00,M,5.0,0907*76
2021:01:22:10:54:29.925000,1611309269.925,$GPGGA,095429.00,6342.671248,N,01058.783010,E,2,12,0.8,12.29,M,40.00,M,6.0,0907*71
2021:01:22:10:54:30.925000,1611309270.925,$GPGGA,095430.00,6342.671234,N,01058.782975,E,2,12,0.8,12.27,M,40.00,M,7.0,0907*76
2021:01:22:10:54:32.925000,1611309272.925,$GPGGA,095432.00,6342.671246,N,01058.783002,E,2,12,0.8,12.29,M,40.00,M,9.0,0907*79
2021:01:22:10:54:33.925000,1611309273.925,$GPGGA,095433.00,6342.671230,N,01058.782970,E,2,12,0.8,12.30,M,40.00,M,10.0,0907*44
2021:01:22:10:54:34.925000,1611309274.925,$GPGGA,095434.00,6342.671236,N,01058.782945,E,2,12,0.8,12.27,M,40.00,M,11.0,0907*44
2021:01:22:10:54:36.925000,1611309276.925,$GPGGA,095436.00,6342.671222,N,01058.782939,E,2,12,0.8,12.29,M,40.00,M,8.0,0907*7E
2021:01:22:10:54:37.925000,1611309277.925,$GPGGA,095437.00,6342.671221,N,01058.782948,E,2,12,0.8,12.31,M,40.00,M,9.0,0907*72
2021:01:22:10:54:38.925000,1611309278.925,$GPGGA,095438.00,6342.671212,N,01058.782918,E,2,12,0.8,12.29,M,40.00,M,10.0,0907*49
2021:01:22:10:54:39.925000,1611309279.925,$GPGGA,095439.00,6342.671198,N,01058.782888,E,2,12,0.8,12.28,M,40.00,M,11.0,0907*41
2021:01:22:10:54:40.925000,1611309280.925,$GPGGA,095440.00,6342.671185,N,01058.782885,E,2,12,0.8,12.29,M,40.00,M,12.0,0907*4C
2021:01:22:10:54:41.925000,1611309281.925,$GPGGA,095441.00,6342.671169,N,01058.782869,E,2,12,0.8,12.27,M,40.00,M,7.0,0907*77
2021:01:22:10:54:42.926000,1611309282.926,$GPGGA,095442.00,6342.671177,N,01058.782853,E,2,12,0.8,12.27,M,40.00,M,8.0,0907*7D
2021:01:22:10:54:44.925000,1611309284.925,$GPGGA,095444.00,6342.671151,N,01058.782888,E,2,12,0.8,12.31,M,40.00,M,5.0,0907*73
2021:01:22:10:54:45.925000,1611309285.925,$GPGGA,095445.00,6342.671154,N,01058.782907,E,2,12,0.8,12.28,M,40.00,M,6.0,0907*7A
2021:01:22:10:54:46.926000,1611309286.926,$GPGGA,095446.00,6342.671157,N,01058.782964,E,2,12,0.8,12.29,M,40.00,M,7.0,0907*7F
2021:01:22:10:54:49.925000,1611309289.925,$GPGGA,095449.00,6342.671158,N,01058.783076,E,2,12,0.8,12.31,M,40.00,M,10.0,0907*4B
2021:01:22:10:54:50.925000,1611309290.925,$GPGGA,095450.00,6342.671147,N,01058.783081,E,2,12,0.8,12.30,M,40.00,M,11.0,0907*45
2021:01:22:10:54:53.925000,1611309293.925,$GPGGA,095453.00,6342.671179,N,01058.783266,E,2,12,0.8,12.29,M,40.00,M,14.0,0907*4D
2021:01:22:10:54:54.925000,1611309294.925,$GPGGA,095454.00,6342.671179,N,01058.783348,E,2,12,0.8,12.30,M,40.00,M,9.0,0907*73
2021:01:22:10:54:55.925000,1611309295.925,$GPGGA,095455.00,6342.671186,N,01058.783419,E,2,12,0.8,12.34,M,40.00,M,10.0,0907*4D
2021:01:22:10:54:56.926000,1611309296.926,$GPGGA,095456.00,6342.671200,N,01058.783400,E,2,12,0.8,12.31,M,40.00,M,11.0,0907*4F
2021:01:22:10:54:57.926000,1611309297.926,$GPGGA,095457.00,6342.671206,N,01058.783463,E,2,12,0.8,12.30,M,40.00,M,12.0,0907*4F
2021:01:22:10:54:58.926000,1611309298.926,$GPGGA,095458.00,6342.671206,N,01058.783554,E,2,12,0.8,12.33,M,40.00,M,13.0,0907*47
2021:01:22:10:54:59.926000,1611309299.926,$GPGGA,095459.00,6342.671237,N,01058.783591,E,2,12,0.8,12.29,M,40.00,M,14.0,0907*41
2021:01:22:10:55:01.926000,1611309301.926,$GPGGA,095501.00,6342.671252,N,01058.783736,E,2,12,0.8,12.32,M,40.00,M,16.0,0907*49
2021:01:22:10:55:02.926000,1611309302.926,$GPGGA,095502.00,6342.671286,N,01058.783796,E,2,12,0.8,12.31,M,40.00,M,17.0,0907*4B
2021:01:22:10:55:03.926000,1611309303.926,$GPGGA,095503.00,6342.671295,N,01058.783833,E,2,12,0.8,12.29,M,40.00,M,18.0,0907*4E
2021:01:22:10:55:04.926000,1611309304.926,$GPGGA,095504.00,6342.671291,N,01058.783921,E,2,12,0.8,12.31,M,40.00,M,7.0,0907*78
2021:01:22:10:55:05.926000,1611309305.926,$GPGGA,095505.00,6342.671331,N,01058.784012,E,2,12,0.8,12.31,M,40.00,M,8.0,0907*73
2021:01:22:10:55:06.926000,1611309306.926,$GPGGA,095506.00,6342.671359,N,01058.784066,E,2,12,0.8,12.28,M,40.00,M,9.0,0907*74
2021:01:22:10:55:07.926000,1611309307.926,$GPGGA,095507.00,6342.671361,N,01058.784150,E,2,12,0.8,12.31,M,40.00,M,10.0,0907*4A
2021:01:22:10:55:09.926000,1611309309.926,$GPGGA,095509.00,6342.671405,N,01058.784239,E,2,12,0.8,12.29,M,40.00,M,7.0,0907*72
2021:01:22:10:55:10.926000,1611309310.926,$GPGGA,095510.00,6342.671450,N,01058.784337,E,2,12,0.8,12.29,M,40.00,M,8.0,0907*7A
2021:01:22:10:55:11.927000,1611309311.927,$GPGGA,095511.00,6342.671458,N,01058.784444,E,2,12,0.8,12.31,M,40.00,M,9.0,0907*78
2021:01:22:10:55:13.927000,1611309313.927,$GPGGA,095513.00,6342.671518,N,01058.784414,E,2,12,0.8,12.28,M,40.00,M,11.0,0907*4B
2021:01:22:10:55:14.926000,1611309314.926,$GPGGA,095514.00,6342.671544,N,01058.784479,E,2,12,0.8,12.29,M,40.00,M,12.0,0907*4C
2021:01:22:10:55:15.926000,1611309315.926,$GPGGA,095515.00,6342.671557,N,01058.784562,E,2,12,0.8,12.31,M,40.00,M,7.0,0907*79
2021:01:22:10:55:16.926000,1611309316.926,$GPGGA,095516.00,6342.671616,N,01058.784625,E,2,12,0.8,12.29,M,40.00,M,8.0,0907*7A
2021:01:22:10:55:17.926000,1611309317.926,$GPGGA,095517.00,6342.671637,N,01058.784668,E,2,12,0.8,12.29,M,40.00,M,9.0,0907*70
2021:01:22:10:55:18.926000,1611309318.926,$GPGGA,095518.00,6342.671629,N,01058.784654,E,2,12,0.8,12.30,M,40.00,M,10.0,0907*4F
2021:01:22:10:55:19.926000,1611309319.926,$GPGGA,095519.00,6342.671668,N,01058.784619,E,2,12,0.8,12.28,M,40.00,M,11.0,0907*4A
2021:01:22:10:55:21.926000,1611309321.926,$GPGGA,095521.00,6342.671708,N,01058.784698,E,2,12,0.8,12.29,M,40.00,M,8.0,0907*76
2021:01:22:10:55:22.926000,1611309322.926,$GPGGA,095522.00,6342.671727,N,01058.784657,E,2,12,0.8,12.28,M,40.00,M,9.0,0907*7B
2021:01:22:10:55:23.926000,1611309323.926,$GPGGA,095523.00,6342.671752,N,01058.784646,E,2,12,0.8,12.29,M,40.00,M,10.0,0907*41
2021:01:22:10:55:24.926000,1611309324.926,$GPGGA,095524.00,6342.671768,N,01058.784643,E,2,12,0.8,12.30,M,40.00,M,11.0,0907*43
2021:01:22:10:55:26.927000,1611309326.927,$GPGGA,095526.00,6342.671776,N,01058.784599,E,2,12,0.8,12.30,M,40.00,M,8.0,0907*72
2021:01:22:10:55:27.927000,1611309327.927,$GPGGA,095527.00,6342.671768,N,01058.784570,E,2,12,0.8,12.32,M,40.00,M,9.0,0907*78
2021:01:22:10:55:28.927000,1611309328.927,$GPGGA,095528.00,6342.671782,N,01058.784516,E,2,12,0.8,12.29,M,40.00,M,10.0,0907*41
2021:01:22:10:55:29.927000,1611309329.927,$GPGGA,095529.00,6342.671759,N,01058.784426,E,2,12,0.8,12.27,M,40.00,M,6.0,0907*7D
2021:01:22:10:55:30.927000,1611309330.927,$GPGGA,095530.00,6342.671720,N,01058.784402,E,2,12,0.8,12.31,M,40.00,M,7.0,0907*7B
2021:01:22:10:55:31.927000,1611309331.927,$GPGGA,095531.00,6342.671720,N,01058.784414,E,2,12,0.8,12.31,M,40.00,M,8.0,0907*72
2021:01:22:10:55:32.927000,1611309332.927,$GPGGA,095532.00,6342.671713,N,01058.784305,E,2,12,0.8,12.26,M,40.00,M,9.0,0907*71
2021:01:22:10:55:34.927000,1611309334.927,$GPGGA,095534.00,6342.671649,N,01058.784366,E,2,12,0.8,12.33,M,40.00,M,11.0,0907*41
2021:01:22:10:55:35.927000,1611309335.927,$GPGGA,095535.00,6342.671638,N,01058.784302,E,2,12,0.8,12.28,M,40.00,M,12.0,0907*4D
2021:01:22:10:55:36.927000,1611309336.927,$GPGGA,095536.00,6342.671593,N,01058.784246,E,2,12,0.8,12.29,M,40.00,M,13.0,0907*4D
2021:01:22:10:55:38.927000,1611309338.927,$GPGGA,095538.00,6342.671577,N,01058.784347,E,2,12,0.8,12.28,M,40.00,M,15.0,0907*4E
2021:01:22:10:55:39.926000,1611309339.926,$GPGGA,095539.00,6342.671535,N,01058.784270,E,2,12,0.8,12.27,M,40.00,M,10.0,0907*46
2021:01:22:10:55:40.927000,1611309340.927,$GPGGA,095540.00,6342.671528,N,01058.784347,E,2,12,0.8,12.30,M,40.00,M,11.0,0907*46
2021:01:22:10:55:41.927000,1611309341.927,$GPGGA,095541.00,6342.671530,N,01058.784384,E,2,12,0.8,12.29,M,40.00,M,7.0,0907*7E
2021:01:22:10:55:42.927000,1611309342.927,$GPGGA,095542.00,6342.671502,N,01058.784333,E,2,12,0.8,12.27,M,40.00,M,8.0,0907*71
2021:01:22:10:55:43.927000,1611309343.927,$GPGGA,095543.00,6342.671495,N,01058.784355,E,2,12,0.8,12.27,M,40.00,M,9.0,0907*7E
2021:01:22:10:55:44.927000,1611309344.927,$GPGGA,095544.00,6342.671510,N,01058.784462,E,2,12,0.8,12.31,M,40.00,M,10.0,0907*49
2021:01:22:10:55:46.927000,1611309346.927,$GPGGA,095546.00,6342.671468,N,01058.784392,E,2,12,0.8,12.27,M,40.00,M,7.0,0907*7C
2021:01:22:10:55:47.927000,1611309347.927,$GPGGA,095547.00,6342.671463,N,01058.784423,E,2,12,0.8,12.32,M,40.00,M,8.0,0907*70
2021:01:22:10:55:48.927000,1611309348.927,$GPGGA,095548.00,6342.671464,N,01058.784446,E,2,12,0.8,12.31,M,40.00,M,9.0,0907*79
2021:01:22:10:55:51.927000,1611309351.927,$GPGGA,095551.00,6342.671442,N,01058.784475,E,2,12,0.8,12.28,M,40.00,M,7.0,0907*73
2021:01:22:10:55:52.927000,1611309352.927,$GPGGA,095552.00,6342.671437,N,01058.784509,E,2,12,0.8,12.28,M,40.00,M,8.0,0907*77
2021:01:22:10:55:55.928000,1611309355.928,$GPGGA,095555.00,6342.671420,N,01058.784545,E,2,12,0.8,12.30,M,40.00,M,6.0,0907*79
2021:01:22:10:55:56.928000,1611309356.928,$GPGGA,095556.00,6342.671433,N,01058.784530,E,2,12,0.8,12.30,M,40.00,M,7.0,0907*7B
2021:01:22:10:55:57.928000,1611309357.928,$GPGGA,095557.00,6342.671431,N,01058.784564,E,2,12,0.8,12.32,M,40.00,M,8.0,0907*74
2021:01:22:10:55:59.928000,1611309359.928,$GPGGA,095559.00,6342.671411,N,01058.784593,E,2,12,0.8,12.30,M,40.00,M,5.0,0907*7F
2021:01:22:10:56:00.928000,1611309360.928,$GPGGA,095600.00,6342.671413,N,01058.784618,E,2,12,0.8,12.31,M,40.00,M,6.0,0907*70
2021:01:22:10:56:01.928000,1611309361.928,$GPGGA,095601.00,6342.671417,N,01058.784629,E,2,12,0.8,12.29,M,40.00,M,7.0,0907*7F
2021:01:22:10:56:03.928000,1611309363.928,$GPGGA,095603.00,6342.671398,N,01058.784649,E,2,12,0.8,12.32,M,40.00,M,9.0,0907*7F
2021:01:22:10:56:04.928000,1611309364.928,$GPGGA,095604.00,6342.671394,N,01058.784628,E,2,12,0.8,12.29,M,40.00,M,10.0,0907*41
2021:01:22:10:56:05.928000,1611309365.928,$GPGGA,095605.00,6342.671396,N,01058.784671,E,2,12,0.8,12.28,M,40.00,M,6.0,0907*78
2021:01:22:10:56:06.928000,1611309366.928,$GPGGA,095606.00,6342.671401,N,01058.784763,E,2,12,0.8,12.31,M,40.00,M,7.0,0907*79
2021:01:22:10:56:07.928000,1611309367.928,$GPGGA,095607.00,6342.671408,N,01058.784743,E,2,12,0.8,12.29,M,40.00,M,8.0,0907*75
2021:01:22:10:56:08.928000,1611309368.928,$GPGGA,095608.00,6342.671415,N,01058.784758,E,2,12,0.8,12.28,M,40.00,M,9.0,0907*7C
2021:01:22:10:56:09.929000,1611309369.929,$GPGGA,095609.00,6342.671400,N,01058.784795,E,2,12,0.8,12.30,M,40.00,M,10.0,0907*49
2021:01:22:10:56:11.928000,1611309371.928,$GPGGA,095611.00,6342.671439,N,01058.784870,E,2,12,0.8,12.29,M,40.00,M,12.0,0907*44
2021:01:22:10:56:12.928000,1611309372.928,$GPGGA,095612.00,6342.671436,N,01058.784921,E,2,12,0.8,12.32,M,40.00,M,7.0,0907*73
2021:01:22:10:56:13.928000,1611309373.928,$GPGGA,095613.00,6342.671454,N,01058.784974,E,2,12,0.8,12.30,M,40.00,M,8.0,0907*7B
2021:01:22:10:56:15.928000,1611309375.928,$GPGGA,095615.00,6342.671488,N,01058.785095,E,2,12,0.8,12.30,M,40.00,M,10.0,0907*42
2021:01:22:10:56:16.928000,1611309376.928,$GPGGA,095616.00,6342.671510,N,01058.785244,E,2,12,0.8,12.32,M,40.00,M,6.0,0907*7A
2021:01:22:10:56:17.928000,1611309377.928,$GPGGA,095617.00,6342.671543,N,01058.785325,E,2,12,0.8,12.28,M,40.00,M,7.0,0907*71
2021:01:22:10:56:19.928000,1611309379.928,$GPGGA,095619.00,6342.671557,N,01058.785552,E,2,12,0.8,12.33,M,40.00,M,9.0,0907*78
2021:01:22:10:56:20.928000,1611309380.928,$GPGGA,095620.00,6342.671594,N,01058.785680,E,2,12,0.8,12.32,M,40.00,M,10.0,0907*48
2021:01:22:10:56:21.928000,1611309381.928,$GPGGA,095621.00,6342.671629,N,01058.785812,E,2,12,0.8,12.27,M,40.00,M,11.0,0907*4C
2021:01:22:10:56:24.929000,1611309384.929,$GPGGA,095624.00,6342.671685,N,01058.786038,E,2,12,0.8,12.25,M,40.00,M,8.0,0907*76
2021:01:22:10:56:25.929000,1611309385.929,$GPGGA,095625.00,6342.671700,N,01058.786120,E,2,12,0.8,12.26,M,40.00,M,9.0,0907*71
2021:01:22:10:56:26.929000,1611309386.929,$GPGGA,095626.00,6342.671710,N,01058.786222,E,2,12,0.8,12.32,M,40.00,M,5.0,0907*7B
2021:01:22:10:56:28.929000,1611309388.929,$GPGGA,095628.00,6342.671772,N,01058.786295,E,2,12,0.8,12.23,M,40.00,M,7.0,0907*7F
2021:01:22:10:56:29.929000,1611309389.929,$GPGGA,095629.00,6342.671781,N,01058.786400,E,2,12,0.8,12.29,M,40.00,M,8.0,0907*7D
2021:01:22:10:56:30.929000,1611309390.929,$GPGGA,095630.00,6342.671823,N,01058.786494,E,2,12,0.8,12.29,M,40.00,M,9.0,0907*7E
2021:01:22:10:56:31.929000,1611309391.929,$GPGGA,095631.00,6342.671846,N,01058.786498,E,2,12,0.8,12.23,M,40.00,M,10.0,0907*42
2021:01:22:10:56:32.929000,1611309392.929,$GPGGA,095632.00,6342.671834,N,01058.786460,E,2,12,0.8,12.23,M,40.00,M,6.0,0907*74
2021:01:22:10:56:33.929000,1611309393.929,$GPGGA,095633.00,6342.671835,N,01058.786450,E,2,12,0.8,12.28,M,40.00,M,7.0,0907*7D
2021:01:22:10:56:34.929000,1611309394.929,$GPGGA,095634.00,6342.671852,N,01058.786486,E,2,12,0.8,12.27,M,40.00,M,8.0,0907*70
2021:01:22:10:56:36.929000,1611309396.929,$GPGGA,095636.00,6342.671861,N,01058.786498,E,2,12,0.8,12.27,M,40.00,M,10.0,0907*44
2021:01:22:10:56:37.929000,1611309397.929,$GPGGA,095637.00,6342.671852,N,01058.786467,E,2,12,0.8,12.27,M,40.00,M,11.0,0907*44
2021:01:22:10:56:38.928000,1611309398.928,$GPGGA,095638.00,6342.671847,N,01058.786455,E,2,12,0.8,12.27,M,40.00,M,12.0,0907*4D
2021:01:22:10:56:40.929000,1611309400.929,$GPGGA,095640.00,6342.671851,N,01058.786383,E,2,12,0.8,12.29,M,40.00,M,8.0,0907*7C
2021:01:22:10:56:41.929000,1611309401.929,$GPGGA,095641.00,6342.671834,N,01058.786338,E,2,12,0.8,12.28,M,40.00,M,9.0,0907*7E
2021:01:22:10:56:42.929000,1611309402.929,$GPGGA,095642.00,6342.671793,N,01058.786285,E,2,12,0.8,12.31,M,40.00,M,5.0,0907*7C
2021:01:22:10:56:44.929000,1611309404.929,$GPGGA,095644.00,6342.671834,N,01058.786244,E,2,12,0.8,12.28,M,40.00,M,7.0,0907*7F
2021:01:22:10:56:45.929000,1611309405.929,$GPGGA,095645.00,6342.671806,N,01058.786216,E,2,12,0.8,12.29,M,40.00,M,8.0,0907*76
2021:01:22:10:56:46.929000,1611309406.929,$GPGGA,095646.00,6342.671781,N,01058.786129,E,2,12,0.8,12.31,M,40.00,M,9.0,0907*72
2021:01:22:10:56:48.929000,1611309408.929,$GPGGA,095648.00,6342.671799,N,01058.786046,E,2,12,0.8,12.29,M,40.00,M,11.0,0907*4D
2021:01:22:10:56:49.929000,1611309409.929,$GPGGA,095649.00,6342.671783,N,01058.786005,E,2,12,0.8,12.32,M,40.00,M,7.0,0907*7D
2021:01:22:10:56:50.929000,1611309410.929,$GPGGA,095650.00,6342.671788,N,01058.786005,E,2,12,0.8,12.31,M,40.00,M,8.0,0907*72
2021:01:22:10:56:51.929000,1611309411.929,$GPGGA,095651.00,6342.671792,N,01058.785935,E,2,12,0.8,12.32,M,40.00,M,9.0,0907*73
2021:01:22:10:56:53.929000,1611309413.929,$GPGGA,095653.00,6342.671786,N,01058.785866,E,2,12,0.8,12.32,M,40.00,M,11.0,0907*4A
2021:01:22:10:56:54.930000,1611309414.93,$GPGGA,095654.00,6342.671785,N,01058.785804,E,2,12,0.8,12.30,M,40.00,M,12.0,0907*4B
2021:01:22:10:56:56.930000,1611309416.93,$GPGGA,095656.00,6342.671795,N,01058.785678,E,2,12,0.8,12.29,M,40.00,M,8.0,0907*7E
2021:01:22:10:56:57.930000,1611309417.93,$GPGGA,095657.00,6342.671795,N,01058.785655,E,2,12,0.8,12.29,M,40.00,M,9.0,0907*71
2021:01:22:10:56:58.930000,1611309418.93,$GPGGA,095658.00,6342.671769,N,01058.785555,E,2,12,0.8,12.33,M,40.00,M,10.0,0907*4D
2021:01:22:10:56:59.930000,1611309419.93,$GPGGA,095659.00,6342.671800,N,01058.785506,E,2,12,0.8,12.30,M,40.00,M,11.0,0907*48
2021:01:22:10:57:01.930000,1611309421.93,$GPGGA,095701.00,6342.671784,N,01058.785487,E,2,12,0.8,12.34,M,40.00,M,13.0,0907*49
2021:01:22:10:57:02.930000,1611309422.93,$GPGGA,095702.00,6342.671798,N,01058.785403,E,2,12,0.8,12.31,M,40.00,M,14.0,0907*49
2021:01:22:10:57:03.930000,1611309423.93,$GPGGA,095703.00,6342.671825,N,01058.785351,E,2,12,0.8,12.27,M,40.00,M,10.0,0907*42
2021:01:22:10:57:05.929000,1611309425.929,$GPGGA,095705.00,6342.671810,N,01058.785351,E,2,12,0.8,12.33,M,40.00,M,7.0,0907*71
2021:01:22:10:57:06.930000,1611309426.93,$GPGGA,095706.00,6342.671830,N,01058.785334,E,2,12,0.8,12.31,M,40.00,M,8.0,0907*7E
2021:01:22:10:57:07.929000,1611309427.929,$GPGGA,095707.00,6342.671830,N,01058.785295,E,2,12,0.8,12.30,M,40.00,M,9.0,0907*75
2021:01:22:10:57:09.930000,1611309429.93,$GPGGA,095709.00,6342.671827,N,01058.785254,E,2,12,0.8,12.33,M,40.00,M,5.0,0907*7F
2021:01:22:10:57:10.930000,1611309430.93,$GPGGA,095710.00,6342.671848,N,01058.785239,E,2,12,0.8,12.31,M,40.00,M,6.0,0907*74
2021:01:22:10:57:11.930000,1611309431.93,$GPGGA,095711.00,6342.671851,N,01058.785213,E,2,12,0.8,12.31,M,40.00,M,7.0,0907*74
2021:01:22:10:57:13.930000,1611309433.93,$GPGGA,095713.00,6342.671863,N,01058.785189,E,2,12,0.8,12.35,M,40.00,M,9.0,0907*7D
2021:01:22:10:57:14.930000,1611309434.93,$GPGGA,095714.00,6342.671882,N,01058.785173,E,2,12,0.8,12.32,M,40.00,M,10.0,0907*4F
2021:01:22:10:57:15.930000,1611309435.93,$GPGGA,095715.00,6342.671900,N,01058.785142,E,2,12,0.8,12.31,M,40.00,M,11.0,0907*45
2021:01:22:10:57:16.930000,1611309436.93,$GPGGA,095716.00,6342.671910,N,01058.785166,E,2,12,0.8,12.32,M,40.00,M,7.0,0907*75
2021:01:22:10:57:17.930000,1611309437.93,$GPGGA,095717.00,6342.671926,N,01058.785179,E,2,12,0.8,12.34,M,40.00,M,8.0,0907*76
2021:01:22:10:57:18.930000,1611309438.93,$GPGGA,095718.00,6342.671941,N,01058.785138,E,2,12,0.8,12.34,M,40.00,M,9.0,0907*7C
2021:01:22:10:57:19.930000,1611309439.93,$GPGGA,095719.00,6342.671963,N,01058.785070,E,2,12,0.8,12.29,M,40.00,M,5.0,0907*70
2021:01:22:10:57:21.930000,1611309441.93,$GPGGA,095721.00,6342.671996,N,01058.785102,E,2,12,0.8,12.33,M,40.00,M,7.0,0907*7C
2021:01:22:10:57:22.930000,1611309442.93,$GPGGA,095722.00,6342.672018,N,01058.785074,E,2,12,0.8,12.31,M,40.00,M,8.0,0907*7E
2021:01:22:10:57:23.930000,1611309443.93,$GPGGA,095723.00,6342.672037,N,01058.785066,E,2,12,0.8,12.31,M,40.00,M,9.0,0907*70
2021:01:22:10:57:26.931000,1611309446.931,$GPGGA,095726.00,6342.672063,N,01058.785023,E,2,12,0.8,12.32,M,40.00,M,7.0,0907*78
2021:01:22:10:57:27.931000,1611309447.931,$GPGGA,095727.00,6342.672085,N,01058.784996,E,2,12,0.8,12.31,M,40.00,M,8.0,0907*7B
2021:01:22:10:57:28.931000,1611309448.931,$GPGGA,095728.00,6342.672109,N,01058.784990,E,2,12,0.8,12.30,M,40.00,M,9.0,0907*77
2021:01:22:10:57:30.931000,1611309450.931,$GPGGA,095730.00,6342.672097,N,01058.784957,E,2,12,0.8,12.34,M,40.00,M,5.0,0907*7B
2021:01:22:10:57:31.931000,1611309451.931,$GPGGA,095731.00,6342.672122,N,01058.784944,E,2,12,0.8,12.32,M,40.00,M,6.0,0907*72
2021:01:22:10:57:32.931000,1611309452.931,$GPGGA,095732.00,6342.672124,N,01058.784915,E,2,12,0.8,12.32,M,40.00,M,7.0,0907*72
2021:01:22:10:57:34.931000,1611309454.931,$GPGGA,095734.00,6342.672132,N,01058.784865,E,2,12,0.8,12.33,M,40.00,M,9.0,0907*7A
2021:01:22:10:57:35.930000,1611309455.93,$GPGGA,095735.00,6342.672145,N,01058.784826,E,2,12,0.8,12.32,M,40.00,M,10.0,0907*45
2021:01:22:10:57:36.930000,1611309456.93,$GPGGA,095736.00,6342.672159,N,01058.784834,E,2,12,0.8,12.31,M,40.00,M,6.0,0907*7C
2021:01:22:10:57:38.930000,1611309458.93,$GPGGA,095738.00,6342.672161,N,01058.784744,E,2,12,0.8,12.35,M,40.00,M,8.0,0907*7B
2021:01:22:10:57:39.931000,1611309459.931,$GPGGA,095739.00,6342.672179,N,01058.784632,E,2,12,0.8,12.32,M,40.00,M,9.0,0907*75
2021:01:22:10:57:40.931000,1611309460.931,$GPGGA,095740.00,6342.672177,N,01058.784562,E,2,12,0.8,12.31,M,40.00,M,10.0,0907*48
2021:01:22:10:57:41.931000,1611309461.931,$GPGGA,095741.00,6342.672176,N,01058.784517,E,2,12,0.8,12.33,M,40.00,M,11.0,0907*49
2021:01:22:10:57:42.931000,1611309462.931,$GPGGA,095742.00,6342.672191,N,01058.784419,E,2,12,0.8,12.34,M,40.00,M,7.0,0907*7C
2021:01:22:10:57:43.931000,1611309463.931,$GPGGA,095743.00,6342.672203,N,01058.784309,E,2,12,0.8,12.34,M,40.00,M,8.0,0907*7C
2021:01:22:10:57:44.931000,1611309464.931,$GPGGA,095744.00,6342.672203,N,01058.784181,E,2,12,0.8,12.34,M,40.00,M,9.0,0907*78
2021:01:22:10:57:46.931000,1611309466.931,$GPGGA,095746.00,6342.672210,N,01058.783904,E,2,12,0.8,12.33,M,40.00,M,6.0,0907*72
2021:01:22:10:57:47.931000,1611309467.931,$GPGGA,095747.00,6342.672215,N,01058.783775,E,2,12,0.8,12.32,M,40.00,M,7.0,0907*7E
2021:01:22:10:57:48.931000,1611309468.931,$GPGGA,095748.00,6342.672226,N,01058.783576,E,2,12,0.8,12.31,M,40.00,M,8.0,0907*7C
2021:01:22:10:57:50.931000,1611309470.931,$GPGGA,095750.00,6342.672235,N,01058.783145,E,2,12,0.8,12.31,M,40.00,M,10.0,0907*4A
2021:01:22:10:57:51.931000,1611309471.931,$GPGGA,095751.00,6342.672252,N,01058.783018,E,2,12,0.8,12.33,M,40.00,M,11.0,0907*40
2021:01:22:10:57:52.931000,1611309472.931,$GPGGA,095752.00,6342.672276,N,01058.782834,E,2,12,0.8,12.33,M,40.00,M,12.0,0907*41
2021:01:22:10:57:55.932000,1611309475.932,$GPGGA,095755.00,6342.672371,N,01058.782230,E,2,12,0.8,12.35,M,40.00,M,10.0,0907*4A
2021:01:22:10:57:56.932000,1611309476.932,$GPGGA,095756.00,6342.672423,N,01058.781969,E,2,12,0.8,12.33,M,40.00,M,5.0,0907*7F
2021:01:22:10:57:59.932000,1611309479.932,$GPGGA,095759.00,6342.672579,N,01058.781330,E,2,12,0.8,12.36,M,40.00,M,8.0,0907*70
2021:01:22:10:58:00.932000,1611309480.932,$GPGGA,095800.00,6342.672649,N,01058.781073,E,2,12,0.8,12.32,M,40.00,M,9.0,0907*72
2021:01:22:10:58:01.932000,1611309481.932,$GPGGA,095801.00,6342.672712,N,01058.780923,E,2,12,0.8,12.36,M,40.00,M,10.0,0907*4D
2021:01:22:10:58:03.931000,1611309483.931,$GPGGA,095803.00,6342.672849,N,01058.780460,E,2,12,0.8,12.33,M,40.00,M,7.0,0907*77
2021:01:22:10:58:04.931000,1611309484.931,$GPGGA,095804.00,6342.672905,N,01058.780196,E,2,12,0.8,12.33,M,40.00,M,8.0,0907*7A
2021:01:22:10:58:05.931000,1611309485.931,$GPGGA,095805.00,6342.672985,N,01058.780106,E,2,12,0.8,12.37,M,40.00,M,9.0,0907*7F
2021:01:22:10:58:06.931000,1611309486.931,$GPGGA,095806.00,6342.673046,N,01058.779884,E,2,12,0.8,12.36,M,40.00,M,5.0,0907*73
2021:01:22:10:58:07.931000,1611309487.931,$GPGGA,095807.00,6342.673093,N,01058.779615,E,2,12,0.8,12.33,M,40.00,M,6.0,0907*7A
2021:01:22:10:58:08.931000,1611309488.931,$GPGGA,095808.00,6342.673170,N,01058.779519,E,2,12,0.8,12.35,M,40.00,M,7.0,0907*71
2021:01:22:10:58:09.932000,1611309489.932,$GPGGA,095809.00,6342.673223,N,01058.779332,E,2,12,0.8,12.37,M,40.00,M,8.0,0907*77
2021:01:22:10:58:11.932000,1611309491.932,$GPGGA,095811.00,6342.673294,N,01058.778888,E,2,12,0.8,12.35,M,40.00,M,10.0,0907*42
2021:01:22:10:58:12.932000,1611309492.932,$GPGGA,095812.00,6342.673337,N,01058.778717,E,2,12,0.8,12.37,M,40.00,M,11.0,0907*43
2021:01:22:10:58:13.932000,1611309493.932,$GPGGA,095813.00,6342.673362,N,01058.778496,E,2,12,0.8,12.36,M,40.00,M,7.0,0907*7E
2021:01:22:10:58:15.932000,1611309495.932,$GPGGA,095815.00,6342.673406,N,01058.778105,E,2,12,0.8,12.38,M,40.00,M,9.0,0907*72
2021:01:22:10:58:16.932000,1611309496.932,$GPGGA,095816.00,6342.673452,N,01058.777903,E,2,12,0.8,12.37,M,40.00,M,10.0,0907*46
2021:01:22:10:58:17.932000,1611309497.932,$GPGGA,095817.00,6342.673461,N,01058.777658,E,2,12,0.8,12.34,M,40.00,M,11.0,0907*44
2021:01:22:10:58:19.932000,1611309499.932,$GPGGA,095819.00,6342.673503,N,01058.777230,E,2,12,0.8,12.36,M,40.00,M,8.0,0907*7F
2021:01:22:10:58:20.932000,1611309500.932,$GPGGA,095820.00,6342.673538,N,01058.777009,E,2,12,0.8,12.32,M,40.00,M,9.0,0907*70
2021:01:22:10:58:21.932000,1611309501.932,$GPGGA,095821.00,6342.673545,N,01058.776832,E,2,12,0.8,12.34,M,40.00,M,10.0,0907*44
2021:01:22:10:58:23.932000,1611309503.932,$GPGGA,095823.00,6342.673620,N,01058.776382,E,2,12,0.8,12.31,M,40.00,M,7.0,0907*75
2021:01:22:10:58:24.933000,1611309504.933,$GPGGA,095824.00,6342.673640,N,01058.776191,E,2,12,0.8,12.34,M,40.00,M,8.0,0907*7E
2021:01:22:10:58:25.933000,1611309505.933,$GPGGA,095825.00,6342.673672,N,01058.775994,E,2,12,0.8,12.37,M,40.00,M,9.0,0907*72
2021:01:22:10:58:26.933000,1611309506.933,$GPGGA,095826.00,6342.673729,N,01058.775789,E,2,12,0.8,12.34,M,40.00,M,10.0,0907*47
2021:01:22:10:58:28.933000,1611309508.933,$GPGGA,095828.00,6342.673798,N,01058.775365,E,2,12,0.8,12.36,M,40.00,M,6.0,0907*70
2021:01:22:10:58:29.933000,1611309509.933,$GPGGA,095829.00,6342.673854,N,01058.775132,E,2,12,0.8,12.34,M,40.00,M,7.0,0907*7D
2021:01:22:10:58:30.933000,1611309510.933,$GPGGA,095830.00,6342.673898,N,01058.774931,E,2,12,0.8,12.33,M,40.00,M,8.0,0907*77
2021:01:22:10:58:31.932000,1611309511.932,$GPGGA,095831.00,6342.673937,N,01058.774749,E,2,12,0.8,12.36,M,40.00,M,9.0,0907*77
2021:01:22:10:58:32.932000,1611309512.932,$GPGGA,095832.00,6342.673982,N,01058.774470,E,2,12,0.8,12.31,M,40.00,M,10.0,0907*4C
2021:01:22:10:58:33.932000,1611309513.932,$GPGGA,095833.00,6342.674023,N,01058.774283,E,2,12,0.8,12.31,M,40.00,M,6.0,0907*75
2021:01:22:10:58:34.932000,1611309514.932,$GPGGA,095834.00,6342.674065,N,01058.774124,E,2,12,0.8,12.36,M,40.00,M,7.0,0907*78
2021:01:22:10:58:36.932000,1611309516.932,$GPGGA,095836.00,6342.674154,N,01058.773701,E,2,12,0.8,12.31,M,40.00,M,9.0,0907*76
2021:01:22:10:58:37.932000,1611309517.932,$GPGGA,095837.00,6342.674182,N,01058.773512,E,2,12,0.8,12.33,M,40.00,M,10.0,0907*46
2021:01:22:10:58:38.933000,1611309518.933,$GPGGA,095838.00,6342.674203,N,01058.773244,E,2,12,0.8,12.33,M,40.00,M,11.0,0907*46
2021:01:22:10:58:40.933000,1611309520.933,$GPGGA,095840.00,6342.674284,N,01058.772799,E,2,12,0.8,12.32,M,40.00,M,13.0,0907*41
2021:01:22:10:58:41.933000,1611309521.933,$GPGGA,095841.00,6342.674303,N,01058.772592,E,2,12,0.8,12.36,M,40.00,M,14.0,0907*44
2021:01:22:10:58:42.933000,1611309522.933,$GPGGA,095842.00,6342.674354,N,01058.772306,E,2,12,0.8,12.31,M,40.00,M,15.0,0907*48
2021:01:22:10:58:44.933000,1611309524.933,$GPGGA,095844.00,6342.674422,N,01058.771885,E,2,12,0.8,12.35,M,40.00,M,11.0,0907*4B
2021:01:22:10:58:45.933000,1611309525.933,$GPGGA,095845.00,6342.674477,N,01058.771642,E,2,12,0.8,12.34,M,40.00,M,12.0,0907*4D
2021:01:22:10:58:46.933000,1611309526.933,$GPGGA,095846.00,6342.674532,N,01058.771398,E,2,12,0.8,12.31,M,40.00,M,8.0,0907*72
2021:01:22:10:58:48.933000,1611309528.933,$GPGGA,095848.00,6342.674588,N,01058.770920,E,2,12,0.8,12.36,M,40.00,M,10.0,0907*4B
2021:01:22:10:58:49.933000,1611309529.933,$GPGGA,095849.00,6342.674652,N,01058.770677,E,2,12,0.8,12.33,M,40.00,M,11.0,0907*47
2021:01:22:10:58:50.933000,1611309530.933,$GPGGA,095850.00,6342.674699,N,01058.770418,E,2,12,0.8,12.30,M,40.00,M,6.0,0907*76
2021:01:22:10:58:51.933000,1611309531.933,$GPGGA,095851.00,6342.674748,N,01058.770225,E,2,12,0.8,12.35,M,40.00,M,7.0,0907*76
2021:01:22:10:58:52.934000,1611309532.934,$GPGGA,095852.00,6342.674799,N,01058.770015,E,2,12,0.8,12.35,M,40.00,M,8.0,0907*77
2021:01:22:10:58:53.934000,1611309533.934,$GPGGA,095853.00,6342.674850,N,01058.769710,E,2,12,0.8,12.31,M,40.00,M,9.0,0907*73
2021:01:22:10:58:54.934000,1611309534.934,$GPGGA,095854.00,6342.674914,N,01058.769501,E,2,12,0.8,12.32,M,40.00,M,10.0,0907*4C
2021:01:22:10:58:56.934000,1611309536.934,$GPGGA,095856.00,6342.675027,N,01058.769093,E,2,12,0.8,12.31,M,40.00,M,7.0,0907*7D
2021:01:22:10:58:57.934000,1611309537.934,$GPGGA,095857.00,6342.675101,N,01058.768902,E,2,12,0.8,12.33,M,40.00,M,8.0,0907*74
2021:01:22:10:58:58.934000,1611309538.934,$GPGGA,095858.00,6342.675146,N,01058.768660,E,2,12,0.8,12.32,M,40.00,M,9.0,0907*73
2021:01:22:10:59:01.933000,1611309541.933,$GPGGA,095901.00,6342.675326,N,01058.768016,E,2,12,0.8,12.33,M,40.00,M,7.0,0907*72
2021:01:22:10:59:02.933000,1611309542.933,$GPGGA,095902.00,6342.675379,N,01058.767807,E,2,12,0.8,12.32,M,40.00,M,8.0,0907*72
2021:01:22:10:59:03.933000,1611309543.933,$GPGGA,095903.00,6342.675439,N,01058.767576,E,2,12,0.8,12.31,M,40.00,M,9.0,0907*79
2021:01:22:10:59:05.933000,1611309545.933,$GPGGA,095905.00,6342.675541,N,01058.767060,E,2,12,0.8,12.30,M,40.00,M,11.0,0907*4B
2021:01:22:10:59:06.934000,1611309546.934,$GPGGA,095906.00,6342.675592,N,01058.766835,E,2,12,0.8,12.31,M,40.00,M,7.0,0907*79
2021:01:22:10:59:07.934000,1611309547.934,$GPGGA,095907.00,6342.675665,N,01058.766631,E,2,12,0.8,12.33,M,40.00,M,8.0,0907*74
2021:01:22:10:59:09.934000,1611309549.934,$GPGGA,095909.00,6342.675767,N,01058.766088,E,2,12,0.8,12.31,M,40.00,M,10.0,0907*46
2021:01:22:10:59:10.934000,1611309550.934,$GPGGA,095910.00,6342.675836,N,01058.765852,E,2,12,0.8,12.30,M,40.00,M,6.0,0907*7F
2021:01:22:10:59:11.934000,1611309551.934,$GPGGA,095911.00,6342.675887,N,01058.765616,E,2,12,0.8,12.32,M,40.00,M,7.0,0907*79
2021:01:22:10:59:13.934000,1611309553.934,$GPGGA,095913.00,6342.676028,N,01058.765173,E,2,12,0.8,12.30,M,40.00,M,4.0,0907*70
2021:01:22:10:59:14.934000,1611309554.934,$GPGGA,095914.00,6342.676082,N,01058.764932,E,2,12,0.8,12.30,M,40.00,M,5.0,0907*7A
2021:01:22:10:59:15.934000,1611309555.934,$GPGGA,095915.00,6342.676132,N,01058.764732,E,2,12,0.8,12.34,M,40.00,M,6.0,0907*78
2021:01:22:10:59:16.934000,1611309556.934,$GPGGA,095916.00,6342.676210,N,01058.764522,E,2,12,0.8,12.32,M,40.00,M,7.0,0907*7C
2021:01:22:10:59:17.934000,1611309557.934,$GPGGA,095917.00,6342.676284,N,01058.764312,E,2,12,0.8,12.30,M,40.00,M,8.0,0907*78
2021:01:22:10:59:18.934000,1611309558.934,$GPGGA,095918.00,6342.676334,N,01058.764064,E,2,12,0.8,12.31,M,40.00,M,9.0,0907*7F
2021:01:22:10:59:19.934000,1611309559.934,$GPGGA,095919.00,6342.676385,N,01058.763799,E,2,12,0.8,12.33,M,40.00,M,10.0,0907*4C
2021:01:22:10:59:21.935000,1611309561.935,$GPGGA,095921.00,6342.676553,N,01058.763409,E,2,12,0.8,12.33,M,40.00,M,12.0,0907*42
2021:01:22:10:59:22.935000,1611309562.935,$GPGGA,095922.00,6342.676617,N,01058.763142,E,2,12,0.8,12.31,M,40.00,M,13.0,0907*4B
2021:01:22:10:59:23.935000,1611309563.935,$GPGGA,095923.00,6342.676692,N,01058.762906,E,2,12,0.8,12.30,M,40.00,M,8.0,0907*75
2021:01:22:10:59:25.935000,1611309565.935,$GPGGA,095925.00,6342.676853,N,01058.762370,E,2,12,0.8,12.32,M,40.00,M,10.0,0907*40
2021:01:22:10:59:26.935000,1611309566.935,$GPGGA,095926.00,6342.676928,N,01058.762128,E,2,12,0.8,12.32,M,40.00,M,11.0,0907*40
2021:01:22:10:59:27.934000,1611309567.934,$GPGGA,095927.00,6342.677023,N,01058.761931,E,2,12,0.8,12.31,M,40.00,M,7.0,0907*75
2021:01:22:10:59:30.934000,1611309570.934,$GPGGA,095930.00,6342.677256,N,01058.761234,E,2,12,0.8,12.32,M,40.00,M,5.0,0907*7C
2021:01:22:10:59:31.934000,1611309571.934,$GPGGA,095931.00,6342.677324,N,01058.761036,E,2,12,0.8,12.33,M,40.00,M,6.0,0907*7B
2021:01:22:10:59:32.934000,1611309572.934,$GPGGA,095932.00,6342.677369,N,01058.760794,E,2,12,0.8,12.33,M,40.00,M,7.0,0907*7E
2021:01:22:10:59:34.935000,1611309574.935,$GPGGA,095934.00,6342.677474,N,01058.760352,E,2,12,0.8,12.33,M,40.00,M,9.0,0907*73
2021:01:22:10:59:35.935000,1611309575.935,$GPGGA,095935.00,6342.677510,N,01058.760127,E,2,12,0.8,12.31,M,40.00,M,10.0,0907*4B
2021:01:22:10:59:36.935000,1611309576.935,$GPGGA,095936.00,6342.677551,N,01058.759924,E,2,12,0.8,12.30,M,40.00,M,11.0,0907*4C
2021:01:22:10:59:38.935000,1611309578.935,$GPGGA,095938.00,6342.677640,N,01058.759539,E,2,12,0.8,12.33,M,40.00,M,13.0,0907*40
2021:01:22:10:59:39.935000,1611309579.935,$GPGGA,095939.00,6342.677692,N,01058.759386,E,2,12,0.8,12.35,M,40.00,M,14.0,0907*4D
2021:01:22:10:59:40.935000,1611309580.935,$GPGGA,095940.00,6342.677747,N,01058.759143,E,2,12,0.8,12.32,M,40.00,M,15.0,0907*47
2021:01:22:10:59:41.935000,1611309581.935,$GPGGA,095941.00,6342.677780,N,01058.758871,E,2,12,0.8,12.31,M,40.00,M,10.0,0907*42
2021:01:22:10:59:42.935000,1611309582.935,$GPGGA,095942.00,6342.677831,N,01058.758700,E,2,12,0.8,12.33,M,40.00,M,11.0,0907*4E
2021:01:22:10:59:43.935000,1611309583.935,$GPGGA,095943.00,6342.677913,N,01058.758510,E,2,12,0.8,12.33,M,40.00,M,12.0,0907*4E
2021:01:22:10:59:44.935000,1611309584.935,$GPGGA,095944.00,6342.677987,N,01058.758327,E,2,12,0.8,12.32,M,40.00,M,13.0,0907*46
2021:01:22:10:59:46.935000,1611309586.935,$GPGGA,095946.00,6342.678122,N,01058.757961,E,2,12,0.8,12.34,M,40.00,M,15.0,0907*4B
2021:01:22:10:59:47.935000,1611309587.935,$GPGGA,095947.00,6342.678207,N,01058.757718,E,2,12,0.8,12.32,M,40.00,M,6.0,0907*7A
2021:01:22:10:59:48.936000,1611309588.936,$GPGGA,095948.00,6342.678292,N,01058.757510,E,2,12,0.8,12.30,M,40.00,M,7.0,0907*70
2021:01:22:10:59:50.936000,1611309590.936,$GPGGA,095950.00,6342.678441,N,01058.757116,E,2,12,0.8,12.33,M,40.00,M,9.0,0907*7E
2021:01:22:10:59:51.936000,1611309591.936,$GPGGA,095951.00,6342.678540,N,01058.756931,E,2,12,0.8,12.32,M,40.00,M,10.0,0907*4A
2021:01:22:10:59:52.936000,1611309592.936,$GPGGA,095952.00,6342.678602,N,01058.756676,E,2,12,0.8,12.31,M,40.00,M,11.0,0907*42
2021:01:22:10:59:54.936000,1611309594.936,$GPGGA,095954.00,6342.678788,N,01058.756347,E,2,12,0.8,12.31,M,40.00,M,7.0,0907*77
2021:01:22:10:59:55.936000,1611309595.936,$GPGGA,095955.00,6342.678863,N,01058.756144,E,2,12,0.8,12.30,M,40.00,M,8.0,0907*73
2021:01:22:10:59:56.935000,1611309596.935,$GPGGA,095956.00,6342.678933,N,01058.755920,E,2,12,0.8,12.32,M,40.00,M,9.0,0907*7E
2021:01:22:10:59:59.935000,1611309599.935,$GPGGA,095959.00,6342.679174,N,01058.755390,E,2,12,0.8,12.30,M,40.00,M,7.0,0907*76
2021:01:22:11:00:00.935000,1611309600.935,$GPGGA,100000.00,6342.679260,N,01058.755282,E,2,12,0.8,12.31,M,40.00,M,8.0,0907*74
2021:01:22:11:00:01.935000,1611309601.935,$GPGGA,100001.00,6342.679313,N,01058.755094,E,2,12,0.8,12.32,M,40.00,M,9.0,0907*77
2021:01:22:11:00:03.936000,1611309603.936,$GPGGA,100003.00,6342.679427,N,01058.754666,E,2,12,0.8,12.32,M,40.00,M,11.0,0907*46
2021:01:22:11:00:04.936000,1611309604.936,$GPGGA,100004.00,6342.679463,N,01058.754484,E,2,12,0.8,12.31,M,40.00,M,7.0,0907*7B
2021:01:22:11:00:05.936000,1611309605.936,$GPGGA,100005.00,6342.679530,N,01058.754326,E,2,12,0.8,12.30,M,40.00,M,8.0,0907*7C
2021:01:22:11:00:06.936000,1611309606.936,$GPGGA,100006.00,6342.679575,N,01058.754156,E,2,12,0.8,12.31,M,40.00,M,9.0,0907*7B
2021:01:22:11:00:07.936000,1611309607.936,$GPGGA,100007.00,6342.679609,N,01058.753942,E,2,12,0.8,12.29,M,40.00,M,10.0,0907*49
2021:01:22:11:00:08.936000,1611309608.936,$GPGGA,100008.00,6342.679648,N,01058.753773,E,2,12,0.8,12.30,M,40.00,M,11.0,0907*46
2021:01:22:11:00:09.936000,1611309609.936,$GPGGA,100009.00,6342.679689,N,01058.753618,E,2,12,0.8,12.31,M,40.00,M,12.0,0907*44
2021:01:22:11:00:10.936000,1611309610.936,$GPGGA,100010.00,6342.679740,N,01058.753441,E,2,12,0.8,12.30,M,40.00,M,7.0,0907*73
2021:01:22:11:00:11.936000,1611309611.936,$GPGGA,100011.00,6342.679766,N,01058.753278,E,2,12,0.8,12.29,M,40.00,M,8.0,0907*7D
2021:01:22:11:00:12.936000,1611309612.936,$GPGGA,100012.00,6342.679801,N,01058.753071,E,2,12,0.8,12.29,M,40.00,M,9.0,0907*7A
2021:01:22:11:00:13.936000,1611309613.936,$GPGGA,100013.00,6342.679846,N,01058.752819,E,2,12,0.8,12.28,M,40.00,M,10.0,0907*46
2021:01:22:11:00:15.936000,1611309615.936,$GPGGA,100015.00,6342.679925,N,01058.752521,E,2,12,0.8,12.32,M,40.00,M,7.0,0907*7F
2021:01:22:11:00:16.936000,1611309616.936,$GPGGA,100016.00,6342.679979,N,01058.752326,E,2,12,0.8,12.32,M,40.00,M,8.0,0907*7B
2021:01:22:11:00:17.937000,1611309617.937,$GPGGA,100017.00,6342.680024,N,01058.752079,E,2,12,0.8,12.28,M,40.00,M,9.0,0907*7E
2021:01:22:11:00:19.937000,1611309619.937,$GPGGA,100019.00,6342.680111,N,01058.751679,E,2,12,0.8,12.32,M,40.00,M,11.0,0907*40
2021:01:22:11:00:20.937000,1611309620.937,$GPGGA,100020.00,6342.680157,N,01058.751475,E,2,12,0.8,12.30,M,40.00,M,6.0,0907*72
2021:01:22:11:00:21.937000,1611309621.937,$GPGGA,100021.00,6342.680203,N,01058.751238,E,2,12,0.8,12.29,M,40.00,M,7.0,0907*77
2021:01:22:11:00:23.937000,1611309623.937,$GPGGA,100023.00,6342.680322,N,01058.750862,E,2,12,0.8,12.31,M,40.00,M,9.0,0907*74
2021:01:22:11:00:24.937000,1611309624.937,$GPGGA,100024.00,6342.680365,N,01058.750683,E,2,12,0.8,12.32,M,40.00,M,5.0,0907*7E
2021:01:22:11:00:25.937000,1611309625.937,$GPGGA,100025.00,6342.680432,N,01058.750428,E,2,12,0.8,12.30,M,40.00,M,6.0,0907*78
2021:01:22:11:00:26.936000,1611309626.936,$GPGGA,100026.00,6342.680489,N,01058.750237,E,2,12,0.8,12.31,M,40.00,M,7.0,0907*73
2021:01:22:11:00:27.936000,1611309627.936,$GPGGA,100027.00,6342.680530,N,01058.750091,E,2,12,0.8,12.33,M,40.00,M,8.0,0907*72
2021:01:22:11:00:28.936000,1611309628.936,$GPGGA,100028.00,6342.680607,N,01058.749886,E,2,12,0.8,12.30,M,40.00,M,9.0,0907*7E
2021:01:22:11:00:29.936000,1611309629.936,$GPGGA,100029.00,6342.680657,N,01058.749666,E,2,12,0.8,12.30,M,40.00,M,10.0,0907*42
2021:01:22:11:00:30.936000,1611309630.936,$GPGGA,100030.00,6342.680707,N,01058.749519,E,2,12,0.8,12.33,M,40.00,M,11.0,0907*47
2021:01:22:11:00:31.938000,1611309631.938,$GPGGA,100031.00,6342.680769,N,01058.749321,E,2,12,0.8,12.32,M,40.00,M,7.0,0907*75
2021:01:22:11:00:32.937000,1611309632.937,$GPGGA,100032.00,6342.680839,N,01058.749112,E,2,12,0.8,12.30,M,40.00,M,8.0,0907*73
2021:01:22:11:00:33.937000,1611309633.937,$GPGGA,100033.00,6342.680898,N,01058.748929,E,2,12,0.8,12.32,M,40.00,M,9.0,0907*7B
2021:01:22:11:00:34.937000,1611309634.937,$GPGGA,100034.00,6342.680958,N,01058.748751,E,2,12,0.8,12.34,M,40.00,M,5.0,0907*7A
2021:01:22:11:00:35.937000,1611309635.937,$GPGGA,100035.00,6342.681029,N,01058.748505,E,2,12,0.8,12.32,M,40.00,M,6.0,0907*73
2021:01:22:11:00:36.937000,1611309636.937,$GPGGA,100036.00,6342.681090,N,01058.748293,E,2,12,0.8,12.33,M,40.00,M,7.0,0907*7A
2021:01:22:11:00:37.937000,1611309637.937,$GPGGA,100037.00,6342.681154,N,01058.748142,E,2,12,0.8,12.36,M,40.00,M,8.0,0907*77
2021:01:22:11:00:38.937000,1611309638.937,$GPGGA,100038.00,6342.681234,N,01058.747916,E,2,12,0.8,12.34,M,40.00,M,9.0,0907*78
2021:01:22:11:00:40.937000,1611309640.937,$GPGGA,100040.00,6342.681372,N,01058.747478,E,2,12,0.8,12.35,M,40.00,M,11.0,0907*49
2021:01:22:11:00:41.937000,1611309641.937,$GPGGA,100041.00,6342.681444,N,01058.747268,E,2,12,0.8,12.36,M,40.00,M,12.0,0907*4D
2021:01:22:11:00:42.937000,1611309642.937,$GPGGA,100042.00,6342.681522,N,01058.747042,E,2,12,0.8,12.34,M,40.00,M,13.0,0907*46
2021:01:22:11:00:44.937000,1611309644.937,$GPGGA,100044.00,6342.681670,N,01058.746659,E,2,12,0.8,12.34,M,40.00,M,4.0,0907*7F
2021:01:22:11:00:45.937000,1611309645.937,$GPGGA,100045.00,6342.681739,N,01058.746426,E,2,12,0.8,12.33,M,40.00,M,5.0,0907*7E
2021:01:22:11:00:46.938000,1611309646.938,$GPGGA,100046.00,6342.681821,N,01058.746204,E,2,12,0.8,12.34,M,40.00,M,6.0,0907*79
2021:01:22:11:00:48.938000,1611309648.938,$GPGGA,100048.00,6342.681959,N,01058.745840,E,2,12,0.8,12.35,M,40.00,M,8.0,0907*7F
2021:01:22:11:00:49.938000,1611309649.938,$GPGGA,100049.00,6342.682019,N,01058.745622,E,2,12,0.8,12.33,M,40.00,M,9.0,0907*7D
2021:01:22:11:00:50.938000,1611309650.938,$GPGGA,100050.00,6342.682097,N,01058.745483,E,2,12,0.8,12.35,M,40.00,M,10.0,0907*44
2021:01:22:11:00:51.938000,1611309651.938,$GPGGA,100051.00,6342.682159,N,01058.745302,E,2,12,0.8,12.34,M,40.00,M,6.0,0907*7E
2021:01:22:11:00:52.938000,1611309652.938,$GPGGA,100052.00,6342.682205,N,01058.745133,E,2,12,0.8,12.33,M,40.00,M,7.0,0907*71
2021:01:22:11:00:53.937000,1611309653.937,$GPGGA,100053.00,6342.682280,N,01058.745005,E,2,12,0.8,12.33,M,40.00,M,8.0,0907*76
2021:01:22:11:00:54.937000,1611309654.937,$GPGGA,100054.00,6342.682340,N,01058.744848,E,2,12,0.8,12.33,M,40.00,M,9.0,0907*7D
2021:01:22:11:00:55.937000,1611309655.937,$GPGGA,100055.00,6342.682386,N,01058.744715,E,2,12,0.8,12.33,M,40.00,M,10.0,0907*49
2021:01:22:11:00:56.937000,1611309656.937,$GPGGA,100056.00,6342.682441,N,01058.744616,E,2,12,0.8,12.35,M,40.00,M,11.0,0907*43
2021:01:22:11:00:57.937000,1611309657.937,$GPGGA,100057.00,6342.682498,N,01058.744538,E,2,12,0.8,12.34,M,40.00,M,7.0,0907*7F
2021:01:22:11:00:58.937000,1611309658.937,$GPGGA,100058.00,6342.682517,N,01058.744438,E,2,12,0.8,12.33,M,40.00,M,8.0,0907*7F
2021:01:22:11:01:00.938000,1611309660.938,$GPGGA,100100.00,6342.682586,N,01058.744202,E,2,12,0.8,12.33,M,40.00,M,10.0,0907*4D
2021:01:22:11:01:01.938000,1611309661.938,$GPGGA,100101.00,6342.682577,N,01058.744085,E,2,12,0.8,12.34,M,40.00,M,6.0,0907*7F
2021:01:22:11:01:02.938000,1611309662.938,$GPGGA,100102.00,6342.682581,N,01058.744005,E,2,12,0.8,12.35,M,40.00,M,7.0,0907*7D
2021:01:22:11:01:05.938000,1611309665.938,$GPGGA,100105.00,6342.682580,N,01058.743638,E,2,12,0.8,12.35,M,40.00,M,10.0,0907*42
2021:01:22:11:01:06.938000,1611309666.938,$GPGGA,100106.00,6342.682566,N,01058.743534,E,2,12,0.8,12.36,M,40.00,M,11.0,0907*44
2021:01:22:11:01:07.938000,1611309667.938,$GPGGA,100107.00,6342.682549,N,01058.743428,E,2,12,0.8,12.34,M,40.00,M,12.0,0907*45
2021:01:22:11:01:09.938000,1611309669.938,$GPGGA,100109.00,6342.682532,N,01058.743213,E,2,12,0.8,12.33,M,40.00,M,14.0,0907*48
2021:01:22:11:01:10.938000,1611309670.938,$GPGGA,100110.00,6342.682508,N,01058.743154,E,2,12,0.8,12.32,M,40.00,M,15.0,0907*49
2021:01:22:11:01:11.938000,1611309671.938,$GPGGA,100111.00,6342.682481,N,01058.743114,E,2,12,0.8,12.34,M,40.00,M,5.0,0907*7B
2021:01:22:11:01:13.938000,1611309673.938,$GPGGA,100113.00,6342.682453,N,01058.743028,E,2,12,0.8,12.32,M,40.00,M,7.0,0907*7C
2021:01:22:11:01:14.939000,1611309674.939,$GPGGA,100114.00,6342.682411,N,01058.742963,E,2,12,0.8,12.32,M,40.00,M,8.0,0907*75
2021:01:22:11:01:15.939000,1611309675.939,$GPGGA,100115.00,6342.682395,N,01058.742909,E,2,12,0.8,12.31,M,40.00,M,9.0,0907*71
2021:01:22:11:01:16.939000,1611309676.939,$GPGGA,100116.00,6342.682380,N,01058.742928,E,2,12,0.8,12.30,M,40.00,M,10.0,0907*4C
2021:01:22:11:01:17.939000,1611309677.939,$GPGGA,100117.00,6342.682340,N,01058.742924,E,2,12,0.8,12.30,M,40.00,M,11.0,0907*4C
2021:01:22:11:01:18.939000,1611309678.939,$GPGGA,100118.00,6342.682316,N,01058.742869,E,2,12,0.8,12.31,M,40.00,M,6.0,0907*7F
2021:01:22:11:01:19.939000,1611309679.939,$GPGGA,100119.00,6342.682308,N,01058.742867,E,2,12,0.8,12.30,M,40.00,M,7.0,0907*7F
2021:01:22:11:01:20.939000,1611309680.939,$GPGGA,100120.00,6342.682285,N,01058.742865,E,2,12,0.8,12.31,M,40.00,M,8.0,0907*7D
2021:01:22:11:01:21.939000,1611309681.939,$GPGGA,100121.00,6342.682267,N,01058.742855,E,2,12,0.8,12.32,M,40.00,M,9.0,0907*71
2021:01:22:11:01:22.939000,1611309682.939,$GPGGA,100122.00,6342.682252,N,01058.742860,E,2,12,0.7,12.34,M,40.00,M,10.0,0907*43
2021:01:22:11:01:23.938000,1611309683.938,$GPGGA,100123.00,6342.682242,N,01058.742831,E,2,12,0.7,12.32,M,40.00,M,11.0,0907*40
2021:01:22:11:01:25.938000,1611309685.938,$GPGGA,100125.00,6342.682238,N,01058.742812,E,2,12,0.7,12.34,M,40.00,M,8.0,0907*74
2021:01:22:11:01:26.938000,1611309686.938,$GPGGA,100126.00,6342.682240,N,01058.742796,E,2,12,0.7,12.36,M,40.00,M,9.0,0907*78
2021:01:22:11:01:27.938000,1611309687.938,$GPGGA,100127.00,6342.682256,N,01058.742741,E,2,12,0.7,12.33,M,40.00,M,10.0,0907*49
2021:01:22:11:01:29.939000,1611309689.939,$GPGGA,100129.00,6342.682255,N,01058.742665,E,2,12,0.7,12.35,M,40.00,M,7.0,0907*73
2021:01:22:11:01:30.939000,1611309690.939,$GPGGA,100130.00,6342.682277,N,01058.742656,E,2,12,0.7,12.35,M,40.00,M,8.0,0907*74
2021:01:22:11:01:31.939000,1611309691.939,$GPGGA,100131.00,6342.682283,N,01058.742620,E,2,12,0.7,12.34,M,40.00,M,9.0,0907*7F
2021:01:22:11:01:34.939000,1611309694.939,$GPGGA,100134.00,6342.682318,N,01058.742535,E,2,12,0.7,12.34,M,40.00,M,7.0,0907*70
2021:01:22:11:01:35.939000,1611309695.939,$GPGGA,100135.00,6342.682316,N,01058.742522,E,2,12,0.7,12.36,M,40.00,M,8.0,0907*74
2021:01:22:11:01:36.939000,1611309696.939,$GPGGA,100136.00,6342.682347,N,01058.742539,E,2,12,0.7,12.36,M,40.00,M,9.0,0907*78
2021:01:22:11:01:38.939000,1611309698.939,$GPGGA,100138.00,6342.682355,N,01058.742591,E,2,12,0.7,12.35,M,40.00,M,6.0,0907*7B
2021:01:22:11:01:39.939000,1611309699.939,$GPGGA,100139.00,6342.682357,N,01058.742603,E,2,12,0.7,12.38,M,40.00,M,7.0,0907*7C
2021:01:22:11:01:40.939000,1611309700.939,$GPGGA,100140.00,6342.682403,N,01058.742676,E,2,12,0.7,12.35,M,40.00,M,8.0,0907*74
2021:01:22:11:01:41.939000,1611309701.939,$GPGGA,100141.00,6342.682410,N,01058.742706,E,2,12,0.7,12.34,M,40.00,M,9.0,0907*71
2021:01:22:11:01:42.940000,1611309702.94,$GPGGA,100142.00,6342.682394,N,01058.742726,E,2,12,0.7,12.37,M,40.00,M,10.0,0907*40
2021:01:22:11:01:43.940000,1611309703.94,$GPGGA,100143.00,6342.682424,N,01058.742807,E,2,12,0.7,12.37,M,40.00,M,11.0,0907*40
2021:01:22:11:01:44.940000,1611309704.94,$GPGGA,100144.00,6342.682445,N,01058.742845,E,2,12,0.7,12.35,M,40.00,M,7.0,0907*73
2021:01:22:11:01:45.940000,1611309705.94,$GPGGA,100145.00,6342.682436,N,01058.742866,E,2,12,0.7,12.35,M,40.00,M,8.0,0907*78
2021:01:22:11:01:46.940000,1611309706.94,$GPGGA,100146.00,6342.682448,N,01058.742943,E,2,12,0.7,12.36,M,40.00,M,9.0,0907*76
2021:01:22:11:01:47.940000,1611309707.94,$GPGGA,100147.00,6342.682474,N,01058.743059,E,2,12,0.7,12.35,M,40.00,M,10.0,0907*40
2021:01:22:11:01:48.940000,1611309708.94,$GPGGA,100148.00,6342.682485,N,01058.743099,E,2,12,0.7,12.34,M,40.00,M,6.0,0907*7B
2021:01:22:11:01:50.940000,1611309710.94,$GPGGA,100150.00,6342.682496,N,01058.743149,E,2,12,0.7,12.35,M,40.00,M,8.0,0907*73
2021:01:22:11:01:51.939000,1611309711.939,$GPGGA,100151.00,6342.682522,N,01058.743208,E,2,12,0.7,12.36,M,40.00,M,9.0,0907*78
2021:01:22:11:01:52.939000,1611309712.939,$GPGGA,100152.00,6342.682560,N,01058.743264,E,2,12,0.7,12.35,M,40.00,M,10.0,0907*4C
2021:01:22:11:01:54.939000,1611309714.939,$GPGGA,100154.00,6342.682605,N,01058.743357,E,2,12,0.7,12.36,M,40.00,M,12.0,0907*4A
2021:01:22:11:01:55.940000,1611309715.94,$GPGGA,100155.00,6342.682639,N,01058.743361,E,2,12,0.7,12.35,M,40.00,M,7.0,0907*76
2021:01:22:11:01:56.940000,1611309716.94,$GPGGA,100156.00,6342.682639,N,01058.743421,E,2,12,0.7,12.36,M,40.00,M,8.0,0907*7A
2021:01:22:11:01:58.940000,1611309718.94,$GPGGA,100158.00,6342.682746,N,01058.743548,E,2,12,0.7,12.36,M,40.00,M,10.0,0907*4A
2021:01:22:11:01:59.940000,1611309719.94,$GPGGA,100159.00,6342.682766,N,01058.743642,E,2,12,0.7,12.35,M,40.00,M,11.0,0907*42
2021:01:22:11:02:00.940000,1611309720.94,$GPGGA,100200.00,6342.682803,N,01058.743652,E,2,12,0.7,12.35,M,40.00,M,12.0,0907*43
2021:01:22:11:02:01.940000,1611309721.94,$GPGGA,100201.00,6342.682857,N,01058.743684,E,2,12,0.7,12.34,M,40.00,M,8.0,0907*72
2021:01:22:11:02:03.940000,1611309723.94,$GPGGA,100203.00,6342.682929,N,01058.743856,E,2,12,0.7,12.36,M,40.00,M,10.0,0907*42
2021:01:22:11:02:04.940000,1611309724.94,$GPGGA,100204.00,6342.682969,N,01058.743922,E,2,12,0.7,12.35,M,40.00,M,11.0,0907*41
2021:01:22:11:02:05.940000,1611309725.94,$GPGGA,100205.00,6342.683003,N,01058.744039,E,2,12,0.7,12.34,M,40.00,M,7.0,0907*76
2021:01:22:11:02:06.940000,1611309726.94,$GPGGA,100206.00,6342.683036,N,01058.744101,E,2,12,0.7,12.34,M,40.00,M,8.0,0907*76
2021:01:22:11:02:07.940000,1611309727.94,$GPGGA,100207.00,6342.683058,N,01058.744151,E,2,12,0.7,12.33,M,40.00,M,9.0,0907*7C
2021:01:22:11:02:08.940000,1611309728.94,$GPGGA,100208.00,6342.683072,N,01058.744280,E,2,12,0.7,12.35,M,40.00,M,10.0,0907*4A
2021:01:22:11:02:09.941000,1611309729.941,$GPGGA,100209.00,6342.683096,N,01058.744398,E,2,12,0.7,12.37,M,40.00,M,11.0,0907*4A
2021:01:22:11:02:10.941000,1611309730.941,$GPGGA,100210.00,6342.683125,N,01058.744473,E,2,12,0.7,12.35,M,40.00,M,12.0,0907*48
2021:01:22:11:02:11.941000,1611309731.941,$GPGGA,100211.00,6342.683136,N,01058.744548,E,2,12,0.7,12.33,M,40.00,M,7.0,0907*70
2021:01:22:11:02:12.941000,1611309732.941,$GPGGA,100212.00,6342.683127,N,01058.744632,E,2,12,0.7,12.36,M,40.00,M,8.0,0907*77
2021:01:22:11:02:13.941000,1611309733.941,$GPGGA,100213.00,6342.683151,N,01058.744716,E,2,12,0.7,12.35,M,40.00,M,9.0,0907*72
2021:01:22:11:02:15.941000,1611309735.941,$GPGGA,100215.00,6342.683185,N,01058.744906,E,2,12,0.7,12.33,M,40.00,M,6.0,0907*7B
2021:01:22:11:02:16.941000,1611309736.941,$GPGGA,100216.00,6342.683188,N,01058.744983,E,2,12,0.7,12.36,M,40.00,M,7.0,0907*7C
2021:01:22:11:02:17.941000,1611309737.941,$GPGGA,100217.00,6342.683188,N,01058.745008,E,2,12,0.7,12.34,M,40.00,M,8.0,0907*7B
2021:01:22:11:02:19.940000,1611309739.94,$GPGGA,100219.00,6342.683203,N,01058.745104,E,2,12,0.7,12.34,M,40.00,M,10.0,0907*41
2021:01:22:11:02:20.940000,1611309740.94,$GPGGA,100220.00,6342.683198,N,01058.745153,E,2,12,0.7,12.34,M,40.00,M,11.0,0907*49
2021:01:22:11:02:21.940000,1611309741.94,$GPGGA,100221.00,6342.683180,N,01058.745155,E,2,12,0.7,12.32,M,40.00,M,7.0,0907*76
2021:01:22:11:02:23.941000,1611309743.941,$GPGGA,100223.00,6342.683159,N,01058.745233,E,2,12,0.7,12.34,M,40.00,M,9.0,0907*7B
2021:01:22:11:02:24.941000,1611309744.941,$GPGGA,100224.00,6342.683146,N,01058.745232,E,2,12,0.7,12.33,M,40.00,M,10.0,0907*4C
2021:01:22:11:02:25.941000,1611309745.941,$GPGGA,100225.00,6342.683119,N,01058.745261,E,2,12,0.7,12.34,M,40.00,M,6.0,0907*71
2021:01:22:11:02:26.941000,1611309746.941,$GPGGA,100226.00,6342.683087,N,01058.745244,E,2,12,0.7,12.35,M,40.00,M,7.0,0907*73
2021:01:22:11:02:27.941000,1611309747.941,$GPGGA,100227.00,6342.683067,N,01058.745201,E,2,12,0.7,12.33,M,40.00,M,8.0,0907*74
2021:01:22:11:02:28.941000,1611309748.941,$GPGGA,100228.00,6342.683045,N,01058.745204,E,2,12,0.7,12.33,M,40.00,M,9.0,0907*7F
2021:01:22:11:02:29.941000,1611309749.941,$GPGGA,100229.00,6342.683016,N,01058.745243,E,2,12,0.7,12.34,M,40.00,M,10.0,0907*44
2021:01:22:11:02:30.941000,1611309750.941,$GPGGA,100230.00,6342.683001,N,01058.745265,E,2,12,0.7,12.31,M,40.00,M,11.0,0907*4A
2021:01:22:11:02:31.941000,1611309751.941,$GPGGA,100231.00,6342.682981,N,01058.745324,E,2,12,0.7,12.33,M,40.00,M,12.0,0907*4E
2021:01:22:11:02:32.941000,1611309752.941,$GPGGA,100232.00,6342.682959,N,01058.745344,E,2,12,0.7,12.34,M,40.00,M,7.0,0907*7D
2021:01:22:11:02:33.941000,1611309753.941,$GPGGA,100233.00,6342.682947,N,01058.745339,E,2,12,0.7,12.32,M,40.00,M,8.0,0907*70
2021:01:22:11:02:35.941000,1611309755.941,$GPGGA,100235.00,6342.682904,N,01058.745380,E,2,12,0.7,12.35,M,40.00,M,5.0,0907*79
2021:01:22:11:02:36.941000,1611309756.941,$GPGGA,100236.00,6342.682905,N,01058.745434,E,2,12,0.7,12.35,M,40.00,M,6.0,0907*70
2021:01:22:11:02:37.942000,1611309757.942,$GPGGA,100237.00,6342.682897,N,01058.745377,E,2,12,0.7,12.30,M,40.00,M,7.0,0907*7F
2021:01:22:11:02:38.942000,1611309758.942,$GPGGA,100238.00,6342.682890,N,01058.745335,E,2,12,0.7,12.29,M,40.00,M,8.0,0907*76
2021:01:22:11:02:40.942000,1611309760.942,$GPGGA,100240.00,6342.682892,N,01058.745367,E,2,12,0.7,12.33,M,40.00,M,10.0,0907*4E
2021:01:22:11:02:41.942000,1611309761.942,$GPGGA,100241.00,6342.682890,N,01058.745266,E,2,12,0.7,12.30,M,40.00,M,11.0,0907*4F
2021:01:22:11:02:42.942000,1611309762.942,$GPGGA,100242.00,6342.682867,N,01058.745200,E,2,12,0.7,12.32,M,40.00,M,7.0,0907*71
2021:01:22:11:02:44.942000,1611309764.942,$GPGGA,100244.00,6342.682864,N,01058.744998,E,2,12,0.7,12.31,M,40.00,M,4.0,0907*7F
2021:01:22:11:02:45.942000,1611309765.942,$GPGGA,100245.00,6342.682848,N,01058.744995,E,2,12,0.7,12.33,M,40.00,M,5.0,0907*7E
2021:01:22:11:02:46.942000,1611309766.942,$GPGGA,100246.00,6342.682813,N,01058.744878,E,2,12,0.7,12.35,M,40.00,M,6.0,0907*74
2021:01:22:11:02:48.941000,1611309768.941,$GPGGA,100248.00,6342.682777,N,01058.744639,E,2,12,0.7,12.30,M,40.00,M,8.0,0907*77
2021:01:22:11:02:49.941000,1611309769.941,$GPGGA,100249.00,6342.682758,N,01058.744637,E,2,12,0.7,12.34,M,40.00,M,9.0,0907*70
2021:01:22:11:02:50.941000,1611309770.941,$GPGGA,100250.00,6342.682760,N,01058.744540,E,2,12,0.7,12.30,M,40.00,M,10.0,0907*4C
2021:01:22:11:02:51.942000,1611309771.942,$GPGGA,100251.00,6342.682727,N,01058.744455,E,2,12,0.7,12.28,M,40.00,M,11.0,0907*43
2021:01:22:11:02:52.942000,1611309772.942,$GPGGA,100252.00,6342.682716,N,01058.744439,E,2,12,0.7,12.33,M,40.00,M,7.0,0907*75
2021:01:22:11:02:53.942000,1611309773.942,$GPGGA,100253.00,6342.682707,N,01058.744359,E,2,12,0.7,12.33,M,40.00,M,8.0,0907*7A
2021:01:22:11:02:54.942000,1611309774.942,$GPGGA,100254.00,6342.682681,N,01058.744270,E,2,12,0.7,12.28,M,40.00,M,9.0,0907*73
2021:01:22:11:02:55.942000,1611309775.942,$GPGGA,100255.00,6342.682678,N,01058.744278,E,2,12,0.7,12.31,M,40.00,M,10.0,0907*4C
2021:01:22:11:02:56.942000,1611309776.942,$GPGGA,100256.00,6342.682672,N,01058.744221,E,2,12,0.7,12.34,M,40.00,M,11.0,0907*4D
2021:01:22:11:02:57.942000,1611309777.942,$GPGGA,100257.00,6342.682641,N,01058.744088,E,2,12,0.7,12.30,M,40.00,M,12.0,0907*4A
2021:01:22:11:02:58.942000,1611309778.942,$GPGGA,100258.00,6342.682633,N,01058.744071,E,2,12,0.7,12.30,M,40.00,M,7.0,0907*72
2021:01:22:11:03:00.942000,1611309780.942,$GPGGA,100300.00,6342.682581,N,01058.743952,E,2,12,0.7,12.29,M,40.00,M,9.0,0907*7D
2021:01:22:11:03:01.942000,1611309781.942,$GPGGA,100301.00,6342.682567,N,01058.743946,E,2,12,0.7,12.31,M,40.00,M,10.0,0907*40
2021:01:22:11:03:02.942000,1611309782.942,$GPGGA,100302.00,6342.682546,N,01058.743914,E,2,12,0.7,12.30,M,40.00,M,6.0,0907*71
2021:01:22:11:03:05.942000,1611309785.942,$GPGGA,100305.00,6342.682450,N,01058.743870,E,2,12,0.7,12.34,M,40.00,M,9.0,0907*78
2021:01:22:11:03:06.943000,1611309786.943,$GPGGA,100306.00,6342.682431,N,01058.743792,E,2,12,0.7,12.32,M,40.00,M,10.0,0907*41
2021:01:22:11:03:09.943000,1611309789.943,$GPGGA,100309.00,6342.682346,N,01058.743807,E,2,12,0.7,12.36,M,40.00,M,8.0,0907*77
2021:01:22:11:03:10.943000,1611309790.943,$GPGGA,100310.00,6342.682337,N,01058.743713,E,2,12,0.7,12.30,M,40.00,M,9.0,0907*74
2021:01:22:11:03:11.943000,1611309791.943,$GPGGA,100311.00,6342.682295,N,01058.743648,E,2,12,0.7,12.28,M,40.00,M,10.0,0907*42
2021:01:22:11:03:13.943000,1611309793.943,$GPGGA,100313.00,6342.682298,N,01058.743704,E,2,12,0.7,12.34,M,40.00,M,12.0,0907*4B
2021:01:22:11:03:14.943000,1611309794.943,$GPGGA,100314.00,6342.682300,N,01058.743680,E,2,12,0.7,12.31,M,40.00,M,13.0,0907*45
2021:01:22:11:03:15.943000,1611309795.943,$GPGGA,100315.00,6342.682283,N,01058.743653,E,2,12,0.7,12.30,M,40.00,M,9.0,0907*7A
2021:01:22:11:03:16.942000,1611309796.942,$GPGGA,100316.00,6342.682274,N,01058.743573,E,2,12,0.7,12.31,M,40.00,M,5.0,0907*7D
2021:01:22:11:03:17.943000,1611309797.943,$GPGGA,100317.00,6342.682269,N,01058.743512,E,2,12,0.7,12.30,M,40.00,M,6.0,0907*75
2021:01:22:11:03:18.942000,1611309798.942,$GPGGA,100318.00,6342.682274,N,01058.743582,E,2,12,0.7,12.31,M,40.00,M,7.0,0907*7F
2021:01:22:11:03:19.942000,1611309799.942,$GPGGA,100319.00,6342.682283,N,01058.743623,E,2,12,0.7,12.32,M,40.00,M,8.0,0907*72
2021:01:22:11:03:20.942000,1611309800.942,$GPGGA,100320.00,6342.682258,N,01058.743539,E,2,12,0.7,12.30,M,40.00,M,9.0,0907*75
2021:01:22:11:03:21.943000,1611309801.943,$GPGGA,100321.00,6342.682233,N,01058.743477,E,2,12,0.7,12.31,M,40.00,M,10.0,0907*4B
2021:01:22:11:03:22.943000,1611309802.943,$GPGGA,100322.00,6342.682248,N,01058.743532,E,2,12,0.7,12.31,M,40.00,M,11.0,0907*45
2021:01:22:11:03:23.943000,1611309803.943,$GPGGA,100323.00,6342.682246,N,01058.743546,E,2,12,0.7,12.30,M,40.00,M,12.0,0907*4B
2021:01:22:11:03:25.943000,1611309805.943,$GPGGA,100325.00,6342.682203,N,01058.743609,E,2,12,0.7,12.33,M,40.00,M,8.0,0907*7C
2021:01:22:11:03:26.943000,1611309806.943,$GPGGA,100326.00,6342.682215,N,01058.743584,E,2,12,0.7,12.30,M,40.00,M,9.0,0907*7C
2021:01:22:11:03:27.943000,1611309807.943,$GPGGA,100327.00,6342.682175,N,01058.743545,E,2,12,0.7,12.27,M,40.00,M,10.0,0907*4B
2021:01:22:11:03:29.943000,1611309809.943,$GPGGA,100329.00,6342.682193,N,01058.743740,E,2,12,0.7,12.34,M,40.00,M,7.0,0907*7E
2021:01:22:11:03:30.943000,1611309810.943,$GPGGA,100330.00,6342.682199,N,01058.743736,E,2,12,0.7,12.30,M,40.00,M,8.0,0907*76
2021:01:22:11:03:31.943000,1611309811.943,$GPGGA,100331.00,6342.682152,N,01058.743698,E,2,12,0.7,12.30,M,40.00,M,9.0,0907*74
2021:01:22:11:03:33.943000,1611309813.943,$GPGGA,100333.00,6342.682192,N,01058.743780,E,2,12,0.7,12.32,M,40.00,M,6.0,0907*7F
2021:01:22:11:03:34.943000,1611309814.943,$GPGGA,100334.00,6342.682183,N,01058.743787,E,2,12,0.7,12.29,M,40.00,M,7.0,0907*74
2021:01:22:11:03:35.943000,1611309815.943,$GPGGA,100335.00,6342.682182,N,01058.743824,E,2,12,0.7,12.31,M,40.00,M,8.0,0907*74
2021:01:22:11:03:36.944000,1611309816.944,$GPGGA,100336.00,6342.682200,N,01058.743868,E,2,12,0.7,12.34,M,40.00,M,9.0,0907*72
2021:01:22:11:03:38.944000,1611309818.944,$GPGGA,100338.00,6342.682223,N,01058.743854,E,2,12,0.7,12.29,M,40.00,M,11.0,0907*47
2021:01:22:11:03:39.944000,1611309819.944,$GPGGA,100339.00,6342.682229,N,01058.743940,E,2,12,0.7,12.34,M,40.00,M,7.0,0907*73
2021:01:22:11:03:40.944000,1611309820.944,$GPGGA,100340.00,6342.682240,N,01058.743926,E,2,12,0.7,12.34,M,40.00,M,8.0,0907*7D
2021:01:22:11:03:41.944000,1611309821.944,$GPGGA,100341.00,6342.682251,N,01058.743857,E,2,12,0.7,12.30,M,40.00,M,9.0,0907*7E
2021:01:22:11:03:42.944000,1611309822.944,$GPGGA,100342.00,6342.682268,N,01058.743872,E,2,12,0.7,12.32,M,40.00,M,10.0,0907*4A
2021:01:22:11:03:43.944000,1611309823.944,$GPGGA,100343.00,6342.682278,N,01058.743914,E,2,12,0.7,12.34,M,40.00,M,5.0,0907*79
2021:01:22:11:03:44.944000,1611309824.944,$GPGGA,100344.00,6342.682293,N,01058.743855,E,2,12,0.7,12.32,M,40.00,M,6.0,0907*7A
2021:01:22:11:03:45.943000,1611309825.943,$GPGGA,100345.00,6342.682302,N,01058.743831,E,2,12,0.7,12.31,M,40.00,M,7.0,0907*72
2021:01:22:11:03:46.943000,1611309826.943,$GPGGA,100346.00,6342.682333,N,01058.743866,E,2,12,0.7,12.33,M,40.00,M,8.0,0907*7C
2021:01:22:11:03:47.943000,1611309827.943,$GPGGA,100347.00,6342.682348,N,01058.743835,E,2,12,0.7,12.32,M,40.00,M,9.0,0907*77
2021:01:22:11:03:48.943000,1611309828.943,$GPGGA,100348.00,6342.682341,N,01058.743791,E,2,12,0.7,12.30,M,40.00,M,10.0,0907*4A
2021:01:22:11:03:50.943000,1611309830.943,$GPGGA,100350.00,6342.682378,N,01058.743788,E,2,12,0.7,12.32,M,40.00,M,7.0,0907*75
2021:01:22:11:03:51.944000,1611309831.944,$GPGGA,100351.00,6342.682368,N,01058.743766,E,2,12,0.7,12.30,M,40.00,M,8.0,0907*78
2021:01:22:11:03:52.944000,1611309832.944,$GPGGA,100352.00,6342.682365,N,01058.743814,E,2,12,0.7,12.34,M,40.00,M,9.0,0907*79
2021:01:22:11:03:54.944000,1611309834.944,$GPGGA,100354.00,6342.682360,N,01058.743796,E,2,12,0.7,12.34,M,40.00,M,6.0,0907*70
2021:01:22:11:03:55.944000,1611309835.944,$GPGGA,100355.00,6342.682347,N,01058.743734,E,2,12,0.7,12.33,M,40.00,M,7.0,0907*7A
2021:01:22:11:03:56.944000,1611309836.944,$GPGGA,100356.00,6342.682332,N,01058.743722,E,2,12,0.7,12.34,M,40.00,M,8.0,0907*74
2021:01:22:11:03:58.944000,1611309838.944,$GPGGA,100358.00,6342.682309,N,01058.743733,E,2,12,0.7,12.35,M,40.00,M,10.0,0907*4A
2021:01:22:11:03:59.944000,1611309839.944,$GPGGA,100359.00,6342.682297,N,01058.743719,E,2,12,0.7,12.33,M,40.00,M,5.0,0907*77
2021:01:22:11:04:00.944000,1611309840.944,$GPGGA,100400.00,6342.682271,N,01058.743669,E,2,12,0.7,12.32,M,40.00,M,6.0,0907*70
2021:01:22:11:04:01.944000,1611309841.944,$GPGGA,100401.00,6342.682246,N,01058.743659,E,2,12,0.7,12.33,M,40.00,M,7.0,0907*76
2021:01:22:11:04:02.944000,1611309842.944,$GPGGA,100402.00,6342.682235,N,01058.743647,E,2,12,0.7,12.34,M,40.00,M,8.0,0907*76
2021:01:22:11:04:03.944000,1611309843.944,$GPGGA,100403.00,6342.682218,N,01058.743580,E,2,12,0.7,12.34,M,40.00,M,9.0,0907*71
2021:01:22:11:04:04.944000,1611309844.944,$GPGGA,100404.00,6342.682182,N,01058.743501,E,2,12,0.7,12.32,M,40.00,M,10.0,0907*41
2021:01:22:11:04:05.944000,1611309845.944,$GPGGA,100405.00,6342.682154,N,01058.743438,E,2,12,0.7,12.32,M,40.00,M,11.0,0907*41
2021:01:22:11:04:06.945000,1611309846.945,$GPGGA,100406.00,6342.682152,N,01058.743445,E,2,12,0.7,12.33,M,40.00,M,7.0,0907*78
2021:01:22:11:04:07.945000,1611309847.945,$GPGGA,100407.00,6342.682135,N,01058.743430,E,2,12,0.7,12.33,M,40.00,M,8.0,0907*75
2021:01:22:11:04:08.945000,1611309848.945,$GPGGA,100408.00,6342.682104,N,01058.743377,E,2,12,0.7,12.30,M,40.00,M,4.0,0907*73
2021:01:22:11:04:10.945000,1611309850.945,$GPGGA,100410.00,6342.682111,N,01058.743387,E,2,12,0.7,12.34,M,40.00,M,6.0,0907*77
2021:01:22:11:04:11.945000,1611309851.945,$GPGGA,100411.00,6342.682073,N,01058.743329,E,2,12,0.8,12.31,M,40.00,M,7.0,0907*7C
2021:01:22:11:04:12.945000,1611309852.945,$GPGGA,100412.00,6342.682067,N,01058.743325,E,2,12,0.8,12.31,M,40.00,M,8.0,0907*79
2021:01:22:11:04:13.945000,1611309853.945,$GPGGA,100413.00,6342.682081,N,01058.743347,E,2,12,0.8,12.33,M,40.00,M,9.0,0907*77
2021:01:22:11:04:15.944000,1611309855.944,$GPGGA,100415.00,6342.682053,N,01058.743274,E,2,12,0.8,12.31,M,40.00,M,11.0,0907*44
2021:01:22:11:04:16.944000,1611309856.944,$GPGGA,100416.00,6342.682059,N,01058.743321,E,2,12,0.7,12.32,M,40.00,M,6.0,0907*76
2021:01:22:11:04:17.944000,1611309857.944,$GPGGA,100417.00,6342.682061,N,01058.743313,E,2,12,0.7,12.31,M,40.00,M,7.0,0907*7F
2021:01:22:11:04:19.944000,1611309859.944,$GPGGA,100419.00,6342.682053,N,01058.743306,E,2,12,0.7,12.30,M,40.00,M,9.0,0907*7B
2021:01:22:11:04:20.945000,1611309860.945,$GPGGA,100420.00,6342.682054,N,01058.743250,E,2,12,0.7,12.28,M,40.00,M,10.0,0907*45
2021:01:22:11:04:21.945000,1611309861.945,$GPGGA,100421.00,6342.682046,N,01058.743226,E,2,12,0.7,12.26,M,40.00,M,11.0,0907*49
2021:01:22:11:04:23.945000,1611309863.945,$GPGGA,100423.00,6342.682077,N,01058.743274,E,2,12,0.7,12.28,M,40.00,M,8.0,0907*78
2021:01:22:11:04:24.945000,1611309864.945,$GPGGA,100424.00,6342.682078,N,01058.743225,E,2,12,0.7,12.26,M,40.00,M,9.0,0907*7B
2021:01:22:11:04:25.945000,1611309865.945,$GPGGA,100425.00,6342.682053,N,01058.743173,E,2,12,0.7,12.28,M,40.00,M,10.0,0907*45
2021:01:22:11:04:27.945000,1611309867.945,$GPGGA,100427.00,6342.682097,N,01058.743154,E,2,12,0.7,12.29,M,40.00,M,7.0,0907*7D
2021:01:22:11:04:28.945000,1611309868.945,$GPGGA,100428.00,6342.682080,N,01058.743140,E,2,12,0.7,12.27,M,40.00,M,8.0,0907*70
2021:01:22:11:04:29.945000,1611309869.945,$GPGGA,100429.00,6342.682086,N,01058.743165,E,2,12,0.7,12.32,M,40.00,M,4.0,0907*78
2021:01:22:11:04:30.945000,1611309870.945,$GPGGA,100430.00,6342.682124,N,01058.743194,E,2,12,0.7,12.31,M,40.00,M,5.0,0907*75
2021:01:22:11:04:31.945000,1611309871.945,$GPGGA,100431.00,6342.682123,N,01058.743198,E,2,12,0.7,12.30,M,40.00,M,6.0,0907*7D
2021:01:22:11:04:32.945000,1611309872.945,$GPGGA,100432.00,6342.682102,N,01058.743201,E,2,12,0.7,12.31,M,40.00,M,7.0,0907*7E
2021:01:22:11:04:33.945000,1611309873.945,$GPGGA,100433.00,6342.682117,N,01058.743186,E,2,12,0.7,12.29,M,40.00,M,8.0,0907*71
2021:01:22:11:04:35.946000,1611309875.946,$GPGGA,100435.00,6342.682114,N,01058.743200,E,2,12,0.7,12.29,M,40.00,M,10.0,0907*40
2021:01:22:11:04:36.946000,1611309876.946,$GPGGA,100436.00,6342.682106,N,01058.743169,E,2,12,0.7,12.29,M,40.00,M,6.0,0907*7B
2021:01:22:11:04:37.946000,1611309877.946,$GPGGA,100437.00,6342.682103,N,01058.743184,E,2,12,0.7,12.30,M,40.00,M,7.0,0907*75
2021:01:22:11:04:40.946000,1611309880.946,$GPGGA,100440.00,6342.682106,N,01058.743297,E,2,12,0.7,12.32,M,40.00,M,10.0,0907*45
2021:01:22:11:04:41.946000,1611309881.946,$GPGGA,100441.00,6342.682091,N,01058.743282,E,2,12,0.7,12.29,M,40.00,M,11.0,0907*44
2021:01:22:11:04:44.945000,1611309884.945,$GPGGA,100444.00,6342.682102,N,01058.743413,E,2,12,0.7,12.33,M,40.00,M,9.0,0907*76
2021:01:22:11:04:45.945000,1611309885.945,$GPGGA,100445.00,6342.682119,N,01058.743402,E,2,12,0.7,12.31,M,40.00,M,10.0,0907*47
2021:01:22:11:04:46.945000,1611309886.945,$GPGGA,100446.00,6342.682147,N,01058.743403,E,2,12,0.7,12.29,M,40.00,M,11.0,0907*46
2021:01:22:11:04:47.945000,1611309887.945,$GPGGA,100447.00,6342.682130,N,01058.743466,E,2,12,0.7,12.35,M,40.00,M,12.0,0907*4A
2021:01:22:11:04:48.945000,1611309888.945,$GPGGA,100448.00,6342.682148,N,01058.743496,E,2,12,0.7,12.36,M,40.00,M,13.0,0907*47
2021:01:22:11:04:49.946000,1611309889.946,$GPGGA,100449.00,6342.682174,N,01058.743489,E,2,12,0.7,12.31,M,40.00,M,8.0,0907*7A
2021:01:22:11:04:50.946000,1611309890.946,$GPGGA,100450.00,6342.682170,N,01058.743456,E,2,12,0.7,12.31,M,40.00,M,9.0,0907*75
2021:01:22:11:04:51.946000,1611309891.946,$GPGGA,100451.00,6342.682182,N,01058.743464,E,2,12,0.7,12.34,M,40.00,M,10.0,0907*45
2021:01:22:11:04:52.946000,1611309892.946,$GPGGA,100452.00,6342.682216,N,01058.743466,E,2,12,0.7,12.34,M,40.00,M,11.0,0907*4B
2021:01:22:11:04:53.946000,1611309893.946,$GPGGA,100453.00,6342.682216,N,01058.743403,E,2,12,0.7,12.33,M,40.00,M,7.0,0907*79
2021:01:22:11:04:54.946000,1611309894.946,$GPGGA,100454.00,6342.682242,N,01058.743381,E,2,12,0.7,12.33,M,40.00,M,8.0,0907*7D
2021:01:22:11:04:55.946000,1611309895.946,$GPGGA,100455.00,6342.682279,N,01058.743382,E,2,12,0.7,12.34,M,40.00,M,9.0,0907*71
2021:01:22:11:04:56.946000,1611309896.946,$GPGGA,100456.00,6342.682296,N,01058.743329,E,2,12,0.7,12.34,M,40.00,M,10.0,0907*4A
2021:01:22:11:04:57.946000,1611309897.946,$GPGGA,100457.00,6342.682332,N,01058.743317,E,2,12,0.7,12.34,M,40.00,M,6.0,0907*7E
2021:01:22:11:04:58.946000,1611309898.946,$GPGGA,100458.00,6342.682376,N,01058.743329,E,2,12,0.7,12.35,M,40.00,M,7.0,0907*7C
2021:01:22:11:04:59.946000,1611309899.946,$GPGGA,100459.00,6342.682399,N,01058.743245,E,2,12,0.7,12.33,M,40.00,M,8.0,0907*7E
2021:01:22:11:05:00.946000,1611309900.946,$GPGGA,100500.00,6342.682439,N,01058.743213,E,2,12,0.7,12.33,M,40.00,M,9.0,0907*7C
2021:01:22:11:05:01.946000,1611309901.946,$GPGGA,100501.00,6342.682484,N,01058.743253,E,2,12,0.7,12.36,M,40.00,M,10.0,0907*42
2021:01:22:11:05:02.946000,1611309902.946,$GPGGA,100502.00,6342.682516,N,01058.743192,E,2,12,0.7,12.36,M,40.00,M,11.0,0907*44
2021:01:22:11:05:03.946000,1611309903.946,$GPGGA,100503.00,6342.682554,N,01058.743135,E,2,12,0.7,12.32,M,40.00,M,7.0,0907*7D
2021:01:22:11:05:04.947000,1611309904.947,$GPGGA,100504.00,6342.682595,N,01058.743179,E,2,12,0.7,12.33,M,40.00,M,8.0,0907*71
2021:01:22:11:05:05.947000,1611309905.947,$GPGGA,100505.00,6342.682624,N,01058.743149,E,2,12,0.7,12.33,M,40.00,M,9.0,0907*7B
2021:01:22:11:05:06.947000,1611309906.947,$GPGGA,100506.00,6342.682661,N,01058.743143,E,2,12,0.7,12.32,M,40.00,M,10.0,0907*4A
2021:01:22:11:05:07.947000,1611309907.947,$GPGGA,100507.00,6342.682701,N,01058.743194,E,2,12,0.7,12.33,M,40.00,M,11.0,0907*46
2021:01:22:11:05:09.947000,1611309909.947,$GPGGA,100509.00,6342.682757,N,01058.743166,E,2,12,0.7,12.30,M,40.00,M,8.0,0907*7D
2021:01:22:11:05:10.947000,1611309910.947,$GPGGA,100510.00,6342.682785,N,01058.743213,E,2,12,0.7,12.33,M,40.00,M,9.0,0907*79
2021:01:22:11:05:11.946000,1611309911.946,$GPGGA,100511.00,6342.682810,N,01058.743204,E,2,12,0.7,12.32,M,40.00,M,10.0,0907*44
2021:01:22:11:05:13.946000,1611309913.946,$GPGGA,100513.00,6342.682849,N,01058.743238,E,2,12,0.8,12.33,M,40.00,M,6.0,0907*7C
2021:01:22:11:05:14.946000,1611309914.946,$GPGGA,100514.00,6342.682868,N,01058.743217,E,2,12,0.8,12.33,M,40.00,M,7.0,0907*74
2021:01:22:11:05:15.946000,1611309915.946,$GPGGA,100515.00,6342.682888,N,01058.743220,E,2,12,0.8,12.32,M,40.00,M,8.0,0907*71
2021:01:22:11:05:17.946000,1611309917.946,$GPGGA,100517.00,6342.682914,N,01058.743223,E,2,12,0.8,12.32,M,40.00,M,10.0,0907*4D
2021:01:22:11:05:18.946000,1611309918.946,$GPGGA,100518.00,6342.682935,N,01058.743232,E,2,12,0.7,12.32,M,40.00,M,11.0,0907*4F
2021:01:22:11:05:19.947000,1611309919.947,$GPGGA,100519.00,6342.682952,N,01058.743167,E,2,12,0.7,12.31,M,40.00,M,12.0,0907*4C
2021:01:22:11:05:20.947000,1611309920.947,$GPGGA,100520.00,6342.682953,N,01058.743097,E,2,12,0.7,12.31,M,40.00,M,8.0,0907*72
2021:01:22:11:05:21.947000,1611309921.947,$GPGGA,100521.00,6342.682968,N,01058.743119,E,2,12,0.7,12.32,M,40.00,M,9.0,0907*7E
2021:01:22:11:05:22.947000,1611309922.947,$GPGGA,100522.00,6342.683010,N,01058.743111,E,2,12,0.7,12.34,M,40.00,M,10.0,0907*4C
2021:01:22:11:05:23.947000,1611309923.947,$GPGGA,100523.00,6342.683033,N,01058.743012,E,2,12,0.7,12.30,M,40.00,M,11.0,0907*4B
2021:01:22:11:05:25.947000,1611309925.947,$GPGGA,100525.00,6342.683092,N,01058.742983,E,2,12,0.7,12.32,M,40.00,M,13.0,0907*46
2021:01:22:11:05:26.947000,1611309926.947,$GPGGA,100526.00,6342.683137,N,01058.742935,E,2,12,0.8,12.32,M,40.00,M,8.0,0907*73
2021:01:22:11:05:27.947000,1611309927.947,$GPGGA,100527.00,6342.683155,N,01058.742887,E,2,12,0.8,12.32,M,40.00,M,9.0,0907*7F
2021:01:22:11:05:28.947000,1611309928.947,$GPGGA,100528.00,6342.683190,N,01058.742846,E,2,12,0.8,12.32,M,40.00,M,10.0,0907*4C
2021:01:22:11:05:29.947000,1611309929.947,$GPGGA,100529.00,6342.683248,N,01058.742776,E,2,12,0.8,12.31,M,40.00,M,11.0,0907*45
2021:01:22:11:05:30.947000,1611309930.947,$GPGGA,100530.00,6342.683264,N,01058.742743,E,2,12,0.8,12.33,M,40.00,M,8.0,0907*7F
2021:01:22:11:05:31.947000,1611309931.947,$GPGGA,100531.00,6342.683274,N,01058.742653,E,2,12,0.8,12.33,M,40.00,M,9.0,0907*7E
2021:01:22:11:05:33.947000,1611309933.947,$GPGGA,100533.00,6342.683328,N,01058.742528,E,2,12,0.7,12.30,M,40.00,M,5.0,0907*7B
2021:01:22:11:05:34.948000,1611309934.948,$GPGGA,100534.00,6342.683321,N,01058.742511,E,2,12,0.7,12.34,M,40.00,M,6.0,0907*78
2021:01:22:11:05:35.948000,1611309935.948,$GPGGA,100535.00,6342.683346,N,01058.742516,E,2,12,0.7,12.35,M,40.00,M,7.0,0907*7F
2021:01:22:11:05:37.948000,1611309937.948,$GPGGA,100537.00,6342.683310,N,01058.742325,E,2,12,0.8,12.32,M,40.00,M,9.0,0907*7E
2021:01:22:11:05:38.948000,1611309938.948,$GPGGA,100538.00,6342.683290,N,01058.742290,E,2,12,0.8,12.35,M,40.00,M,10.0,0907*48
2021:01:22:11:05:39.948000,1611309939.948,$GPGGA,100539.00,6342.683299,N,01058.742244,E,2,12,0.8,12.32,M,40.00,M,11.0,0907*4F
2021:01:22:11:05:40.947000,1611309940.947,$GPGGA,100540.00,6342.683260,N,01058.742211,E,2,12,0.8,12.32,M,40.00,M,7.0,0907*70
2021:01:22:11:05:41.947000,1611309941.947,$GPGGA,100541.00,6342.683218,N,01058.742144,E,2,12,0.8,12.35,M,40.00,M,8.0,0907*75
2021:01:22:11:05:42.947000,1611309942.947,$GPGGA,100542.00,6342.683206,N,01058.742107,E,2,12,0.8,12.35,M,40.00,M,9.0,0907*7F
2021:01:22:11:05:43.947000,1611309943.947,$GPGGA,100543.00,6342.683173,N,01058.742083,E,2,12,0.8,12.33,M,40.00,M,10.0,0907*4C
2021:01:22:11:05:45.947000,1611309945.947,$GPGGA,100545.00,6342.683072,N,01058.741920,E,2,12,0.7,12.36,M,40.00,M,12.0,0907*41
2021:01:22:11:05:46.947000,1611309946.947,$GPGGA,100546.00,6342.683038,N,01058.741892,E,2,12,0.7,12.35,M,40.00,M,8.0,0907*7C
2021:01:22:11:05:47.947000,1611309947.947,$GPGGA,100547.00,6342.682988,N,01058.741851,E,2,12,0.7,12.38,M,40.00,M,9.0,0907*7D
2021:01:22:11:05:48.948000,1611309948.948,$GPGGA,100548.00,6342.682946,N,01058.741804,E,2,12,0.7,12.39,M,40.00,M,10.0,0907*49
2021:01:22:11:05:49.948000,1611309949.948,$GPGGA,100549.00,6342.682916,N,01058.741769,E,2,12,0.8,12.35,M,40.00,M,11.0,0907*4B
2021:01:22:11:05:50.948000,1611309950.948,$GPGGA,100550.00,6342.682875,N,01058.741749,E,2,12,0.8,12.37,M,40.00,M,12.0,0907*44
2021:01:22:11:05:51.948000,1611309951.948,$GPGGA,100551.00,6342.682830,N,01058.741699,E,2,12,0.8,12.38,M,40.00,M,13.0,0907*46
2021:01:22:11:05:52.948000,1611309952.948,$GPGGA,100552.00,6342.682806,N,01058.741677,E,2,12,0.8,12.39,M,40.00,M,14.0,0907*46
2021:01:22:11:05:53.948000,1611309953.948,$GPGGA,100553.00,6342.682768,N,01058.741675,E,2,12,0.8,12.35,M,40.00,M,5.0,0907*7E
2021:01:22:11:05:54.948000,1611309954.948,$GPGGA,100554.00,6342.682728,N,01058.741604,E,2,12,0.8,12.33,M,40.00,M,6.0,0907*7E
2021:01:22:11:05:55.948000,1611309955.948,$GPGGA,100555.00,6342.682705,N,01058.741603,E,2,12,0.8,12.34,M,40.00,M,7.0,0907*71
2021:01:22:11:05:56.948000,1611309956.948,$GPGGA,100556.00,6342.682683,N,01058.741619,E,2,12,0.8,12.34,M,40.00,M,8.0,0907*79
2021:01:22:11:05:57.948000,1611309957.948,$GPGGA,100557.00,6342.682655,N,01058.741606,E,2,12,0.8,12.34,M,40.00,M,9.0,0907*7C
2021:01:22:11:05:58.948000,1611309958.948,$GPGGA,100558.00,6342.682628,N,01058.741566,E,2,12,0.8,12.33,M,40.00,M,10.0,0907*43
2021:01:22:11:05:59.948000,1611309959.948,$GPGGA,100559.00,6342.682597,N,01058.741503,E,2,12,0.7,12.32,M,40.00,M,11.0,0907*49
2021:01:22:11:06:00.948000,1611309960.948,$GPGGA,100600.00,6342.682574,N,01058.741459,E,2,12,0.7,12.31,M,40.00,M,7.0,0907*71
2021:01:22:11:06:01.948000,1611309961.948,$GPGGA,100601.00,6342.682570,N,01058.741455,E,2,12,0.7,12.33,M,40.00,M,8.0,0907*75
2021:01:22:11:06:02.948000,1611309962.948,$GPGGA,100602.00,6342.682545,N,01058.741454,E,2,12,0.7,12.33,M,40.00,M,9.0,0907*70
2021:01:22:11:06:03.949000,1611309963.949,$GPGGA,100603.00,6342.682512,N,01058.741412,E,2,12,0.7,12.32,M,40.00,M,4.0,0907*7D
2021:01:22:11:06:04.949000,1611309964.949,$GPGGA,100604.00,6342.682517,N,01058.741377,E,2,12,0.7,12.32,M,40.00,M,5.0,0907*7A
2021:01:22:11:06:05.949000,1611309965.949,$GPGGA,100605.00,6342.682516,N,01058.741408,E,2,12,0.7,12.34,M,40.00,M,6.0,0907*70
2021:01:22:11:06:06.949000,1611309966.949,$GPGGA,100606.00,6342.682500,N,01058.741400,E,2,12,0.7,12.33,M,40.00,M,7.0,0907*7A
2021:01:22:11:06:07.949000,1611309967.949,$GPGGA,100607.00,6342.682496,N,01058.741383,E,2,12,0.7,12.33,M,40.00,M,8.0,0907*76
2021:01:22:11:06:08.948000,1611309968.948,$GPGGA,100608.00,6342.682501,N,01058.741370,E,2,12,0.7,12.34,M,40.00,M,9.0,0907*7C
2021:01:22:11:06:09.948000,1611309969.948,$GPGGA,100609.00,6342.682510,N,01058.741403,E,2,12,0.7,12.35,M,40.00,M,5.0,0907*73
2021:01:22:11:06:10.948000,1611309970.948,$GPGGA,100610.00,6342.682530,N,01058.741476,E,2,12,0.7,12.35,M,40.00,M,6.0,0907*78
2021:01:22:11:06:11.948000,1611309971.948,$GPGGA,100611.00,6342.682548,N,01058.741478,E,2,12,0.7,12.32,M,40.00,M,7.0,0907*7E
2021:01:22:11:06:12.948000,1611309972.948,$GPGGA,100612.00,6342.682545,N,01058.741469,E,2,12,0.7,12.34,M,40.00,M,8.0,0907*79
2021:01:22:11:06:13.948000,1611309973.948,$GPGGA,100613.00,6342.682563,N,01058.741503,E,2,12,0.7,12.33,M,40.00,M,9.0,0907*77
2021:01:22:11:06:15.948000,1611309975.948,$GPGGA,100615.00,6342.682585,N,01058.741546,E,2,12,0.7,12.31,M,40.00,M,11.0,0907*43
2021:01:22:11:06:16.948000,1611309976.948,$GPGGA,100616.00,6342.682588,N,01058.741572,E,2,12,0.7,12.31,M,40.00,M,12.0,0907*49
2021:01:22:11:06:17.948000,1611309977.948,$GPGGA,100617.00,6342.682606,N,01058.741637,E,2,12,0.7,12.31,M,40.00,M,8.0,0907*74
2021:01:22:11:06:19.949000,1611309979.949,$GPGGA,100619.00,6342.682591,N,01058.741648,E,2,12,0.7,12.28,M,40.00,M,10.0,0907*4E
2021:01:22:11:06:20.949000,1611309980.949,$GPGGA,100620.00,6342.682593,N,01058.741744,E,2,12,0.7,12.30,M,40.00,M,11.0,0907*43
2021:01:22:11:06:21.949000,1611309981.949,$GPGGA,100621.00,6342.682571,N,01058.741683,E,2,12,0.7,12.28,M,40.00,M,12.0,0907*4E
2021:01:22:11:06:22.949000,1611309982.949,$GPGGA,100622.00,6342.682554,N,01058.741653,E,2,12,0.7,12.26,M,40.00,M,13.0,0907*48
2021:01:22:11:06:23.949000,1611309983.949,$GPGGA,100623.00,6342.682559,N,01058.741751,E,2,12,0.7,12.28,M,40.00,M,9.0,0907*72
2021:01:22:11:06:24.949000,1611309984.949,$GPGGA,100624.00,6342.682553,N,01058.741772,E,2,12,0.7,12.27,M,40.00,M,10.0,0907*49
2021:01:22:11:06:25.949000,1611309985.949,$GPGGA,100625.00,6342.682532,N,01058.741789,E,2,12,0.8,12.25,M,40.00,M,11.0,0907*47
2021:01:22:11:06:27.949000,1611309987.949,$GPGGA,100627.00,6342.682555,N,01058.741930,E,2,12,0.8,12.31,M,40.00,M,7.0,0907*7A
2021:01:22:11:06:28.949000,1611309988.949,$GPGGA,100628.00,6342.682552,N,01058.741948,E,2,12,0.8,12.27,M,40.00,M,8.0,0907*75
2021:01:22:11:06:29.949000,1611309989.949,$GPGGA,100629.00,6342.682543,N,01058.742072,E,2,12,0.8,12.30,M,40.00,M,9.0,0907*70
2021:01:22:11:06:30.949000,1611309990.949,$GPGGA,100630.00,6342.682565,N,01058.742170,E,2,12,0.7,12.32,M,40.00,M,5.0,0907*7E
2021:01:22:11:06:31.949000,1611309991.949,$GPGGA,100631.00,6342.682583,N,01058.742179,E,2,12,0.7,12.28,M,40.00,M,6.0,0907*76
2021:01:22:11:06:32.950000,1611309992.95,$GPGGA,100632.00,6342.682588,N,01058.742234,E,2,12,0.7,12.29,M,40.00,M,7.0,0907*74
2021:01:22:11:06:33.950000,1611309993.95,$GPGGA,100633.00,6342.682590,N,01058.742335,E,2,12,0.7,12.32,M,40.00,M,8.0,0907*79
2021:01:22:11:06:35.950000,1611309995.95,$GPGGA,100635.00,6342.682627,N,01058.742421,E,2,12,0.7,12.28,M,40.00,M,10.0,0907*40
2021:01:22:11:06:36.950000,1611309996.95,$GPGGA,100636.00,6342.682625,N,01058.742480,E,2,12,0.7,12.29,M,40.00,M,11.0,0907*4A
2021:01:22:11:06:37.950000,1611309997.95,$GPGGA,100637.00,6342.682633,N,01058.742594,E,2,12,0.7,12.34,M,40.00,M,7.0,0907*73
2021:01:22:11:06:39.949000,1611309999.949,$GPGGA,100639.00,6342.682662,N,01058.742622,E,2,12,0.7,12.29,M,40.00,M,9.0,0907*75
2021:01:22:11:06:40.949000,1611310000.949,$GPGGA,100640.00,6342.682658,N,01058.742690,E,2,12,0.7,12.31,M,40.00,M,4.0,0907*7F
2021:01:22:11:06:41.949000,1611310001.949,$GPGGA,100641.00,6342.682667,N,01058.742762,E,2,12,0.7,12.33,M,40.00,M,5.0,0907*7D
2021:01:22:11:06:43.949000,1611310003.949,$GPGGA,100643.00,6342.682706,N,01058.742852,E,2,12,0.7,12.33,M,40.00,M,7.0,0907*77
2021:01:22:11:06:44.949000,1611310004.949,$GPGGA,100644.00,6342.682706,N,01058.742885,E,2,12,0.7,12.34,M,40.00,M,8.0,0907*72
2021:01:22:11:06:45.949000,1611310005.949,$GPGGA,100645.00,6342.682703,N,01058.742861,E,2,12,0.7,12.33,M,40.00,M,9.0,0907*7A
2021:01:22:11:06:47.950000,1611310007.95,$GPGGA,100647.00,6342.682762,N,01058.742967,E,2,12,0.7,12.31,M,40.00,M,6.0,0907*75
2021:01:22:11:06:48.950000,1611310008.95,$GPGGA,100648.00,6342.682763,N,01058.743033,E,2,12,0.7,12.33,M,40.00,M,7.0,0907*71
2021:01:22:11:06:49.950000,1611310009.95,$GPGGA,100649.00,6342.682790,N,01058.743023,E,2,12,0.7,12.32,M,40.00,M,8.0,0907*73
2021:01:22:11:06:50.950000,1611310010.95,$GPGGA,100650.00,6342.682821,N,01058.742961,E,2,12,0.7,12.28,M,40.00,M,9.0,0907*7A
2021:01:22:11:06:51.950000,1611310011.95,$GPGGA,100651.00,6342.682820,N,01058.742981,E,2,12,0.7,12.32,M,40.00,M,10.0,0907*47
2021:01:22:11:06:52.950000,1611310012.95,$GPGGA,100652.00,6342.682852,N,01058.743081,E,2,12,0.7,12.35,M,40.00,M,11.0,0907*4F
2021:01:22:11:06:53.950000,1611310013.95,$GPGGA,100653.00,6342.682895,N,01058.743119,E,2,12,0.7,12.32,M,40.00,M,12.0,0907*41
2021:01:22:11:06:54.950000,1611310014.95,$GPGGA,100654.00,6342.682906,N,01058.743062,E,2,12,0.7,12.28,M,40.00,M,8.0,0907*70
2021:01:22:11:06:55.950000,1611310015.95,$GPGGA,100655.00,6342.682914,N,01058.743081,E,2,12,0.7,12.31,M,40.00,M,9.0,0907*76
2021:01:22:11:06:56.950000,1611310016.95,$GPGGA,100656.00,6342.682930,N,01058.743154,E,2,12,0.7,12.33,M,40.00,M,10.0,0907*40
2021:01:22:11:06:57.950000,1611310017.95,$GPGGA,100657.00,6342.682967,N,01058.743185,E,2,12,0.7,12.30,M,40.00,M,11.0,0907*4D
2021:01:22:11:06:58.950000,1611310018.95,$GPGGA,100658.00,6342.682993,N,01058.743198,E,2,12,0.7,12.26,M,40.00,M,6.0,0907*74
2021:01:22:11:06:59.950000,1611310019.95,$GPGGA,100659.00,6342.682983,N,01058.743235,E,2,12,0.7,12.29,M,40.00,M,7.0,0907*7E
2021:01:22:11:07:00.950000,1611310020.95,$GPGGA,100700.00,6342.682997,N,01058.743256,E,2,12,0.7,12.30,M,40.00,M,8.0,0907*74
2021:01:22:11:07:01.950000,1611310021.95,$GPGGA,100701.00,6342.683018,N,01058.743278,E,2,12,0.7,12.29,M,40.00,M,9.0,0907*7F
2021:01:22:11:07:02.951000,1611310022.951,$GPGGA,100702.00,6342.683024,N,01058.743269,E,2,12,0.7,12.26,M,40.00,M,10.0,0907*44
2021:01:22:11:07:03.951000,1611310023.951,$GPGGA,100703.00,6342.683030,N,01058.743318,E,2,12,0.7,12.26,M,40.00,M,11.0,0907*46
2021:01:22:11:07:04.951000,1611310024.951,$GPGGA,100704.00,6342.683031,N,01058.743331,E,2,12,0.7,12.27,M,40.00,M,7.0,0907*7D
2021:01:22:11:07:05.951000,1611310025.951,$GPGGA,100705.00,6342.683036,N,01058.743307,E,2,12,0.7,12.26,M,40.00,M,8.0,0907*70
2021:01:22:11:07:06.950000,1611310026.95,$GPGGA,100706.00,6342.683044,N,01058.743348,E,2,12,0.8,12.27,M,40.00,M,9.0,0907*72
2021:01:22:11:07:07.950000,1611310027.95,$GPGGA,100707.00,6342.683058,N,01058.743361,E,2,12,0.8,12.27,M,40.00,M,5.0,0907*79
2021:01:22:11:07:08.950000,1611310028.95,$GPGGA,100708.00,6342.683064,N,01058.743381,E,2,12,0.8,12.28,M,40.00,M,6.0,0907*7B
2021:01:22:11:07:09.950000,1611310029.95,$GPGGA,100709.00,6342.683061,N,01058.743380,E,2,12,0.7,12.31,M,40.00,M,7.0,0907*78
2021:01:22:11:07:10.950000,1611310030.95,$GPGGA,100710.00,6342.683073,N,01058.743343,E,2,12,0.7,12.28,M,40.00,M,8.0,0907*7B
2021:01:22:11:07:11.950000,1611310031.95,$GPGGA,100711.00,6342.683072,N,01058.743311,E,2,12,0.7,12.26,M,40.00,M,9.0,0907*73
2021:01:22:11:07:12.950000,1611310032.95,$GPGGA,100712.00,6342.683063,N,01058.743304,E,2,12,0.8,12.28,M,40.00,M,10.0,0907*4D
2021:01:22:11:07:13.950000,1611310033.95,$GPGGA,100713.00,6342.683086,N,01058.743342,E,2,12,0.8,12.29,M,40.00,M,11.0,0907*45
2021:01:22:11:07:14.950000,1611310034.95,$GPGGA,100714.00,6342.683096,N,01058.743313,E,2,12,0.8,12.27,M,40.00,M,7.0,0907*7E
2021:01:22:11:07:15.950000,1611310035.95,$GPGGA,100715.00,6342.683080,N,01058.743236,E,2,12,0.8,12.27,M,40.00,M,8.0,0907*71
2021:01:22:11:07:16.950000,1611310036.95,$GPGGA,100716.00,6342.683083,N,01058.743223,E,2,12,0.8,12.29,M,40.00,M,9.0,0907*7A
2021:01:22:11:07:17.951000,1611310037.951,$GPGGA,100717.00,6342.683093,N,01058.743240,E,2,12,0.8,12.29,M,40.00,M,10.0,0907*47
2021:01:22:11:07:18.951000,1611310038.951,$GPGGA,100718.00,6342.683081,N,01058.743197,E,2,12,0.8,12.29,M,40.00,M,11.0,0907*43
2021:01:22:11:07:19.951000,1611310039.951,$GPGGA,100719.00,6342.683074,N,01058.743174,E,2,12,0.8,12.28,M,40.00,M,12.0,0907*47
2021:01:22:11:07:20.951000,1611310040.951,$GPGGA,100720.00,6342.683089,N,01058.743189,E,2,12,0.8,12.29,M,40.00,M,13.0,0907*4D
2021:01:22:11:07:21.951000,1611310041.951,$GPGGA,100721.00,6342.683068,N,01058.743192,E,2,12,0.8,12.32,M,40.00,M,9.0,0907*78
2021:01:22:11:07:22.951000,1611310042.951,$GPGGA,100722.00,6342.683058,N,01058.743170,E,2,12,0.8,12.30,M,40.00,M,10.0,0907*4E
2021:01:22:11:07:23.951000,1611310043.951,$GPGGA,100723.00,6342.683062,N,01058.743170,E,2,12,0.8,12.29,M,40.00,M,11.0,0907*4F
2021:01:22:11:07:25.951000,1611310045.951,$GPGGA,100725.00,6342.683016,N,01058.743116,E,2,12,0.8,12.31,M,40.00,M,13.0,0907*41
2021:01:22:11:07:26.951000,1611310046.951,$GPGGA,100726.00,6342.683010,N,01058.743070,E,2,12,0.8,12.30,M,40.00,M,14.0,0907*43
2021:01:22:11:07:27.951000,1611310047.951,$GPGGA,100727.00,6342.682987,N,01058.743039,E,2,12,0.8,12.31,M,40.00,M,15.0,0907*49
2021:01:22:11:07:29.951000,1611310049.951,$GPGGA,100729.00,6342.682962,N,01058.743085,E,2,12,0.7,12.33,M,40.00,M,17.0,0907*44
2021:01:22:11:07:30.951000,1611310050.951,$GPGGA,100730.00,6342.682945,N,01058.743070,E,2,12,0.7,12.32,M,40.00,M,18.0,0907*4D
2021:01:22:11:07:31.952000,1611310051.952,$GPGGA,100731.00,6342.682909,N,01058.743018,E,2,12,0.7,12.30,M,40.00,M,8.0,0907*79
2021:01:22:11:07:33.952000,1611310053.952,$GPGGA,100733.00,6342.682907,N,01058.743043,E,2,12,0.7,12.30,M,40.00,M,10.0,0907*42
2021:01:22:11:07:34.952000,1611310054.952,$GPGGA,100734.00,6342.682890,N,01058.743052,E,2,12,0.7,12.30,M,40.00,M,11.0,0907*4B
2021:01:22:11:07:35.952000,1611310055.952,$GPGGA,100735.00,6342.682874,N,01058.743097,E,2,12,0.7,12.33,M,40.00,M,12.0,0907*49
2021:01:22:11:07:37.951000,1611310057.951,$GPGGA,100737.00,6342.682885,N,01058.743067,E,2,12,0.7,12.29,M,40.00,M,9.0,0907*7B
2021:01:22:11:07:38.951000,1611310058.951,$GPGGA,100738.00,6342.682876,N,01058.743135,E,2,12,0.7,12.32,M,40.00,M,10.0,0907*4C
2021:01:22:11:07:39.951000,1611310059.951,$GPGGA,100739.00,6342.682883,N,01058.743227,E,2,12,0.7,12.35,M,40.00,M,11.0,0907*41
2021:01:22:11:07:40.951000,1611310060.951,$GPGGA,100740.00,6342.682882,N,01058.743218,E,2,12,0.7,12.32,M,40.00,M,12.0,0907*46
2021:01:22:11:07:41.951000,1611310061.951,$GPGGA,100741.00,6342.682882,N,01058.743268,E,2,12,0.7,12.30,M,40.00,M,8.0,0907*79
2021:01:22:11:07:42.951000,1611310062.951,$GPGGA,100742.00,6342.682872,N,01058.743328,E,2,12,0.8,12.32,M,40.00,M,9.0,0907*7C
2021:01:22:11:07:43.951000,1611310063.951,$GPGGA,100743.00,6342.682869,N,01058.743380,E,2,12,0.8,12.32,M,40.00,M,10.0,0907*4D
2021:01:22:11:07:45.951000,1611310065.951,$GPGGA,100745.00,6342.682857,N,01058.743559,E,2,12,0.8,12.32,M,40.00,M,7.0,0907*72
2021:01:22:11:07:46.952000,1611310066.952,$GPGGA,100746.00,6342.682832,N,01058.743617,E,2,12,0.7,12.35,M,40.00,M,8.0,0907*7C
2021:01:22:11:07:47.952000,1611310067.952,$GPGGA,100747.00,6342.682828,N,01058.743648,E,2,12,0.7,12.33,M,40.00,M,9.0,0907*7B
2021:01:22:11:07:49.952000,1611310069.952,$GPGGA,100749.00,6342.682768,N,01058.743740,E,2,12,0.7,12.34,M,40.00,M,11.0,0907*49
2021:01:22:11:07:50.952000,1611310070.952,$GPGGA,100750.00,6342.682752,N,01058.743833,E,2,12,0.7,12.37,M,40.00,M,12.0,0907*43
2021:01:22:11:07:51.952000,1611310071.952,$GPGGA,100751.00,6342.682724,N,01058.743834,E,2,12,0.7,12.32,M,40.00,M,7.0,0907*75
2021:01:22:11:07:52.952000,1611310072.952,$GPGGA,100752.00,6342.682680,N,01058.743862,E,2,12,0.7,12.32,M,40.00,M,8.0,0907*75
2021:01:22:11:07:53.952000,1611310073.952,$GPGGA,100753.00,6342.682645,N,01058.743851,E,2,12,0.7,12.33,M,40.00,M,9.0,0907*7D
2021:01:22:11:07:54.952000,1611310074.952,$GPGGA,100754.00,6342.682612,N,01058.743858,E,2,12,0.7,12.29,M,40.00,M,5.0,0907*76
2021:01:22:11:07:55.952000,1611310075.952,$GPGGA,100755.00,6342.682591,N,01058.743949,E,2,12,0.7,12.29,M,40.00,M,6.0,0907*7D
2021:01:22:11:07:56.952000,1611310076.952,$GPGGA,100756.00,6342.682569,N,01058.744039,E,2,12,0.7,12.32,M,40.00,M,7.0,0907*7B
2021:01:22:11:07:57.952000,1611310077.952,$GPGGA,100757.00,6342.682537,N,01058.744026,E,2,12,0.8,12.30,M,40.00,M,8.0,0907*7D
2021:01:22:11:07:58.952000,1611310078.952,$GPGGA,100758.00,6342.682512,N,01058.744013,E,2,12,0.8,12.28,M,40.00,M,9.0,0907*7B
2021:01:22:11:07:59.952000,1611310079.952,$GPGGA,100759.00,6342.682494,N,01058.744048,E,2,12,0.8,12.29,M,40.00,M,10.0,0907*42
2021:01:22:11:08:00.952000,1611310080.952,$GPGGA,100800.00,6342.682460,N,01058.744067,E,2,12,0.7,12.30,M,40.00,M,11.0,0907*41
2021:01:22:11:08:01.953000,1611310081.953,$GPGGA,100801.00,6342.682435,N,01058.744096,E,2,12,0.7,12.29,M,40.00,M,7.0,0907*71
2021:01:22:11:08:02.953000,1611310082.953,$GPGGA,100802.00,6342.682410,N,01058.744087,E,2,12,0.7,12.28,M,40.00,M,8.0,0907*7B
2021:01:22:11:08:03.953000,1611310083.953,$GPGGA,100803.00,6342.682372,N,01058.744067,E,2,12,0.7,12.29,M,40.00,M,9.0,0907*77
2021:01:22:11:08:04.952000,1611310084.952,$GPGGA,100804.00,6342.682366,N,01058.744078,E,2,12,0.8,12.28,M,40.00,M,4.0,0907*78
2021:01:22:11:08:05.952000,1611310085.952,$GPGGA,100805.00,6342.682343,N,01058.744055,E,2,12,0.8,12.28,M,40.00,M,5.0,0907*70
2021:01:22:11:08:06.952000,1611310086.952,$GPGGA,100806.00,6342.682291,N,01058.744029,E,2,12,0.8,12.28,M,40.00,M,6.0,0907*75
2021:01:22:11:08:07.952000,1611310087.952,$GPGGA,100807.00,6342.682287,N,01058.744080,E,2,12,0.8,12.29,M,40.00,M,7.0,0907*70
2021:01:22:11:08:08.952000,1611310088.952,$GPGGA,100808.00,6342.682307,N,01058.744116,E,2,12,0.8,12.27,M,40.00,M,8.0,0907*79
2021:01:22:11:08:09.952000,1611310089.952,$GPGGA,100809.00,6342.682284,N,01058.744124,E,2,12,0.8,12.28,M,40.00,M,9.0,0907*7D
2021:01:22:11:08:10.952000,1611310090.952,$GPGGA,100810.00,6342.682248,N,01058.744104,E,2,12,0.8,12.29,M,40.00,M,5.0,0907*7A
2021:01:22:11:08:11.952000,1611310091.952,$GPGGA,100811.00,6342.682261,N,01058.744184,E,2,12,0.8,12.28,M,40.00,M,6.0,0907*7A
2021:01:22:11:08:12.952000,1611310092.952,$GPGGA,100812.00,6342.682278,N,01058.744254,E,2,12,0.8,12.27,M,40.00,M,7.0,0907*71
2021:01:22:11:08:13.952000,1611310093.952,$GPGGA,100813.00,6342.682270,N,01058.744272,E,2,12,0.8,12.27,M,40.00,M,8.0,0907*73
2021:01:22:11:08:14.952000,1611310094.952,$GPGGA,100814.00,6342.682269,N,01058.744376,E,2,12,0.7,12.29,M,40.00,M,9.0,0907*79
2021:01:22:11:08:15.952000,1611310095.952,$GPGGA,100815.00,6342.682271,N,01058.744435,E,2,12,0.7,12.29,M,40.00,M,10.0,0907*49
2021:01:22:11:08:16.953000,1611310096.953,$GPGGA,100816.00,6342.682282,N,01058.744416,E,2,12,0.7,12.26,M,40.00,M,11.0,0907*49
2021:01:22:11:08:17.953000,1611310097.953,$GPGGA,100817.00,6342.682289,N,01058.744511,E,2,12,0.7,12.28,M,40.00,M,12.0,0907*48
2021:01:22:11:08:19.953000,1611310099.953,$GPGGA,100819.00,6342.682289,N,01058.744683,E,2,12,0.7,12.31,M,40.00,M,9.0,0907*7C
2021:01:22:11:08:20.953000,1611310100.953,$GPGGA,100820.00,6342.682289,N,01058.744699,E,2,12,0.7,12.30,M,40.00,M,10.0,0907*44
2021:01:22:11:08:21.953000,1611310101.953,$GPGGA,100821.00,6342.682289,N,01058.744784,E,2,12,0.7,12.32,M,40.00,M,11.0,0907*4B
2021:01:22:11:08:23.953000,1611310103.953,$GPGGA,100823.00,6342.682261,N,01058.744759,E,2,12,0.7,12.29,M,40.00,M,8.0,0907*7D
2021:01:22:11:08:24.953000,1611310104.953,$GPGGA,100824.00,6342.682258,N,01058.744786,E,2,12,0.7,12.32,M,40.00,M,9.0,0907*79
2021:01:22:11:08:25.953000,1611310105.953,$GPGGA,100825.00,6342.682251,N,01058.744738,E,2,12,0.7,12.33,M,40.00,M,10.0,0907*4D
2021:01:22:11:08:27.953000,1611310107.953,$GPGGA,100827.00,6342.682204,N,01058.744549,E,2,12,0.7,12.28,M,40.00,M,12.0,0907*43
2021:01:22:11:08:28.953000,1611310108.953,$GPGGA,100828.00,6342.682191,N,01058.744491,E,2,12,0.7,12.29,M,40.00,M,13.0,0907*47
2021:01:22:11:08:29.953000,1611310109.953,$GPGGA,100829.00,6342.682192,N,01058.744541,E,2,12,0.7,12.34,M,40.00,M,14.0,0907*42
2021:01:22:11:08:30.953000,1611310110.953,$GPGGA,100830.00,6342.682174,N,01058.744476,E,2,12,0.7,12.34,M,40.00,M,15.0,0907*46
2021:01:22:11:08:31.954000,1611310111.954,$GPGGA,100831.00,6342.682143,N,01058.744326,E,2,12,0.7,12.27,M,40.00,M,5.0,0907*72
2021:01:22:11:08:32.954000,1611310112.954,$GPGGA,100832.00,6342.682108,N,01058.744226,E,2,12,0.7,12.30,M,40.00,M,6.0,0907*7A
2021:01:22:11:08:33.953000,1611310113.953,$GPGGA,100833.00,6342.682075,N,01058.744182,E,2,12,0.7,12.32,M,40.00,M,7.0,0907*7E
2021:01:22:11:08:35.953000,1611310115.953,$GPGGA,100835.00,6342.682029,N,01058.744063,E,2,12,0.8,12.28,M,40.00,M,9.0,0907*75
2021:01:22:11:08:36.953000,1611310116.953,$GPGGA,100836.00,6342.682006,N,01058.744054,E,2,12,0.8,12.31,M,40.00,M,10.0,0907*4F
2021:01:22:11:08:37.953000,1611310117.953,$GPGGA,100837.00,6342.681988,N,01058.744014,E,2,12,0.8,12.31,M,40.00,M,11.0,0907*47
2021:01:22:11:08:39.953000,1611310119.953,$GPGGA,100839.00,6342.681938,N,01058.743960,E,2,12,0.8,12.32,M,40.00,M,8.0,0907*74
2021:01:22:11:08:40.953000,1611310120.953,$GPGGA,100840.00,6342.681897,N,01058.743906,E,2,12,0.7,12.32,M,40.00,M,9.0,0907*70
2021:01:22:11:08:41.953000,1611310121.953,$GPGGA,100841.00,6342.681859,N,01058.743815,E,2,12,0.7,12.30,M,40.00,M,10.0,0907*4A
2021:01:22:11:08:43.953000,1611310123.953,$GPGGA,100843.00,6342.681821,N,01058.743730,E,2,12,0.8,12.30,M,40.00,M,12.0,0907*42
2021:01:22:11:08:44.953000,1611310124.953,$GPGGA,100844.00,6342.681766,N,01058.743646,E,2,12,0.8,12.28,M,40.00,M,13.0,0907*41
2021:01:22:11:08:45.954000,1611310125.954,$GPGGA,100845.00,6342.681758,N,01058.743656,E,2,12,0.7,12.27,M,40.00,M,9.0,0907*77
2021:01:22:11:08:46.954000,1611310126.954,$GPGGA,100846.00,6342.681758,N,01058.743696,E,2,12,0.7,12.29,M,40.00,M,10.0,0907*4E
2021:01:22:11:08:47.954000,1611310127.954,$GPGGA,100847.00,6342.681726,N,01058.743624,E,2,12,0.7,12.25,M,40.00,M,5.0,0907*77
2021:01:22:11:08:48.954000,1611310128.954,$GPGGA,100848.00,6342.681703,N,01058.743597,E,2,12,0.7,12.24,M,40.00,M,6.0,0907*76
2021:01:22:11:08:49.954000,1611310129.954,$GPGGA,100849.00,6342.681697,N,01058.743630,E,2,12,0.7,12.26,M,40.00,M,7.0,0907*76
2021:01:22:11:08:50.954000,1611310130.954,$GPGGA,100850.00,6342.681702,N,01058.743609,E,2,12,0.7,12.22,M,40.00,M,8.0,0907*72
2021:01:22:11:08:51.954000,1611310131.954,$GPGGA,100851.00,6342.681702,N,01058.743604,E,2,12,0.7,12.21,M,40.00,M,4.0,0907*71
2021:01:22:11:08:52.954000,1611310132.954,$GPGGA,100852.00,6342.681690,N,01058.743707,E,2,12,0.7,12.26,M,40.00,M,5.0,0907*7C
2021:01:22:11:08:53.954000,1611310133.954,$GPGGA,100853.00,6342.681699,N,01058.743761,E,2,12,0.7,12.25,M,40.00,M,6.0,0907*74
2021:01:22:11:08:54.954000,1611310134.954,$GPGGA,100854.00,6342.681710,N,01058.743719,E,2,12,0.7,12.17,M,40.00,M,7.0,0907*7C
2021:01:22:11:08:55.954000,1611310135.954,$GPGGA,100855.00,6342.681715,N,01058.743773,E,2,12,0.7,12.18,M,40.00,M,8.0,0907*74
2021:01:22:11:08:56.954000,1611310136.954,$GPGGA,100856.00,6342.681713,N,01058.743870,E,2,12,0.7,12.22,M,40.00,M,9.0,0907*75
2021:01:22:11:08:57.954000,1611310137.954,$GPGGA,100857.00,6342.681721,N,01058.743829,E,2,12,0.7,12.19,M,40.00,M,10.0,0907*49
2021:01:22:11:08:58.954000,1611310138.954,$GPGGA,100858.00,6342.681738,N,01058.743814,E,2,12,0.7,12.16,M,40.00,M,11.0,0907*4E
2021:01:22:11:08:59.954000,1611310139.954,$GPGGA,100859.00,6342.681739,N,01058.743833,E,2,12,0.7,12.21,M,40.00,M,7.0,0907*78
2021:01:22:11:09:00.955000,1611310140.955,$GPGGA,100900.00,6342.681747,N,01058.743847,E,2,12,0.7,12.20,M,40.00,M,8.0,0907*71
2021:01:22:11:09:01.954000,1611310141.954,$GPGGA,100901.00,6342.681770,N,01058.743857,E,2,12,0.7,12.25,M,40.00,M,4.0,0907*7C
2021:01:22:11:09:02.955000,1611310142.955,$GPGGA,100902.00,6342.681779,N,01058.743916,E,2,12,0.7,12.26,M,40.00,M,5.0,0907*70
2021:01:22:11:09:03.954000,1611310143.954,$GPGGA,100903.00,6342.681790,N,01058.743930,E,2,12,0.7,12.22,M,40.00,M,6.0,0907*75
2021:01:22:11:09:04.954000,1611310144.954,$GPGGA,100904.00,6342.681796,N,01058.743965,E,2,12,0.8,12.24,M,40.00,M,7.0,0907*7C
2021:01:22:11:09:05.954000,1611310145.954,$GPGGA,100905.00,6342.681809,N,01058.744025,E,2,12,0.8,12.25,M,40.00,M,8.0,0907*70
2021:01:22:11:09:06.954000,1611310146.954,$GPGGA,100906.00,6342.681818,N,01058.744022,E,2,12,0.8,12.23,M,40.00,M,9.0,0907*73
2021:01:22:11:09:07.954000,1611310147.954,$GPGGA,100907.00,6342.681831,N,01058.744031,E,2,12,0.8,12.22,M,40.00,M,10.0,0907*42
2021:01:22:11:09:08.954000,1611310148.954,$GPGGA,100908.00,6342.681870,N,01058.744084,E,2,12,0.7,12.27,M,40.00,M,5.0,0907*78
2021:01:22:11:09:09.954000,1611310149.954,$GPGGA,100909.00,6342.681875,N,01058.744095,E,2,12,0.7,12.27,M,40.00,M,6.0,0907*7F
2021:01:22:11:09:10.954000,1611310150.954,$GPGGA,100910.00,6342.681879,N,01058.744096,E,2,12,0.7,12.28,M,40.00,M,7.0,0907*76
2021:01:22:11:09:11.954000,1611310151.954,$GPGGA,100911.00,6342.681914,N,01058.744112,E,2,12,0.7,12.28,M,40.00,M,8.0,0907*7F
2021:01:22:11:09:12.954000,1611310152.954,$GPGGA,100912.00,6342.681932,N,01058.744062,E,2,12,0.7,12.27,M,40.00,M,9.0,0907*70
2021:01:22:11:09:13.954000,1611310153.954,$GPGGA,100913.00,6342.681930,N,01058.744039,E,2,12,0.7,12.29,M,40.00,M,10.0,0907*4B
2021:01:22:11:09:14.954000,1611310154.954,$GPGGA,100914.00,6342.681959,N,01058.744085,E,2,12,0.7,12.30,M,40.00,M,11.0,0907*4D
2021:01:22:11:09:15.955000,1611310155.955,$GPGGA,100915.00,6342.681993,N,01058.744026,E,2,12,0.7,12.27,M,40.00,M,7.0,0907*72
2021:01:22:11:09:16.955000,1611310156.955,$GPGGA,100916.00,6342.681993,N,01058.743967,E,2,12,0.7,12.29,M,40.00,M,8.0,0907*7B
2021:01:22:11:09:17.955000,1611310157.955,$GPGGA,100917.00,6342.682016,N,01058.743966,E,2,12,0.7,12.30,M,40.00,M,9.0,0907*75
2021:01:22:11:09:18.955000,1611310158.955,$GPGGA,100918.00,6342.682041,N,01058.743920,E,2,12,0.7,12.30,M,40.00,M,10.0,0907*42
2021:01:22:11:09:19.955000,1611310159.955,$GPGGA,100919.00,6342.682042,N,01058.743882,E,2,12,0.7,12.30,M,40.00,M,11.0,0907*48
2021:01:22:11:09:20.955000,1611310160.955,$GPGGA,100920.00,6342.682068,N,01058.743881,E,2,12,0.7,12.31,M,40.00,M,12.0,0907*4B
2021:01:22:11:09:21.955000,1611310161.955,$GPGGA,100921.00,6342.682095,N,01058.743845,E,2,12,0.7,12.32,M,40.00,M,13.0,0907*42
2021:01:22:11:09:22.955000,1611310162.955,$GPGGA,100922.00,6342.682093,N,01058.743806,E,2,12,0.7,12.32,M,40.00,M,9.0,0907*7B
2021:01:22:11:09:23.955000,1611310163.955,$GPGGA,100923.00,6342.682106,N,01058.743717,E,2,12,0.7,12.32,M,40.00,M,10.0,0907*40
2021:01:22:11:09:25.955000,1611310165.955,$GPGGA,100925.00,6342.682122,N,01058.743611,E,2,12,0.8,12.34,M,40.00,M,12.0,0907*4C
2021:01:22:11:09:26.955000,1611310166.955,$GPGGA,100926.00,6342.682152,N,01058.743585,E,2,12,0.8,12.33,M,40.00,M,13.0,0907*40
2021:01:22:11:09:27.955000,1611310167.955,$GPGGA,100927.00,6342.682160,N,01058.743523,E,2,12,0.8,12.36,M,40.00,M,14.0,0907*4E
2021:01:22:11:09:29.956000,1611310169.956,$GPGGA,100929.00,6342.682151,N,01058.743281,E,2,12,0.8,12.32,M,40.00,M,10.0,0907*4D
2021:01:22:11:09:30.955000,1611310170.955,$GPGGA,100930.00,6342.682171,N,01058.743268,E,2,12,0.7,12.35,M,40.00,M,11.0,0907*49
2021:01:22:11:09:31.955000,1611310171.955,$GPGGA,100931.00,6342.682161,N,01058.743252,E,2,12,0.7,12.38,M,40.00,M,12.0,0907*4E
2021:01:22:11:09:33.955000,1611310173.955,$GPGGA,100933.00,6342.682157,N,01058.743055,E,2,12,0.7,12.31,M,40.00,M,9.0,0907*7F
2021:01:22:11:09:34.955000,1611310174.955,$GPGGA,100934.00,6342.682132,N,01058.743010,E,2,12,0.7,12.32,M,40.00,M,5.0,0907*75
2021:01:22:11:09:35.955000,1611310175.955,$GPGGA,100935.00,6342.682144,N,01058.742987,E,2,12,0.7,12.33,M,40.00,M,6.0,0907*71
2021:01:22:11:09:37.955000,1611310177.955,$GPGGA,100937.00,6342.682133,N,01058.742915,E,2,12,0.7,12.31,M,40.00,M,8.0,0907*74
2021:01:22:11:09:38.955000,1611310178.955,$GPGGA,100938.00,6342.682124,N,01058.742805,E,2,12,0.7,12.29,M,40.00,M,4.0,0907*78
2021:01:22:11:09:39.955000,1611310179.955,$GPGGA,100939.00,6342.682119,N,01058.742730,E,2,12,0.7,12.31,M,40.00,M,5.0,0907*76
2021:01:22:11:09:40.955000,1611310180.955,$GPGGA,100940.00,6342.682112,N,01058.742724,E,2,12,0.7,12.30,M,40.00,M,6.0,0907*74
2021:01:22:11:09:41.955000,1611310181.955,$GPGGA,100941.00,6342.682116,N,01058.742752,E,2,12,0.7,12.28,M,40.00,M,7.0,0907*78
2021:01:22:11:09:42.955000,1611310182.955,$GPGGA,100942.00,6342.682110,N,01058.742689,E,2,12,0.7,12.26,M,40.00,M,8.0,0907*7B
2021:01:22:11:09:43.955000,1611310183.955,$GPGGA,100943.00,6342.682122,N,01058.742626,E,2,12,0.7,12.24,M,40.00,M,9.0,0907*7D
2021:01:22:11:09:45.956000,1611310185.956,$GPGGA,100945.00,6342.682093,N,01058.742574,E,2,12,0.7,12.29,M,40.00,M,6.0,0907*76
2021:01:22:11:09:46.956000,1611310186.956,$GPGGA,100946.00,6342.682114,N,01058.742568,E,2,12,0.7,12.27,M,40.00,M,7.0,0907*79
2021:01:22:11:09:47.956000,1611310187.956,$GPGGA,100947.00,6342.682118,N,01058.742516,E,2,12,0.7,12.24,M,40.00,M,8.0,0907*71
2021:01:22:11:09:49.956000,1611310189.956,$GPGGA,100949.00,6342.682122,N,01058.742423,E,2,12,0.8,12.24,M,40.00,M,10.0,0907*47
2021:01:22:11:09:50.956000,1611310190.956,$GPGGA,100950.00,6342.682139,N,01058.742406,E,2,12,0.8,12.23,M,40.00,M,11.0,0907*44
2021:01:22:11:09:51.956000,1611310191.956,$GPGGA,100951.00,6342.682156,N,01058.742403,E,2,12,0.8,12.22,M,40.00,M,12.0,0907*4B
2021:01:22:11:09:52.956000,1611310192.956,$GPGGA,100952.00,6342.682180,N,01058.742367,E,2,12,0.7,12.24,M,40.00,M,7.0,0907*7B
2021:01:22:11:09:53.956000,1611310193.956,$GPGGA,100953.00,6342.682206,N,01058.742353,E,2,12,0.7,12.23,M,40.00,M,8.0,0907*78
2021:01:22:11:09:54.956000,1611310194.956,$GPGGA,100954.00,6342.682223,N,01058.742365,E,2,12,0.7,12.26,M,40.00,M,9.0,0907*79
2021:01:22:11:09:55.956000,1611310195.956,$GPGGA,100955.00,6342.682263,N,01058.742346,E,2,12,0.7,12.27,M,40.00,M,5.0,0907*70
2021:01:22:11:09:56.956000,1611310196.956,$GPGGA,100956.00,6342.682305,N,01058.742299,E,2,12,0.7,12.25,M,40.00,M,6.0,0907*70
2021:01:22:11:09:57.956000,1611310197.956,$GPGGA,100957.00,6342.682320,N,01058.742329,E,2,12,0.7,12.26,M,40.00,M,7.0,0907*7E
2021:01:22:11:09:58.956000,1611310198.956,$GPGGA,100958.00,6342.682346,N,01058.742305,E,2,12,0.7,12.25,M,40.00,M,8.0,0907*73
2021:01:22:11:09:59.957000,1611310199.957,$GPGGA,100959.00,6342.682385,N,01058.742261,E,2,12,0.7,12.25,M,40.00,M,9.0,0907*7F
2021:01:22:11:10:00.956000,1611310200.956,$GPGGA,101000.00,6342.682412,N,01058.742235,E,2,12,0.7,12.24,M,40.00,M,10.0,0907*4A
2021:01:22:11:10:01.956000,1611310201.956,$GPGGA,101001.00,6342.682443,N,01058.742246,E,2,12,0.7,12.25,M,40.00,M,6.0,0907*7D
2021:01:22:11:10:02.956000,1611310202.956,$GPGGA,101002.00,6342.682472,N,01058.742282,E,2,12,0.7,12.28,M,40.00,M,7.0,0907*78
2021:01:22:11:10:03.956000,1611310203.956,$GPGGA,101003.00,6342.682490,N,01058.742269,E,2,12,0.7,12.28,M,40.00,M,8.0,0907*7F
2021:01:22:11:10:04.956000,1611310204.956,$GPGGA,101004.00,6342.682509,N,01058.742235,E,2,12,0.7,12.25,M,40.00,M,9.0,0907*7C
2021:01:22:11:10:05.956000,1611310205.956,$GPGGA,101005.00,6342.682524,N,01058.742250,E,2,12,0.7,12.27,M,40.00,M,5.0,0907*7F
2021:01:22:11:10:06.956000,1611310206.956,$GPGGA,101006.00,6342.682556,N,01058.742353,E,2,12,0.7,12.30,M,40.00,M,6.0,0907*7E
2021:01:22:11:10:07.956000,1611310207.956,$GPGGA,101007.00,6342.682582,N,01058.742411,E,2,12,0.7,12.30,M,40.00,M,7.0,0907*76
2021:01:22:11:10:08.956000,1611310208.956,$GPGGA,101008.00,6342.682586,N,01058.742447,E,2,12,0.7,12.31,M,40.00,M,8.0,0907*70
2021:01:22:11:10:09.956000,1611310209.956,$GPGGA,101009.00,6342.682614,N,01058.742455,E,2,12,0.7,12.28,M,40.00,M,9.0,0907*73
2021:01:22:11:10:10.956000,1611310210.956,$GPGGA,101010.00,6342.682624,N,01058.742490,E,2,12,0.7,12.27,M,40.00,M,10.0,0907*46
2021:01:22:11:10:11.956000,1611310211.956,$GPGGA,101011.00,6342.682629,N,01058.742623,E,2,12,0.7,12.33,M,40.00,M,6.0,0907*72
2021:01:22:11:10:12.956000,1611310212.956,$GPGGA,101012.00,6342.682678,N,01058.742775,E,2,12,0.7,12.33,M,40.00,M,7.0,0907*76
2021:01:22:11:10:13.957000,1611310213.957,$GPGGA,101013.00,6342.682697,N,01058.742816,E,2,12,0.7,12.28,M,40.00,M,8.0,0907*79
2021:01:22:11:10:14.957000,1611310214.957,$GPGGA,101014.00,6342.682680,N,01058.742818,E,2,12,0.7,12.28,M,40.00,M,9.0,0907*77
2021:01:22:11:10:15.957000,1611310215.957,$GPGGA,101015.00,6342.682702,N,01058.742936,E,2,12,0.7,12.30,M,40.00,M,4.0,0907*74
2021:01:22:11:10:16.957000,1611310216.957,$GPGGA,101016.00,6342.682742,N,01058.743062,E,2,12,0.7,12.29,M,40.00,M,5.0,0907*73
2021:01:22:11:10:17.957000,1611310217.957,$GPGGA,101017.00,6342.682754,N,01058.743156,E,2,12,0.7,12.28,M,40.00,M,6.0,0907*71
2021:01:22:11:10:18.957000,1611310218.957,$GPGGA,101018.00,6342.682763,N,01058.743258,E,2,12,0.7,12.31,M,40.00,M,7.0,0907*7E
2021:01:22:11:10:19.957000,1611310219.957,$GPGGA,101019.00,6342.682784,N,01058.743319,E,2,12,0.7,12.31,M,40.00,M,8.0,0907*7D
2021:01:22:11:10:20.957000,1611310220.957,$GPGGA,101020.00,6342.682812,N,01058.743375,E,2,12,0.7,12.31,M,40.00,M,9.0,0907*7C
2021:01:22:11:10:21.957000,1611310221.957,$GPGGA,101021.00,6342.682835,N,01058.743484,E,2,12,0.7,12.30,M,40.00,M,10.0,0907*48
2021:01:22:11:10:23.957000,1611310223.957,$GPGGA,101023.00,6342.682889,N,01058.743665,E,2,12,0.7,12.32,M,40.00,M,12.0,0907*40
2021:01:22:11:10:24.957000,1611310224.957,$GPGGA,101024.00,6342.682905,N,01058.743706,E,2,12,0.7,12.34,M,40.00,M,13.0,0907*41
2021:01:22:11:10:25.957000,1611310225.957,$GPGGA,101025.00,6342.682927,N,01058.743736,E,2,12,0.7,12.32,M,40.00,M,9.0,0907*7E
2021:01:22:11:10:27.956000,1611310227.956,$GPGGA,101027.00,6342.682977,N,01058.743877,E,2,12,0.7,12.32,M,40.00,M,11.0,0907*4A
2021:01:22:11:10:28.957000,1611310228.957,$GPGGA,101028.00,6342.682990,N,01058.743883,E,2,12,0.7,12.31,M,40.00,M,12.0,0907*47
2021:01:22:11:10:29.957000,1611310229.957,$GPGGA,101029.00,6342.682999,N,01058.743944,E,2,12,0.7,12.30,M,40.00,M,7.0,0907*70
2021:01:22:11:10:30.957000,1611310230.957,$GPGGA,101030.00,6342.683026,N,01058.743963,E,2,12,0.7,12.29,M,40.00,M,8.0,0907*76
2021:01:22:11:10:31.957000,1611310231.957,$GPGGA,101031.00,6342.683040,N,01058.743954,E,2,12,0.7,12.28,M,40.00,M,9.0,0907*73
2021:01:22:11:10:32.957000,1611310232.957,$GPGGA,101032.00,6342.683034,N,01058.744010,E,2,12,0.8,12.30,M,40.00,M,10.0,0907*43
2021:01:22:11:10:33.957000,1611310233.957,$GPGGA,101033.00,6342.683055,N,01058.744070,E,2,12,0.8,12.32,M,40.00,M,11.0,0907*40
2021:01:22:11:10:34.957000,1611310234.957,$GPGGA,101034.00,6342.683079,N,01058.744109,E,2,12,0.8,12.33,M,40.00,M,12.0,0907*44
2021:01:22:11:10:35.957000,1611310235.957,$GPGGA,101035.00,6342.683074,N,01058.744090,E,2,12,0.8,12.30,M,40.00,M,8.0,0907*71
2021:01:22:11:10:36.957000,1611310236.957,$GPGGA,101036.00,6342.683063,N,01058.744086,E,2,12,0.8,12.31,M,40.00,M,9.0,0907*73
2021:01:22:11:10:37.957000,1611310237.957,$GPGGA,101037.00,6342.683073,N,01058.744129,E,2,12,0.7,12.33,M,40.00,M,10.0,0907*42
2021:01:22:11:10:39.957000,1611310239.957,$GPGGA,101039.00,6342.683080,N,01058.744169,E,2,12,0.7,12.31,M,40.00,M,7.0,0907*70
2021:01:22:11:10:40.957000,1611310240.957,$GPGGA,101040.00,6342.683080,N,01058.744151,E,2,12,0.7,12.30,M,40.00,M,8.0,0907*7B
2021:01:22:11:10:41.957000,1611310241.957,$GPGGA,101041.00,6342.683078,N,01058.744126,E,2,12,0.7,12.30,M,40.00,M,9.0,0907*7C
2021:01:22:11:10:43.958000,1611310243.958,$GPGGA,101043.00,6342.683066,N,01058.744134,E,2,12,0.7,12.32,M,40.00,M,6.0,0907*7F
2021:01:22:11:10:44.958000,1611310244.958,$GPGGA,101044.00,6342.683075,N,01058.744152,E,2,12,0.7,12.32,M,40.00,M,7.0,0907*7B
2021:01:22:11:10:45.958000,1611310245.958,$GPGGA,101045.00,6342.683045,N,01058.744110,E,2,12,0.7,12.33,M,40.00,M,8.0,0907*71
2021:01:22:11:10:47.958000,1611310247.958,$GPGGA,101047.00,6342.683017,N,01058.744044,E,2,12,0.7,12.29,M,40.00,M,10.0,0907*46
2021:01:22:11:10:48.958000,1611310248.958,$GPGGA,101048.00,6342.682994,N,01058.744036,E,2,12,0.7,12.30,M,40.00,M,11.0,0907*46
2021:01:22:11:10:49.958000,1611310249.958,$GPGGA,101049.00,6342.682977,N,01058.744062,E,2,12,0.7,12.32,M,40.00,M,12.0,0907*4A
2021:01:22:11:10:50.958000,1611310250.958,$GPGGA,101050.00,6342.682972,N,01058.744078,E,2,12,0.8,12.32,M,40.00,M,13.0,0907*42
2021:01:22:11:10:51.958000,1611310251.958,$GPGGA,101051.00,6342.682951,N,01058.744039,E,2,12,0.8,12.31,M,40.00,M,14.0,0907*43
2021:01:22:11:10:52.958000,1611310252.958,$GPGGA,101052.00,6342.682934,N,01058.743998,E,2,12,0.8,12.27,M,40.00,M,9.0,0907*7D
2021:01:22:11:10:53.958000,1611310253.958,$GPGGA,101053.00,6342.682947,N,01058.744072,E,2,12,0.8,12.29,M,40.00,M,10.0,0907*44
2021:01:22:11:10:55.958000,1611310255.958,$GPGGA,101055.00,6342.682932,N,01058.744079,E,2,12,0.7,12.28,M,40.00,M,12.0,0907*47
2021:01:22:11:10:56.957000,1611310256.957,$GPGGA,101056.00,6342.682931,N,01058.744051,E,2,12,0.7,12.29,M,40.00,M,13.0,0907*4D
2021:01:22:11:10:57.958000,1611310257.958,$GPGGA,101057.00,6342.682915,N,01058.744055,E,2,12,0.7,12.30,M,40.00,M,14.0,0907*41
2021:01:22:11:10:58.958000,1611310258.958,$GPGGA,101058.00,6342.682901,N,01058.744103,E,2,12,0.7,12.30,M,40.00,M,15.0,0907*48
2021:01:22:11:10:59.958000,1611310259.958,$GPGGA,101059.00,6342.682904,N,01058.744116,E,2,12,0.8,12.29,M,40.00,M,16.0,0907*4C
2021:01:22:11:11:00.958000,1611310260.958,$GPGGA,101100.00,6342.682900,N,01058.744088,E,2,12,0.8,12.29,M,40.00,M,9.0,0907*7D
2021:01:22:11:11:01.958000,1611310261.958,$GPGGA,101101.00,6342.682864,N,01058.744034,E,2,12,0.8,12.29,M,40.00,M,10.0,0907*40
2021:01:22:11:11:02.958000,1611310262.958,$GPGGA,101102.00,6342.682835,N,01058.743974,E,2,12,0.8,12.30,M,40.00,M,9.0,0907*7D
2021:01:22:11:11:03.958000,1611310263.958,$GPGGA,101103.00,6342.682839,N,01058.743957,E,2,12,0.7,12.30,M,40.00,M,10.0,0907*46
2021:01:22:11:11:04.958000,1611310264.958,$GPGGA,101104.00,6342.682814,N,01058.743956,E,2,12,0.7,12.33,M,40.00,M,11.0,0907*4D
2021:01:22:11:11:05.958000,1611310265.958,$GPGGA,101105.00,6342.682796,N,01058.743892,E,2,12,0.7,12.31,M,40.00,M,12.0,0907*41
2021:01:22:11:11:06.958000,1611310266.958,$GPGGA,101106.00,6342.682797,N,01058.743843,E,2,12,0.7,12.28,M,40.00,M,8.0,0907*7C
2021:01:22:11:11:07.958000,1611310267.958,$GPGGA,101107.00,6342.682765,N,01058.743861,E,2,12,0.7,12.32,M,40.00,M,9.0,0907*7A
2021:01:22:11:11:08.958000,1611310268.958,$GPGGA,101108.00,6342.682757,N,01058.743777,E,2,12,0.7,12.32,M,40.00,M,10.0,0907*44
2021:01:22:11:11:09.958000,1611310269.958,$GPGGA,101109.00,6342.682770,N,01058.743712,E,2,12,0.8,12.27,M,40.00,M,6.0,0907*7F
2021:01:22:11:11:10.958000,1611310270.958,$GPGGA,101110.00,6342.682752,N,01058.743735,E,2,12,0.8,12.30,M,40.00,M,7.0,0907*75
2021:01:22:11:11:11.958000,1611310271.958,$GPGGA,101111.00,6342.682732,N,01058.743681,E,2,12,0.8,12.32,M,40.00,M,8.0,0907*71
2021:01:22:11:11:12.959000,1611310272.959,$GPGGA,101112.00,6342.682732,N,01058.743570,E,2,12,0.8,12.29,M,40.00,M,9.0,0907*74
2021:01:22:11:11:13.959000,1611310273.959,$GPGGA,101113.00,6342.682729,N,01058.743567,E,2,12,0.8,12.30,M,40.00,M,10.0,0907*49
2021:01:22:11:11:14.959000,1611310274.959,$GPGGA,101114.00,6342.682729,N,01058.743557,E,2,12,0.8,12.31,M,40.00,M,11.0,0907*4D
2021:01:22:11:11:15.959000,1611310275.959,$GPGGA,101115.00,6342.682736,N,01058.743484,E,2,12,0.8,12.29,M,40.00,M,6.0,0907*72
2021:01:22:11:11:16.959000,1611310276.959,$GPGGA,101116.00,6342.682731,N,01058.743470,E,2,12,0.8,12.29,M,40.00,M,7.0,0907*7C
2021:01:22:11:11:17.959000,1611310277.959,$GPGGA,101117.00,6342.682722,N,01058.743436,E,2,12,0.8,12.32,M,40.00,M,8.0,0907*78
2021:01:22:11:11:18.959000,1611310278.959,$GPGGA,101118.00,6342.682740,N,01058.743360,E,2,12,0.8,12.30,M,40.00,M,9.0,0907*74
2021:01:22:11:11:19.959000,1611310279.959,$GPGGA,101119.00,6342.682726,N,01058.743305,E,2,12,0.7,12.28,M,40.00,M,10.0,0907*48
2021:01:22:11:11:20.959000,1611310280.959,$GPGGA,101120.00,6342.682718,N,01058.743315,E,2,12,0.7,12.29,M,40.00,M,11.0,0907*4E
2021:01:22:11:11:21.959000,1611310281.959,$GPGGA,101121.00,6342.682730,N,01058.743301,E,2,12,0.8,12.30,M,40.00,M,12.0,0907*44
2021:01:22:11:11:22.959000,1611310282.959,$GPGGA,101122.00,6342.682719,N,01058.743235,E,2,12,0.8,12.26,M,40.00,M,13.0,0907*4C
2021:01:22:11:11:23.959000,1611310283.959,$GPGGA,101123.00,6342.682721,N,01058.743214,E,2,12,0.8,12.25,M,40.00,M,9.0,0907*7D
2021:01:22:11:11:25.958000,1611310285.958,$GPGGA,101125.00,6342.682668,N,01058.743034,E,2,12,0.8,12.25,M,40.00,M,6.0,0907*78
2021:01:22:11:11:26.958000,1611310286.958,$GPGGA,101126.00,6342.682669,N,01058.743005,E,2,12,0.8,12.25,M,40.00,M,7.0,0907*79
2021:01:22:11:11:27.959000,1611310287.959,$GPGGA,101127.00,6342.682675,N,01058.742970,E,2,12,0.8,12.23,M,40.00,M,8.0,0907*76
2021:01:22:11:11:28.959000,1611310288.959,$GPGGA,101128.00,6342.682623,N,01058.742871,E,2,12,0.8,12.23,M,40.00,M,9.0,0907*7B
2021:01:22:11:11:29.959000,1611310289.959,$GPGGA,101129.00,6342.682593,N,01058.742766,E,2,12,0.8,12.23,M,40.00,M,10.0,0907*43
2021:01:22:11:11:30.959000,1611310290.959,$GPGGA,101130.00,6342.682586,N,01058.742727,E,2,12,0.8,12.22,M,40.00,M,11.0,0907*4A
2021:01:22:11:11:31.959000,1611310291.959,$GPGGA,101131.00,6342.682559,N,01058.742646,E,2,12,0.8,12.19,M,40.00,M,12.0,0907*44
2021:01:22:11:11:32.959000,1611310292.959,$GPGGA,101132.00,6342.682522,N,01058.742559,E,2,12,0.8,12.18,M,40.00,M,13.0,0907*46
2021:01:22:11:11:33.959000,1611310293.959,$GPGGA,101133.00,6342.682507,N,01058.742517,E,2,12,0.8,12.24,M,40.00,M,7.0,0907*70
2021:01:22:11:11:34.959000,1611310294.959,$GPGGA,101134.00,6342.682493,N,01058.742458,E,2,12,0.8,12.23,M,40.00,M,8.0,0907*79
2021:01:22:11:11:35.959000,1611310295.959,$GPGGA,101135.00,6342.682463,N,01058.742398,E,2,12,0.8,12.23,M,40.00,M,9.0,0907*7D
2021:01:22:11:11:37.959000,1611310297.959,$GPGGA,101137.00,6342.682439,N,01058.742327,E,2,12,0.8,12.21,M,40.00,M,11.0,0907*4F
2021:01:22:11:11:38.959000,1611310298.959,$GPGGA,101138.00,6342.682410,N,01058.742313,E,2,12,0.8,12.21,M,40.00,M,12.0,0907*4F
2021:01:22:11:11:39.959000,1611310299.959,$GPGGA,101139.00,6342.682400,N,01058.742278,E,2,12,0.8,12.25,M,40.00,M,8.0,0907*7C
2021:01:22:11:11:41.959000,1611310301.959,$GPGGA,101141.00,6342.682374,N,01058.742222,E,2,12,0.8,12.26,M,40.00,M,10.0,0907*42
2021:01:22:11:11:42.960000,1611310302.96,$GPGGA,101142.00,6342.682379,N,01058.742247,E,2,12,0.7,12.26,M,40.00,M,11.0,0907*41
2021:01:22:11:11:43.960000,1611310303.96,$GPGGA,101143.00,6342.682385,N,01058.742270,E,2,12,0.7,12.26,M,40.00,M,12.0,0907*44
2021:01:22:11:11:45.960000,1611310305.96,$GPGGA,101145.00,6342.682389,N,01058.742308,E,2,12,0.7,12.27,M,40.00,M,14.0,0907*47
2021:01:22:11:11:46.960000,1611310306.96,$GPGGA,101146.00,6342.682401,N,01058.742330,E,2,12,0.7,12.27,M,40.00,M,10.0,0907*4C
2021:01:22:11:11:47.960000,1611310307.96,$GPGGA,101147.00,6342.682389,N,01058.742301,E,2,12,0.7,12.28,M,40.00,M,11.0,0907*46
2021:01:22:11:11:49.960000,1611310309.96,$GPGGA,101149.00,6342.682411,N,01058.742319,E,2,12,0.8,12.27,M,40.00,M,7.0,0907*70
2021:01:22:11:11:50.960000,1611310310.96,$GPGGA,101150.00,6342.682414,N,01058.742396,E,2,12,0.8,12.30,M,40.00,M,8.0,0907*73
2021:01:22:11:11:51.960000,1611310311.96,$GPGGA,101151.00,6342.682442,N,01058.742477,E,2,12,0.7,12.31,M,40.00,M,9.0,0907*76
2021:01:22:11:11:52.960000,1611310312.96,$GPGGA,101152.00,6342.682447,N,01058.742450,E,2,12,0.7,12.26,M,40.00,M,10.0,0907*4B
2021:01:22:11:11:53.960000,1611310313.96,$GPGGA,101153.00,6342.682433,N,01058.742440,E,2,12,0.7,12.28,M,40.00,M,6.0,0907*71
2021:01:22:11:11:54.959000,1611310314.959,$GPGGA,101154.00,6342.682447,N,01058.742553,E,2,12,0.7,12.33,M,40.00,M,7.0,0907*7D
2021:01:22:11:11:55.959000,1611310315.959,$GPGGA,101155.00,6342.682464,N,01058.742598,E,2,12,0.7,12.30,M,40.00,M,8.0,0907*76
2021:01:22:11:11:57.960000,1611310317.96,$GPGGA,101157.00,6342.682477,N,01058.742705,E,2,12,0.7,12.32,M,40.00,M,10.0,0907*4B
2021:01:22:11:11:58.960000,1611310318.96,$GPGGA,101158.00,6342.682488,N,01058.742754,E,2,12,0.7,12.34,M,40.00,M,11.0,0907*47
2021:01:22:11:11:59.960000,1611310319.96,$GPGGA,101159.00,6342.682516,N,01058.742864,E,2,12,0.7,12.33,M,40.00,M,12.0,0907*48
2021:01:22:11:12:00.960000,1611310320.96,$GPGGA,101200.00,6342.682541,N,01058.742992,E,2,12,0.7,12.32,M,40.00,M,7.0,0907*78
2021:01:22:11:12:01.960000,1611310321.96,$GPGGA,101201.00,6342.682544,N,01058.743006,E,2,12,0.8,12.30,M,40.00,M,8.0,0907*7B
2021:01:22:11:12:02.960000,1611310322.96,$GPGGA,101202.00,6342.682545,N,01058.743057,E,2,12,0.8,12.31,M,40.00,M,9.0,0907*7D
2021:01:22:11:12:03.960000,1611310323.96,$GPGGA,101203.00,6342.682568,N,01058.743194,E,2,12,0.8,12.33,M,40.00,M,5.0,0907*73
2021:01:22:11:12:04.960000,1611310324.96,$GPGGA,101204.00,6342.682615,N,01058.743314,E,2,12,0.8,12.32,M,40.00,M,6.0,0907*75
2021:01:22:11:12:05.960000,1611310325.96,$GPGGA,101205.00,6342.682646,N,01058.743405,E,2,12,0.8,12.31,M,40.00,M,7.0,0907*77
2021:01:22:11:12:06.960000,1611310326.96,$GPGGA,101206.00,6342.682639,N,01058.743458,E,2,12,0.7,12.34,M,40.00,M,8.0,0907*71
2021:01:22:11:12:07.960000,1611310327.96,$GPGGA,101207.00,6342.682681,N,01058.743549,E,2,12,0.7,12.36,M,40.00,M,9.0,0907*71
2021:01:22:11:12:08.960000,1611310328.96,$GPGGA,101208.00,6342.682738,N,01058.743659,E,2,12,0.7,12.35,M,40.00,M,10.0,0907*44
2021:01:22:11:12:09.960000,1611310329.96,$GPGGA,101209.00,6342.682753,N,01058.743745,E,2,12,0.7,12.33,M,40.00,M,11.0,0907*43
2021:01:22:11:12:10.960000,1611310330.96,$GPGGA,101210.00,6342.682763,N,01058.743783,E,2,12,0.7,12.34,M,40.00,M,7.0,0907*72
2021:01:22:11:12:11.960000,1611310331.96,$GPGGA,101211.00,6342.682812,N,01058.743835,E,2,12,0.7,12.35,M,40.00,M,8.0,0907*76
2021:01:22:11:12:12.961000,1611310332.961,$GPGGA,101212.00,6342.682858,N,01058.743987,E,2,12,0.7,12.30,M,40.00,M,4.0,0907*7A
2021:01:22:11:12:13.961000,1611310333.961,$GPGGA,101213.00,6342.682889,N,01058.744080,E,2,12,0.8,12.30,M,40.00,M,5.0,0907*70
2021:01:22:11:12:14.961000,1611310334.961,$GPGGA,101214.00,6342.682900,N,01058.744106,E,2,12,0.8,12.32,M,40.00,M,6.0,0907*79
2021:01:22:11:12:15.961000,1611310335.961,$GPGGA,101215.00,6342.682918,N,01058.744127,E,2,12,0.8,12.32,M,40.00,M,7.0,0907*73
2021:01:22:11:12:16.961000,1611310336.961,$GPGGA,101216.00,6342.682976,N,01058.744134,E,2,12,0.8,12.27,M,40.00,M,8.0,0907*71
2021:01:22:11:12:17.961000,1611310337.961,$GPGGA,101217.00,6342.683007,N,01058.744208,E,2,12,0.8,12.28,M,40.00,M,9.0,0907*7C
2021:01:22:11:12:18.961000,1611310338.961,$GPGGA,101218.00,6342.683016,N,01058.744309,E,2,12,0.8,12.33,M,40.00,M,10.0,0907*41
2021:01:22:11:12:19.961000,1611310339.961,$GPGGA,101219.00,6342.683054,N,01058.744313,E,2,12,0.8,12.29,M,40.00,M,11.0,0907*47
2021:01:22:11:12:20.961000,1611310340.961,$GPGGA,101220.00,6342.683093,N,01058.744339,E,2,12,0.8,12.26,M,40.00,M,12.0,0907*42
2021:01:22:11:12:21.961000,1611310341.961,$GPGGA,101221.00,6342.683101,N,01058.744384,E,2,12,0.8,12.29,M,40.00,M,13.0,0907*41
2021:01:22:11:12:22.961000,1611310342.961,$GPGGA,101222.00,6342.683132,N,01058.744428,E,2,12,0.8,12.28,M,40.00,M,14.0,0907*45
2021:01:22:11:12:23.961000,1611310343.961,$GPGGA,101223.00,6342.683160,N,01058.744460,E,2,12,0.8,12.25,M,40.00,M,15.0,0907*43
2021:01:22:11:12:24.960000,1611310344.96,$GPGGA,101224.00,6342.683155,N,01058.744400,E,2,12,0.8,12.22,M,40.00,M,10.0,0907*46
2021:01:22:11:12:25.960000,1611310345.96,$GPGGA,101225.00,6342.683182,N,01058.744465,E,2,12,0.8,12.24,M,40.00,M,11.0,0907*49
2021:01:22:11:12:27.961000,1611310347.961,$GPGGA,101227.00,6342.683210,N,01058.744469,E,2,12,0.8,12.17,M,40.00,M,8.0,0907*77
2021:01:22:11:12:28.961000,1611310348.961,$GPGGA,101228.00,6342.683223,N,01058.744469,E,2,12,0.8,12.17,M,40.00,M,9.0,0907*79
2021:01:22:11:12:29.961000,1611310349.961,$GPGGA,101229.00,6342.683238,N,01058.744602,E,2,12,0.8,12.22,M,40.00,M,10.0,0907*43
2021:01:22:11:12:31.961000,1611310351.961,$GPGGA,101231.00,6342.683258,N,01058.744445,E,2,12,0.8,12.17,M,40.00,M,7.0,0907*7D
2021:01:22:11:12:32.961000,1611310352.961,$GPGGA,101232.00,6342.683248,N,01058.744463,E,2,12,0.8,12.20,M,40.00,M,8.0,0907*70
2021:01:22:11:12:33.961000,1611310353.961,$GPGGA,101233.00,6342.683260,N,01058.744490,E,2,12,0.8,12.23,M,40.00,M,9.0,0907*75
2021:01:22:11:12:35.961000,1611310355.961,$GPGGA,101235.00,6342.683276,N,01058.744363,E,2,12,0.7,12.17,M,40.00,M,11.0,0907*4E
2021:01:22:11:12:36.961000,1611310356.961,$GPGGA,101236.00,6342.683271,N,01058.744341,E,2,12,0.7,12.24,M,40.00,M,6.0,0907*7C
2021:01:22:11:12:37.961000,1611310357.961,$GPGGA,101237.00,6342.683270,N,01058.744275,E,2,12,0.8,12.25,M,40.00,M,7.0,0907*75
2021:01:22:11:12:39.961000,1611310359.961,$GPGGA,101239.00,6342.683294,N,01058.744195,E,2,12,0.8,12.23,M,40.00,M,9.0,0907*74
2021:01:22:11:12:40.961000,1611310360.961,$GPGGA,101240.00,6342.683288,N,01058.744182,E,2,12,0.8,12.24,M,40.00,M,10.0,0907*4E
2021:01:22:11:12:41.961000,1611310361.961,$GPGGA,101241.00,6342.683296,N,01058.744146,E,2,12,0.8,12.24,M,40.00,M,11.0,0907*49
2021:01:22:11:12:42.962000,1611310362.962,$GPGGA,101242.00,6342.683307,N,01058.744092,E,2,12,0.8,12.24,M,40.00,M,12.0,0907*48
2021:01:22:11:12:43.962000,1611310363.962,$GPGGA,101243.00,6342.683307,N,01058.744075,E,2,12,0.8,12.26,M,40.00,M,13.0,0907*43
2021:01:22:11:12:44.962000,1611310364.962,$GPGGA,101244.00,6342.683308,N,01058.744075,E,2,12,0.8,12.27,M,40.00,M,14.0,0907*4D
2021:01:22:11:12:45.962000,1611310365.962,$GPGGA,101245.00,6342.683312,N,01058.744029,E,2,12,0.8,12.28,M,40.00,M,15.0,0907*40
2021:01:22:11:12:47.962000,1611310367.962,$GPGGA,101247.00,6342.683295,N,01058.743867,E,2,12,0.7,12.26,M,40.00,M,7.0,0907*7B
2021:01:22:11:12:48.962000,1611310368.962,$GPGGA,101248.00,6342.683282,N,01058.743848,E,2,12,0.8,12.30,M,40.00,M,8.0,0907*78
2021:01:22:11:12:49.962000,1611310369.962,$GPGGA,101249.00,6342.683283,N,01058.743778,E,2,12,0.8,12.28,M,40.00,M,9.0,0907*7C
2021:01:22:11:12:51.961000,1611310371.961,$GPGGA,101251.00,6342.683275,N,01058.743689,E,2,12,0.8,12.27,M,40.00,M,11.0,0907*45
2021:01:22:11:12:52.962000,1611310372.962,$GPGGA,101252.00,6342.683268,N,01058.743614,E,2,12,0.8,12.28,M,40.00,M,12.0,0907*42
2021:01:22:11:12:53.961000,1611310373.961,$GPGGA,101253.00,6342.683280,N,01058.743588,E,2,12,0.8,12.30,M,40.00,M,8.0,0907*71
2021:01:22:11:12:55.961000,1611310375.961,$GPGGA,101255.00,6342.683257,N,01058.743495,E,2,12,0.8,12.27,M,40.00,M,10.0,0907*4F
2021:01:22:11:12:56.961000,1611310376.961,$GPGGA,101256.00,6342.683251,N,01058.743464,E,2,12,0.7,12.29,M,40.00,M,11.0,0907*44
2021:01:22:11:12:57.962000,1611310377.962,$GPGGA,101257.00,6342.683249,N,01058.743478,E,2,12,0.7,12.31,M,40.00,M,12.0,0907*4B
2021:01:22:11:12:58.962000,1611310378.962,$GPGGA,101258.00,6342.683241,N,01058.743418,E,2,12,0.7,12.28,M,40.00,M,13.0,0907*43
2021:01:22:11:12:59.962000,1611310379.962,$GPGGA,101259.00,6342.683219,N,01058.743376,E,2,12,0.8,12.29,M,40.00,M,14.0,0907*49
2021:01:22:11:13:00.962000,1611310380.962,$GPGGA,101300.00,6342.683223,N,01058.743393,E,2,12,0.8,12.33,M,40.00,M,15.0,0907*4C
2021:01:22:11:13:01.962000,1611310381.962,$GPGGA,101301.00,6342.683213,N,01058.743369,E,2,12,0.8,12.31,M,40.00,M,11.0,0907*4D
2021:01:22:11:13:02.962000,1611310382.962,$GPGGA,101302.00,6342.683203,N,01058.743324,E,2,12,0.8,12.28,M,40.00,M,12.0,0907*4D
2021:01:22:11:13:03.962000,1611310383.962,$GPGGA,101303.00,6342.683186,N,01058.743318,E,2,12,0.8,12.27,M,40.00,M,8.0,0907*79
2021:01:22:11:13:04.962000,1611310384.962,$GPGGA,101304.00,6342.683175,N,01058.743298,E,2,12,0.8,12.29,M,40.00,M,9.0,0907*74
2021:01:22:11:13:05.962000,1611310385.962,$GPGGA,101305.00,6342.683186,N,01058.743282,E,2,12,0.8,12.27,M,40.00,M,10.0,0907*44
2021:01:22:11:13:06.962000,1611310386.962,$GPGGA,101306.00,6342.683167,N,01058.743273,E,2,12,0.8,12.27,M,40.00,M,11.0,0907*47
2021:01:22:11:13:07.962000,1611310387.962,$GPGGA,101307.00,6342.683155,N,01058.743263,E,2,12,0.8,12.28,M,40.00,M,6.0,0907*7F
2021:01:22:11:13:08.962000,1611310388.962,$GPGGA,101308.00,6342.683173,N,01058.743259,E,2,12,0.8,12.28,M,40.00,M,7.0,0907*7C
2021:01:22:11:13:09.962000,1611310389.962,$GPGGA,101309.00,6342.683158,N,01058.743227,E,2,12,0.8,12.28,M,40.00,M,8.0,0907*72
2021:01:22:11:13:10.962000,1611310390.962,$GPGGA,101310.00,6342.683140,N,01058.743206,E,2,12,0.8,12.27,M,40.00,M,4.0,0907*73
2021:01:22:11:13:11.963000,1611310391.963,$GPGGA,101311.00,6342.683162,N,01058.743212,E,2,12,0.8,12.28,M,40.00,M,5.0,0907*79
2021:01:22:11:13:12.963000,1611310392.963,$GPGGA,101312.00,6342.683171,N,01058.743170,E,2,12,0.8,12.25,M,40.00,M,6.0,0907*71
2021:01:22:11:13:13.963000,1611310393.963,$GPGGA,101313.00,6342.683163,N,01058.743177,E,2,12,0.8,12.29,M,40.00,M,7.0,0907*79
2021:01:22:11:13:14.963000,1611310394.963,$GPGGA,101314.00,6342.683175,N,01058.743173,E,2,12,0.7,12.30,M,40.00,M,8.0,0907*75
2021:01:22:11:13:15.963000,1611310395.963,$GPGGA,101315.00,6342.683215,N,01058.743133,E,2,12,0.7,12.27,M,40.00,M,9.0,0907*72
2021:01:22:11:13:16.963000,1611310396.963,$GPGGA,101316.00,6342.683222,N,01058.743074,E,2,12,0.7,12.26,M,40.00,M,10.0,0907*4E
2021:01:22:11:13:17.963000,1611310397.963,$GPGGA,101317.00,6342.683229,N,01058.743068,E,2,12,0.7,12.31,M,40.00,M,6.0,0907*78
2021:01:22:11:13:18.963000,1611310398.963,$GPGGA,101318.00,6342.683270,N,01058.743058,E,2,12,0.7,12.29,M,40.00,M,7.0,0907*70
2021:01:22:11:13:19.963000,1611310399.963,$GPGGA,101319.00,6342.683305,N,01058.743048,E,2,12,0.7,12.28,M,40.00,M,8.0,0907*7D
2021:01:22:11:13:20.963000,1611310400.963,$GPGGA,101320.00,6342.683325,N,01058.743001,E,2,12,0.7,12.30,M,40.00,M,9.0,0907*70
2021:01:22:11:13:21.962000,1611310401.962,$GPGGA,101321.00,6342.683328,N,01058.742968,E,2,12,0.7,12.31,M,40.00,M,10.0,0907*42
2021:01:22:11:13:22.962000,1611310402.962,$GPGGA,101322.00,6342.683346,N,01058.742971,E,2,12,0.7,12.31,M,40.00,M,11.0,0907*40
2021:01:22:11:13:23.962000,1611310403.962,$GPGGA,101323.00,6342.683380,N,01058.742916,E,2,12,0.7,12.28,M,40.00,M,12.0,0907*41
2021:01:22:11:13:24.962000,1611310404.962,$GPGGA,101324.00,6342.683367,N,01058.742868,E,2,12,0.7,12.28,M,40.00,M,8.0,0907*7C
2021:01:22:11:13:25.962000,1611310405.962,$GPGGA,101325.00,6342.683337,N,01058.742834,E,2,12,0.7,12.32,M,40.00,M,9.0,0907*7B
2021:01:22:11:13:26.963000,1611310406.963,$GPGGA,101326.00,6342.683338,N,01058.742783,E,2,12,0.7,12.32,M,40.00,M,4.0,0907*79
2021:01:22:11:13:27.963000,1611310407.963,$GPGGA,101327.00,6342.683331,N,01058.742765,E,2,12,0.7,12.31,M,40.00,M,5.0,0907*7B
2021:01:22:11:13:29.963000,1611310409.963,$GPGGA,101329.00,6342.683260,N,01058.742721,E,2,12,0.7,12.31,M,40.00,M,7.0,0907*72
2021:01:22:11:13:30.963000,1611310410.963,$GPGGA,101330.00,6342.683217,N,01058.742652,E,2,12,0.7,12.31,M,40.00,M,8.0,0907*70
2021:01:22:11:13:31.963000,1611310411.963,$GPGGA,101331.00,6342.683191,N,01058.742676,E,2,12,0.7,12.31,M,40.00,M,9.0,0907*7B
2021:01:22:11:13:32.963000,1611310412.963,$GPGGA,101332.00,6342.683157,N,01058.742702,E,2,12,0.7,12.30,M,40.00,M,10.0,0907*49
2021:01:22:11:13:33.963000,1611310413.963,$GPGGA,101333.00,6342.683111,N,01058.742684,E,2,12,0.7,12.30,M,40.00,M,11.0,0907*44
2021:01:22:11:13:34.963000,1611310414.963,$GPGGA,101334.00,6342.683070,N,01058.742677,E,2,12,0.7,12.31,M,40.00,M,7.0,0907*7F
2021:01:22:11:13:35.963000,1611310415.963,$GPGGA,101335.00,6342.683037,N,01058.742684,E,2,12,0.7,12.30,M,40.00,M,8.0,0907*7F
2021:01:22:11:13:37.963000,1611310417.963,$GPGGA,101337.00,6342.682942,N,01058.742647,E,2,12,0.7,12.30,M,40.00,M,5.0,0907*75
2021:01:22:11:13:38.963000,1611310418.963,$GPGGA,101338.00,6342.682913,N,01058.742630,E,2,12,0.7,12.29,M,40.00,M,6.0,0907*75
2021:01:22:11:13:39.963000,1611310419.963,$GPGGA,101339.00,6342.682880,N,01058.742565,E,2,12,0.7,12.25,M,40.00,M,7.0,0907*71
2021:01:22:11:13:41.964000,1611310421.964,$GPGGA,101341.00,6342.682818,N,01058.742688,E,2,12,0.7,12.28,M,40.00,M,9.0,0907*7C
2021:01:22:11:13:42.964000,1611310422.964,$GPGGA,101342.00,6342.682797,N,01058.742651,E,2,12,0.7,12.23,M,40.00,M,10.0,0907*40
2021:01:22:11:13:43.964000,1611310423.964,$GPGGA,101343.00,6342.682745,N,01058.742620,E,2,12,0.7,12.26,M,40.00,M,11.0,0907*4C
2021:01:22:11:13:45.964000,1611310425.964,$GPGGA,101345.00,6342.682686,N,01058.742571,E,2,12,0.7,12.22,M,40.00,M,8.0,0907*7F
2021:01:22:11:13:46.964000,1611310426.964,$GPGGA,101346.00,6342.682649,N,01058.742515,E,2,12,0.7,12.20,M,40.00,M,9.0,0907*7E
2021:01:22:11:13:47.964000,1611310427.964,$GPGGA,101347.00,6342.682607,N,01058.742529,E,2,12,0.7,12.28,M,40.00,M,5.0,0907*7E
2021:01:22:11:13:49.964000,1611310429.964,$GPGGA,101349.00,6342.682555,N,01058.742480,E,2,12,0.8,12.22,M,40.00,M,7.0,0907*71
2021:01:22:11:13:50.963000,1611310430.963,$GPGGA,101350.00,6342.682517,N,01058.742478,E,2,12,0.8,12.25,M,40.00,M,8.0,0907*70
2021:01:22:11:13:51.963000,1611310431.963,$GPGGA,101351.00,6342.682484,N,01058.742493,E,2,12,0.8,12.28,M,40.00,M,9.0,0907*73
2021:01:22:11:13:52.963000,1611310432.963,$GPGGA,101352.00,6342.682457,N,01058.742439,E,2,12,0.8,12.26,M,40.00,M,10.0,0907*48
2021:01:22:11:13:53.963000,1611310433.963,$GPGGA,101353.00,6342.682436,N,01058.742416,E,2,12,0.7,12.24,M,40.00,M,11.0,0907*4F
2021:01:22:11:13:54.963000,1611310434.963,$GPGGA,101354.00,6342.682413,N,01058.742408,E,2,12,0.7,12.27,M,40.00,M,6.0,0907*75
2021:01:22:11:13:55.963000,1611310435.963,$GPGGA,101355.00,6342.682381,N,01058.742404,E,2,12,0.7,12.28,M,40.00,M,7.0,0907*7A
2021:01:22:11:13:57.964000,1611310437.964,$GPGGA,101357.00,6342.682368,N,01058.742377,E,2,12,0.8,12.28,M,40.00,M,4.0,0907*70
2021:01:22:11:13:58.964000,1611310438.964,$GPGGA,101358.00,6342.682364,N,01058.742410,E,2,12,0.8,12.29,M,40.00,M,5.0,0907*75
2021:01:22:11:13:59.964000,1611310439.964,$GPGGA,101359.00,6342.682330,N,01058.742329,E,2,12,0.8,12.28,M,40.00,M,6.0,0907*7A
2021:01:22:11:14:01.964000,1611310441.964,$GPGGA,101401.00,6342.682329,N,01058.742327,E,2,12,0.7,12.30,M,40.00,M,8.0,0907*7E
2021:01:22:11:14:02.964000,1611310442.964,$GPGGA,101402.00,6342.682336,N,01058.742339,E,2,12,0.8,12.30,M,40.00,M,9.0,0907*72
2021:01:22:11:14:03.964000,1611310443.964,$GPGGA,101403.00,6342.682305,N,01058.742206,E,2,12,0.8,12.25,M,40.00,M,10.0,0907*42
2021:01:22:11:14:04.964000,1611310444.964,$GPGGA,101404.00,6342.682296,N,01058.742160,E,2,12,0.8,12.26,M,40.00,M,5.0,0907*7A
2021:01:22:11:14:05.964000,1611310445.964,$GPGGA,101405.00,6342.682322,N,01058.742182,E,2,12,0.8,12.28,M,40.00,M,6.0,0907*74
2021:01:22:11:14:06.964000,1611310446.964,$GPGGA,101406.00,6342.682322,N,01058.742127,E,2,12,0.8,12.27,M,40.00,M,7.0,0907*76
2021:01:22:11:14:07.964000,1611310447.964,$GPGGA,101407.00,6342.682321,N,01058.742087,E,2,12,0.8,12.25,M,40.00,M,8.0,0907*72
2021:01:22:11:14:08.964000,1611310448.964,$GPGGA,101408.00,6342.682352,N,01058.742087,E,2,12,0.8,12.27,M,40.00,M,9.0,0907*7A
2021:01:22:11:14:09.964000,1611310449.964,$GPGGA,101409.00,6342.682377,N,01058.742031,E,2,12,0.8,12.26,M,40.00,M,10.0,0907*48
2021:01:22:11:14:10.965000,1611310450.965,$GPGGA,101410.00,6342.682392,N,01058.742012,E,2,12,0.7,12.25,M,40.00,M,11.0,0907*47
2021:01:22:11:14:11.965000,1611310451.965,$GPGGA,101411.00,6342.682414,N,01058.741992,E,2,12,0.7,12.26,M,40.00,M,7.0,0907*79
2021:01:22:11:14:12.965000,1611310452.965,$GPGGA,101412.00,6342.682459,N,01058.741968,E,2,12,0.7,12.26,M,40.00,M,8.0,0907*79
2021:01:22:11:14:13.965000,1611310453.965,$GPGGA,101413.00,6342.682482,N,01058.741975,E,2,12,0.7,12.28,M,40.00,M,4.0,0907*70
2021:01:22:11:14:14.965000,1611310454.965,$GPGGA,101414.00,6342.682492,N,01058.741932,E,2,12,0.8,12.26,M,40.00,M,5.0,0907*75
2021:01:22:11:14:15.965000,1611310455.965,$GPGGA,101415.00,6342.682519,N,01058.741929,E,2,12,0.8,12.25,M,40.00,M,6.0,0907*7C
2021:01:22:11:14:16.965000,1611310456.965,$GPGGA,101416.00,6342.682536,N,01058.741967,E,2,12,0.8,12.25,M,40.00,M,7.0,0907*79
2021:01:22:11:14:17.965000,1611310457.965,$GPGGA,101417.00,6342.682551,N,01058.742004,E,2,12,0.8,12.25,M,40.00,M,8.0,0907*79
2021:01:22:11:14:18.965000,1611310458.965,$GPGGA,101418.00,6342.682577,N,01058.742072,E,2,12,0.8,12.23,M,40.00,M,9.0,0907*74
2021:01:22:11:14:19.964000,1611310459.964,$GPGGA,101419.00,6342.682563,N,01058.742071,E,2,12,0.8,12.22,M,40.00,M,10.0,0907*4A
2021:01:22:11:14:20.964000,1611310460.964,$GPGGA,101420.00,6342.682574,N,01058.742113,E,2,12,0.8,12.22,M,40.00,M,11.0,0907*42
2021:01:22:11:14:21.964000,1611310461.964,$GPGGA,101421.00,6342.682613,N,01058.742223,E,2,12,0.8,12.24,M,40.00,M,7.0,0907*70
2021:01:22:11:14:22.964000,1611310462.964,$GPGGA,101422.00,6342.682590,N,01058.742266,E,2,12,0.8,12.22,M,40.00,M,8.0,0907*73
2021:01:22:11:14:23.964000,1611310463.964,$GPGGA,101423.00,6342.682587,N,01058.742326,E,2,12,0.8,12.22,M,40.00,M,9.0,0907*70
2021:01:22:11:14:24.964000,1611310464.964,$GPGGA,101424.00,6342.682628,N,01058.742457,E,2,12,0.8,12.23,M,40.00,M,10.0,0907*49
2021:01:22:11:14:25.965000,1611310465.965,$GPGGA,101425.00,6342.682637,N,01058.742542,E,2,12,0.8,12.23,M,40.00,M,11.0,0907*42
2021:01:22:11:14:26.965000,1611310466.965,$GPGGA,101426.00,6342.682629,N,01058.742593,E,2,12,0.7,12.20,M,40.00,M,12.0,0907*4D
2021:01:22:11:14:27.965000,1611310467.965,$GPGGA,101427.00,6342.682650,N,01058.742681,E,2,12,0.7,12.25,M,40.00,M,7.0,0907*73
2021:01:22:11:14:28.965000,1611310468.965,$GPGGA,101428.00,6342.682676,N,01058.742800,E,2,12,0.7,12.27,M,40.00,M,8.0,0907*72
2021:01:22:11:14:29.965000,1611310469.965,$GPGGA,101429.00,6342.682697,N,01058.742865,E,2,12,0.8,12.25,M,40.00,M,9.0,0907*73
2021:01:22:11:14:31.965000,1611310471.965,$GPGGA,101431.00,6342.682743,N,01058.743055,E,2,12,0.8,12.27,M,40.00,M,6.0,0907*75
2021:01:22:11:14:32.965000,1611310472.965,$GPGGA,101432.00,6342.682769,N,01058.743209,E,2,12,0.8,12.29,M,40.00,M,7.0,0907*7A
2021:01:22:11:14:33.965000,1611310473.965,$GPGGA,101433.00,6342.682801,N,01058.743314,E,2,12,0.8,12.29,M,40.00,M,8.0,0907*78
2021:01:22:11:14:35.965000,1611310475.965,$GPGGA,101435.00,6342.682848,N,01058.743524,E,2,12,0.8,12.29,M,40.00,M,10.0,0907*4F
2021:01:22:11:14:36.965000,1611310476.965,$GPGGA,101436.00,6342.682867,N,01058.743601,E,2,12,0.8,12.29,M,40.00,M,11.0,0907*44
2021:01:22:11:14:37.965000,1611310477.965,$GPGGA,101437.00,6342.682893,N,01058.743616,E,2,12,0.8,12.28,M,40.00,M,7.0,0907*7E
2021:01:22:11:14:39.966000,1611310479.966,$GPGGA,101439.00,6342.682950,N,01058.743849,E,2,12,0.8,12.31,M,40.00,M,9.0,0907*7C
2021:01:22:11:14:40.966000,1611310480.966,$GPGGA,101440.00,6342.682968,N,01058.743878,E,2,12,0.8,12.29,M,40.00,M,5.0,0907*7E
2021:01:22:11:14:41.966000,1611310481.966,$GPGGA,101441.00,6342.682985,N,01058.743949,E,2,12,0.8,12.29,M,40.00,M,6.0,0907*7C
2021:01:22:11:14:42.966000,1611310482.966,$GPGGA,101442.00,6342.683015,N,01058.743960,E,2,12,0.8,12.28,M,40.00,M,7.0,0907*75
2021:01:22:11:14:43.966000,1611310483.966,$GPGGA,101443.00,6342.683037,N,01058.743946,E,2,12,0.8,12.28,M,40.00,M,8.0,0907*7F
2021:01:22:11:14:44.966000,1611310484.966,$GPGGA,101444.00,6342.683058,N,01058.744015,E,2,12,0.8,12.29,M,40.00,M,9.0,0907*79
2021:01:22:11:14:45.966000,1611310485.966,$GPGGA,101445.00,6342.683083,N,01058.744012,E,2,12,0.8,12.26,M,40.00,M,10.0,0907*4E
2021:01:22:11:14:46.966000,1611310486.966,$GPGGA,101446.00,6342.683095,N,01058.743962,E,2,12,0.8,12.26,M,40.00,M,11.0,0907*42
2021:01:22:11:14:47.966000,1611310487.966,$GPGGA,101447.00,6342.683126,N,01058.744128,E,2,12,0.8,12.30,M,40.00,M,12.0,0907*4F
2021:01:22:11:14:48.965000,1611310488.965,$GPGGA,101448.00,6342.683153,N,01058.744266,E,2,12,0.8,12.30,M,40.00,M,7.0,0907*7F
2021:01:22:11:14:49.965000,1611310489.965,$GPGGA,101449.00,6342.683146,N,01058.744158,E,2,12,0.8,12.24,M,40.00,M,8.0,0907*7E
2021:01:22:11:14:51.965000,1611310491.965,$GPGGA,101451.00,6342.683130,N,01058.744312,E,2,12,0.7,12.30,M,40.00,M,10.0,0907*49
2021:01:22:11:14:52.965000,1611310492.965,$GPGGA,101452.00,6342.683136,N,01058.744390,E,2,12,0.7,12.28,M,40.00,M,11.0,0907*4E
2021:01:22:11:14:53.965000,1611310493.965,$GPGGA,101453.00,6342.683130,N,01058.744419,E,2,12,0.7,12.24,M,40.00,M,12.0,0907*40
2021:01:22:11:14:55.966000,1611310495.966,$GPGGA,101455.00,6342.683095,N,01058.744573,E,2,12,0.8,12.30,M,40.00,M,14.0,0907*49
2021:01:22:11:14:56.966000,1611310496.966,$GPGGA,101456.00,6342.683097,N,01058.744578,E,2,12,0.8,12.27,M,40.00,M,15.0,0907*44
2021:01:22:11:14:57.966000,1611310497.966,$GPGGA,101457.00,6342.683072,N,01058.744662,E,2,12,0.8,12.28,M,40.00,M,16.0,0907*4A
2021:01:22:11:14:59.966000,1611310499.966,$GPGGA,101459.00,6342.683038,N,01058.744657,E,2,12,0.8,12.31,M,40.00,M,10.0,0907*42
2021:01:22:11:15:00.966000,1611310500.966,$GPGGA,101500.00,6342.683021,N,01058.744661,E,2,12,0.8,12.30,M,40.00,M,11.0,0907*42
2021:01:22:11:15:01.966000,1611310501.966,$GPGGA,101501.00,6342.682996,N,01058.744723,E,2,12,0.8,12.31,M,40.00,M,12.0,0907*42
2021:01:22:11:15:02.966000,1611310502.966,$GPGGA,101502.00,6342.682991,N,01058.744771,E,2,12,0.8,12.32,M,40.00,M,10.0,0907*40
2021:01:22:11:15:03.966000,1611310503.966,$GPGGA,101503.00,6342.682973,N,01058.744805,E,2,12,0.8,12.31,M,40.00,M,11.0,0907*43
2021:01:22:11:15:04.966000,1611310504.966,$GPGGA,101504.00,6342.682952,N,01058.744837,E,2,12,0.8,12.29,M,40.00,M,6.0,0907*79
2021:01:22:11:15:05.966000,1611310505.966,$GPGGA,101505.00,6342.682941,N,01058.744844,E,2,12,0.8,12.30,M,40.00,M,7.0,0907*77
2021:01:22:11:15:06.966000,1611310506.966,$GPGGA,101506.00,6342.682919,N,01058.744799,E,2,12,0.8,12.28,M,40.00,M,8.0,0907*70
2021:01:22:11:15:07.966000,1611310507.966,$GPGGA,101507.00,6342.682877,N,01058.744798,E,2,12,0.8,12.29,M,40.00,M,9.0,0907*79
2021:01:22:11:15:08.967000,1611310508.967,$GPGGA,101508.00,6342.682856,N,01058.744832,E,2,12,0.8,12.31,M,40.00,M,5.0,0907*7F
2021:01:22:11:15:09.967000,1611310509.967,$GPGGA,101509.00,6342.682866,N,01058.744832,E,2,12,0.8,12.30,M,40.00,M,6.0,0907*7F
2021:01:22:11:15:10.967000,1611310510.967,$GPGGA,101510.00,6342.682849,N,01058.744856,E,2,12,0.8,12.29,M,40.00,M,7.0,0907*71
2021:01:22:11:15:11.967000,1611310511.967,$GPGGA,101511.00,6342.682801,N,01058.744873,E,2,12,0.8,12.31,M,40.00,M,8.0,0907*7D
2021:01:22:11:15:12.967000,1611310512.967,$GPGGA,101512.00,6342.682795,N,01058.744883,E,2,12,0.8,12.33,M,40.00,M,9.0,0907*70
2021:01:22:11:15:13.967000,1611310513.967,$GPGGA,101513.00,6342.682801,N,01058.744871,E,2,12,0.8,12.32,M,40.00,M,10.0,0907*47
2021:01:22:11:15:14.967000,1611310514.967,$GPGGA,101514.00,6342.682770,N,01058.744866,E,2,12,0.8,12.30,M,40.00,M,6.0,0907*7A
2021:01:22:11:15:15.967000,1611310515.967,$GPGGA,101515.00,6342.682745,N,01058.744873,E,2,12,0.8,12.30,M,40.00,M,7.0,0907*78
2021:01:22:11:15:16.967000,1611310516.967,$GPGGA,101516.00,6342.682729,N,01058.744876,E,2,12,0.8,12.32,M,40.00,M,8.0,0907*79
2021:01:22:11:15:17.966000,1611310517.966,$GPGGA,101517.00,6342.682712,N,01058.744850,E,2,12,0.8,12.31,M,40.00,M,9.0,0907*76
2021:01:22:11:15:18.966000,1611310518.966,$GPGGA,101518.00,6342.682709,N,01058.744895,E,2,12,0.8,12.31,M,40.00,M,10.0,0907*42
2021:01:22:11:15:19.966000,1611310519.966,$GPGGA,101519.00,6342.682702,N,01058.744937,E,2,12,0.8,12.33,M,40.00,M,11.0,0907*42
2021:01:22:11:15:20.966000,1611310520.966,$GPGGA,101520.00,6342.682669,N,01058.744946,E,2,12,0.8,12.34,M,40.00,M,12.0,0907*46
2021:01:22:11:15:21.966000,1611310521.966,$GPGGA,101521.00,6342.682649,N,01058.744911,E,2,12,0.8,12.29,M,40.00,M,8.0,0907*70
2021:01:22:11:15:22.966000,1611310522.966,$GPGGA,101522.00,6342.682642,N,01058.744847,E,2,12,0.8,12.28,M,40.00,M,9.0,0907*7A
2021:01:22:11:15:23.967000,1611310523.967,$GPGGA,101523.00,6342.682625,N,01058.744843,E,2,12,0.8,12.27,M,40.00,M,10.0,0907*49
2021:01:22:11:15:24.967000,1611310524.967,$GPGGA,101524.00,6342.682605,N,01058.744919,E,2,12,0.8,12.28,M,40.00,M,11.0,0907*4C
2021:01:22:11:15:25.967000,1611310525.967,$GPGGA,101525.00,6342.682595,N,01058.744915,E,2,12,0.8,12.25,M,40.00,M,7.0,0907*71
2021:01:22:11:15:26.967000,1611310526.967,$GPGGA,101526.00,6342.682595,N,01058.744892,E,2,12,0.8,12.24,M,40.00,M,8.0,0907*72
2021:01:22:11:15:27.967000,1611310527.967,$GPGGA,101527.00,6342.682589,N,01058.744932,E,2,12,0.8,12.25,M,40.00,M,9.0,0907*75
2021:01:22:11:15:28.967000,1611310528.967,$GPGGA,101528.00,6342.682569,N,01058.744933,E,2,12,0.7,12.24,M,40.00,M,10.0,0907*43
2021:01:22:11:15:29.967000,1611310529.967,$GPGGA,101529.00,6342.682560,N,01058.744965,E,2,12,0.7,12.24,M,40.00,M,11.0,0907*49
2021:01:22:11:15:30.967000,1611310530.967,$GPGGA,101530.00,6342.682560,N,01058.744955,E,2,12,0.8,12.22,M,40.00,M,12.0,0907*48
2021:01:22:11:15:31.967000,1611310531.967,$GPGGA,101531.00,6342.682540,N,01058.744905,E,2,12,0.8,12.24,M,40.00,M,7.0,0907*7C
2021:01:22:11:15:32.967000,1611310532.967,$GPGGA,101532.00,6342.682533,N,01058.744967,E,2,12,0.8,12.26,M,40.00,M,8.0,0907*72
2021:01:22:11:15:33.967000,1611310533.967,$GPGGA,101533.00,6342.682541,N,01058.745039,E,2,12,0.8,12.24,M,40.00,M,9.0,0907*76
2021:01:22:11:15:34.967000,1611310534.967,$GPGGA,101534.00,6342.682516,N,01058.745050,E,2,12,0.8,12.24,M,40.00,M,10.0,0907*44
2021:01:22:11:15:35.967000,1611310535.967,$GPGGA,101535.00,6342.682492,N,01058.745069,E,2,12,0.8,12.27,M,40.00,M,6.0,0907*76
2021:01:22:11:15:36.967000,1611310536.967,$GPGGA,101536.00,6342.682502,N,01058.745084,E,2,12,0.8,12.25,M,40.00,M,7.0,0907*7D
2021:01:22:11:15:37.967000,1611310537.967,$GPGGA,101537.00,6342.682470,N,01058.745098,E,2,12,0.8,12.26,M,40.00,M,8.0,0907*79
2021:01:22:11:15:38.968000,1611310538.968,$GPGGA,101538.00,6342.682438,N,01058.745075,E,2,12,0.8,12.26,M,40.00,M,9.0,0907*78
2021:01:22:11:15:39.968000,1611310539.968,$GPGGA,101539.00,6342.682442,N,01058.745078,E,2,12,0.8,12.24,M,40.00,M,10.0,0907*43
2021:01:22:11:15:40.968000,1611310540.968,$GPGGA,101540.00,6342.682407,N,01058.745053,E,2,12,0.8,12.26,M,40.00,M,11.0,0907*46
2021:01:22:11:15:41.968000,1611310541.968,$GPGGA,101541.00,6342.682381,N,01058.745020,E,2,12,0.8,12.27,M,40.00,M,7.0,0907*7C
2021:01:22:11:15:42.968000,1611310542.968,$GPGGA,101542.00,6342.682386,N,01058.745015,E,2,12,0.8,12.25,M,40.00,M,8.0,0907*73
2021:01:22:11:15:43.968000,1611310543.968,$GPGGA,101543.00,6342.682366,N,01058.744946,E,2,12,0.8,12.25,M,40.00,M,9.0,0907*73
2021:01:22:11:15:45.968000,1611310545.968,$GPGGA,101545.00,6342.682336,N,01058.744816,E,2,12,0.8,12.26,M,40.00,M,5.0,0907*7B
2021:01:22:11:15:46.967000,1611310546.967,$GPGGA,101546.00,6342.682327,N,01058.744745,E,2,12,0.8,12.25,M,40.00,M,6.0,0907*71
2021:01:22:11:15:47.967000,1611310547.967,$GPGGA,101547.00,6342.682301,N,01058.744649,E,2,12,0.8,12.27,M,40.00,M,7.0,0907*7A
2021:01:22:11:15:49.967000,1611310549.967,$GPGGA,101549.00,6342.682303,N,01058.744496,E,2,12,0.7,12.26,M,40.00,M,9.0,0907*76
2021:01:22:11:15:50.967000,1611310550.967,$GPGGA,101550.00,6342.682297,N,01058.744398,E,2,12,0.8,12.26,M,40.00,M,10.0,0907*4C
2021:01:22:11:15:51.967000,1611310551.967,$GPGGA,101551.00,6342.682297,N,01058.744315,E,2,12,0.8,12.31,M,40.00,M,6.0,0907*79
2021:01:22:11:15:52.967000,1611310552.967,$GPGGA,101552.00,6342.682280,N,01058.744205,E,2,12,0.8,12.32,M,40.00,M,7.0,0907*7E
2021:01:22:11:15:53.968000,1611310553.968,$GPGGA,101553.00,6342.682275,N,01058.744078,E,2,12,0.8,12.31,M,40.00,M,8.0,0907*71
2021:01:22:11:15:54.968000,1611310554.968,$GPGGA,101554.00,6342.682286,N,01058.744047,E,2,12,0.8,12.31,M,40.00,M,9.0,0907*77
2021:01:22:11:15:55.968000,1611310555.968,$GPGGA,101555.00,6342.682276,N,01058.743989,E,2,12,0.8,12.32,M,40.00,M,10.0,0907*4E
2021:01:22:11:15:56.968000,1611310556.968,$GPGGA,101556.00,6342.682243,N,01058.743885,E,2,12,0.8,12.32,M,40.00,M,11.0,0907*47
2021:01:22:11:15:57.968000,1611310557.968,$GPGGA,101557.00,6342.682237,N,01058.743813,E,2,12,0.8,12.31,M,40.00,M,12.0,0907*4A
2021:01:22:11:15:58.968000,1611310558.968,$GPGGA,101558.00,6342.682235,N,01058.743797,E,2,12,0.8,12.30,M,40.00,M,8.0,0907*7E
2021:01:22:11:15:59.968000,1611310559.968,$GPGGA,101559.00,6342.682212,N,01058.743837,E,2,12,0.8,12.34,M,40.00,M,9.0,0907*7A
2021:01:22:11:16:01.968000,1611310561.968,$GPGGA,101601.00,6342.682155,N,01058.743694,E,2,12,0.8,12.29,M,40.00,M,11.0,0907*46
2021:01:22:11:16:02.968000,1611310562.968,$GPGGA,101602.00,6342.682111,N,01058.743716,E,2,12,0.8,12.33,M,40.00,M,7.0,0907*72
2021:01:22:11:16:03.968000,1611310563.968,$GPGGA,101603.00,6342.682091,N,01058.743684,E,2,12,0.8,12.33,M,40.00,M,8.0,0907*7F
2021:01:22:11:16:05.968000,1611310565.968,$GPGGA,101605.00,6342.682030,N,01058.743613,E,2,12,0.8,12.32,M,40.00,M,10.0,0907*44
2021:01:22:11:16:06.968000,1611310566.968,$GPGGA,101606.00,6342.682013,N,01058.743609,E,2,12,0.8,12.34,M,40.00,M,11.0,0907*4A
2021:01:22:11:16:07.968000,1611310567.968,$GPGGA,101607.00,6342.681994,N,01058.743589,E,2,12,0.8,12.34,M,40.00,M,12.0,0907*46
2021:01:22:11:16:08.969000,1611310568.969,$GPGGA,101608.00,6342.681973,N,01058.743565,E,2,12,0.8,12.32,M,40.00,M,7.0,0907*70
2021:01:22:11:16:09.969000,1611310569.969,$GPGGA,101609.00,6342.681963,N,01058.743587,E,2,12,0.8,12.33,M,40.00,M,8.0,0907*72
2021:01:22:11:16:10.969000,1611310570.969,$GPGGA,101610.00,6342.681955,N,01058.743570,E,2,12,0.8,12.31,M,40.00,M,9.0,0907*74
2021:01:22:11:16:11.969000,1611310571.969,$GPGGA,101611.00,6342.681941,N,01058.743542,E,2,12,0.8,12.31,M,40.00,M,10.0,0907*49
2021:01:22:11:16:12.969000,1611310572.969,$GPGGA,101612.00,6342.681938,N,01058.743532,E,2,12,0.8,12.31,M,40.00,M,6.0,0907*74
2021:01:22:11:16:13.969000,1611310573.969,$GPGGA,101613.00,6342.681951,N,01058.743559,E,2,12,0.8,12.31,M,40.00,M,7.0,0907*76
2021:01:22:11:16:14.969000,1611310574.969,$GPGGA,101614.00,6342.681939,N,01058.743599,E,2,12,0.8,12.32,M,40.00,M,8.0,0907*7F
2021:01:22:11:16:15.968000,1611310575.968,$GPGGA,101615.00,6342.681944,N,01058.743569,E,2,12,0.8,12.32,M,40.00,M,9.0,0907*7A
2021:01:22:11:16:16.968000,1611310576.968,$GPGGA,101616.00,6342.681983,N,01058.743571,E,2,12,0.8,12.31,M,40.00,M,10.0,0907*40
2021:01:22:11:16:17.968000,1611310577.968,$GPGGA,101617.00,6342.681984,N,01058.743600,E,2,12,0.8,12.33,M,40.00,M,11.0,0907*40
2021:01:22:11:16:18.968000,1611310578.968,$GPGGA,101618.00,6342.681991,N,01058.743601,E,2,12,0.8,12.33,M,40.00,M,12.0,0907*49
2021:01:22:11:16:19.968000,1611310579.968,$GPGGA,101619.00,6342.682032,N,01058.743632,E,2,12,0.8,12.33,M,40.00,M,13.0,0907*4A
2021:01:22:11:16:20.968000,1611310580.968,$GPGGA,101620.00,6342.682051,N,01058.743666,E,2,12,0.8,12.34,M,40.00,M,14.0,0907*44
2021:01:22:11:16:21.968000,1611310581.968,$GPGGA,101621.00,6342.682072,N,01058.743664,E,2,12,0.8,12.35,M,40.00,M,15.0,0907*46
2021:01:22:11:16:22.969000,1611310582.969,$GPGGA,101622.00,6342.682107,N,01058.743669,E,2,12,0.8,12.33,M,40.00,M,10.0,0907*48
2021:01:22:11:16:23.969000,1611310583.969,$GPGGA,101623.00,6342.682124,N,01058.743691,E,2,12,0.8,12.33,M,40.00,M,11.0,0907*4E
2021:01:22:11:16:24.969000,1611310584.969,$GPGGA,101624.00,6342.682157,N,01058.743716,E,2,12,0.8,12.35,M,40.00,M,12.0,0907*46
2021:01:22:11:16:25.969000,1611310585.969,$GPGGA,101625.00,6342.682191,N,01058.743737,E,2,12,0.8,12.32,M,40.00,M,8.0,0907*72
2021:01:22:11:16:26.969000,1611310586.969,$GPGGA,101626.00,6342.682218,N,01058.743762,E,2,12,0.8,12.30,M,40.00,M,9.0,0907*70
2021:01:22:11:16:27.969000,1611310587.969,$GPGGA,101627.00,6342.682250,N,01058.743783,E,2,12,0.8,12.31,M,40.00,M,10.0,0907*4B
2021:01:22:11:16:28.969000,1611310588.969,$GPGGA,101628.00,6342.682276,N,01058.743739,E,2,12,0.8,12.29,M,40.00,M,6.0,0907*7F
2021:01:22:11:16:29.969000,1611310589.969,$GPGGA,101629.00,6342.682324,N,01058.743793,E,2,12,0.8,12.29,M,40.00,M,7.0,0907*79
2021:01:22:11:16:30.969000,1611310590.969,$GPGGA,101630.00,6342.682361,N,01058.743866,E,2,12,0.8,12.30,M,40.00,M,8.0,0907*72
2021:01:22:11:16:31.969000,1611310591.969,$GPGGA,101631.00,6342.682379,N,01058.743813,E,2,12,0.8,12.29,M,40.00,M,9.0,0907*71
2021:01:22:11:16:32.969000,1611310592.969,$GPGGA,101632.00,6342.682425,N,01058.743789,E,2,12,0.8,12.28,M,40.00,M,10.0,0907*49
2021:01:22:11:16:33.969000,1611310593.969,$GPGGA,101633.00,6342.682476,N,01058.743839,E,2,12,0.8,12.30,M,40.00,M,11.0,0907*42
2021:01:22:11:16:34.969000,1611310594.969,$GPGGA,101634.00,6342.682511,N,01058.743914,E,2,12,0.8,12.30,M,40.00,M,12.0,0907*48
2021:01:22:11:16:35.969000,1611310595.969,$GPGGA,101635.00,6342.682561,N,01058.743998,E,2,12,0.8,12.30,M,40.00,M,8.0,0907*71
2021:01:22:11:16:36.970000,1611310596.97,$GPGGA,101636.00,6342.682612,N,01058.743966,E,2,12,0.8,12.27,M,40.00,M,9.0,0907*73
2021:01:22:11:16:37.970000,1611310597.97,$GPGGA,101637.00,6342.682643,N,01058.743956,E,2,12,0.8,12.28,M,40.00,M,10.0,0907*42
2021:01:22:11:16:39.970000,1611310599.97,$GPGGA,101639.00,6342.682738,N,01058.744073,E,2,12,0.8,12.28,M,40.00,M,7.0,0907*7E
2021:01:22:11:16:40.970000,1611310600.97,$GPGGA,101640.00,6342.682777,N,01058.744101,E,2,12,0.8,12.25,M,40.00,M,8.0,0907*7D
2021:01:22:11:16:41.970000,1611310601.97,$GPGGA,101641.00,6342.682801,N,01058.744237,E,2,12,0.8,12.29,M,40.00,M,4.0,0907*74
2021:01:22:11:16:42.970000,1611310602.97,$GPGGA,101642.00,6342.682835,N,01058.744200,E,2,12,0.8,12.27,M,40.00,M,5.0,0907*7B
2021:01:22:11:16:43.970000,1611310603.97,$GPGGA,101643.00,6342.682866,N,01058.744197,E,2,12,0.8,12.24,M,40.00,M,6.0,0907*71
2021:01:22:11:16:44.969000,1611310604.969,$GPGGA,101644.00,6342.682871,N,01058.744250,E,2,12,0.8,12.26,M,40.00,M,7.0,0907*7B
2021:01:22:11:16:45.969000,1611310605.969,$GPGGA,101645.00,6342.682895,N,01058.744236,E,2,12,0.8,12.22,M,40.00,M,8.0,0907*7B
2021:01:22:11:16:46.969000,1611310606.969,$GPGGA,101646.00,6342.682918,N,01058.744288,E,2,12,0.8,12.22,M,40.00,M,9.0,0907*78
2021:01:22:11:16:47.969000,1611310607.969,$GPGGA,101647.00,6342.682919,N,01058.744362,E,2,12,0.8,12.25,M,40.00,M,10.0,0907*42
2021:01:22:11:16:48.969000,1611310608.969,$GPGGA,101648.00,6342.682941,N,01058.744317,E,2,12,0.8,12.20,M,40.00,M,11.0,0907*46
2021:01:22:11:16:49.969000,1611310609.969,$GPGGA,101649.00,6342.682965,N,01058.744323,E,2,12,0.8,12.19,M,40.00,M,12.0,0907*4F
2021:01:22:11:16:51.970000,1611310611.97,$GPGGA,101651.00,6342.682989,N,01058.744420,E,2,12,0.8,12.21,M,40.00,M,9.0,0907*71
2021:01:22:11:16:52.970000,1611310612.97,$GPGGA,101652.00,6342.683015,N,01058.744400,E,2,12,0.8,12.19,M,40.00,M,10.0,0907*4E
2021:01:22:11:16:53.970000,1611310613.97,$GPGGA,101653.00,6342.682996,N,01058.744345,E,2,12,0.8,12.18,M,40.00,M,11.0,0907*4A
2021:01:22:11:16:55.970000,1611310615.97,$GPGGA,101655.00,6342.683058,N,01058.744415,E,2,12,0.8,12.18,M,40.00,M,13.0,0907*46
2021:01:22:11:16:56.970000,1611310616.97,$GPGGA,101656.00,6342.683053,N,01058.744441,E,2,12,0.8,12.17,M,40.00,M,14.0,0907*47
2021:01:22:11:16:57.970000,1611310617.97,$GPGGA,101657.00,6342.683053,N,01058.744408,E,2,12,0.8,12.15,M,40.00,M,15.0,0907*48
2021:01:22:11:16:59.970000,1611310619.97,$GPGGA,101659.00,6342.683067,N,01058.744305,E,2,12,0.8,12.21,M,40.00,M,8.0,0907*70
2021:01:22:11:17:00.970000,1611310620.97,$GPGGA,101700.00,6342.683064,N,01058.744233,E,2,12,0.8,12.21,M,40.00,M,9.0,0907*7B
2021:01:22:11:17:01.970000,1611310621.97,$GPGGA,101701.00,6342.683060,N,01058.744223,E,2,12,0.8,12.23,M,40.00,M,10.0,0907*45
2021:01:22:11:17:02.970000,1611310622.97,$GPGGA,101702.00,6342.683061,N,01058.744178,E,2,12,0.8,12.23,M,40.00,M,9.0,0907*72
2021:01:22:11:17:03.970000,1611310623.97,$GPGGA,101703.00,6342.683071,N,01058.744150,E,2,12,0.8,12.22,M,40.00,M,10.0,0907*41
2021:01:22:11:17:04.971000,1611310624.971,$GPGGA,101704.00,6342.683051,N,01058.744099,E,2,12,0.8,12.22,M,40.00,M,11.0,0907*41
2021:01:22:11:17:05.971000,1611310625.971,$GPGGA,101705.00,6342.683042,N,01058.744060,E,2,12,0.8,12.26,M,40.00,M,7.0,0907*77
2021:01:22:11:17:06.971000,1611310626.971,$GPGGA,101706.00,6342.683054,N,01058.744028,E,2,12,0.8,12.24,M,40.00,M,8.0,0907*72
2021:01:22:11:17:07.971000,1611310627.971,$GPGGA,101707.00,6342.683051,N,01058.743966,E,2,12,0.8,12.23,M,40.00,M,9.0,0907*74
2021:01:22:11:17:08.971000,1611310628.971,$GPGGA,101708.00,6342.683022,N,01058.743925,E,2,12,0.8,12.25,M,40.00,M,10.0,0907*46
2021:01:22:11:17:09.971000,1611310629.971,$GPGGA,101709.00,6342.683001,N,01058.743795,E,2,12,0.8,12.27,M,40.00,M,5.0,0907*75
2021:01:22:11:17:10.971000,1611310630.971,$GPGGA,101710.00,6342.683015,N,01058.743754,E,2,12,0.7,12.25,M,40.00,M,6.0,0907*7B
2021:01:22:11:17:11.971000,1611310631.971,$GPGGA,101711.00,6342.683005,N,01058.743726,E,2,12,0.8,12.25,M,40.00,M,7.0,0907*70
2021:01:22:11:17:12.971000,1611310632.971,$GPGGA,101712.00,6342.682973,N,01058.743677,E,2,12,0.8,12.26,M,40.00,M,8.0,0907*73
2021:01:22:11:17:13.970000,1611310633.97,$GPGGA,101713.00,6342.682985,N,01058.743661,E,2,12,0.8,12.26,M,40.00,M,9.0,0907*7D
2021:01:22:11:17:14.970000,1611310634.97,$GPGGA,101714.00,6342.682977,N,01058.743600,E,2,12,0.8,12.25,M,40.00,M,10.0,0907*4B
2021:01:22:11:17:15.970000,1611310635.97,$GPGGA,101715.00,6342.682941,N,01058.743491,E,2,12,0.8,12.26,M,40.00,M,6.0,0907*71
2021:01:22:11:17:16.970000,1611310636.97,$GPGGA,101716.00,6342.682925,N,01058.743424,E,2,12,0.8,12.28,M,40.00,M,7.0,0907*71
2021:01:22:11:17:17.970000,1611310637.97,$GPGGA,101717.00,6342.682916,N,01058.743390,E,2,12,0.8,12.29,M,40.00,M,8.0,0907*76
2021:01:22:11:17:18.971000,1611310638.971,$GPGGA,101718.00,6342.682892,N,01058.743313,E,2,12,0.8,12.27,M,40.00,M,9.0,0907*70
2021:01:22:11:17:19.971000,1611310639.971,$GPGGA,101719.00,6342.682872,N,01058.743247,E,2,12,0.8,12.27,M,40.00,M,10.0,0907*47
2021:01:22:11:17:20.971000,1611310640.971,$GPGGA,101720.00,6342.682851,N,01058.743219,E,2,12,0.8,12.28,M,40.00,M,11.0,0907*49
2021:01:22:11:17:21.971000,1611310641.971,$GPGGA,101721.00,6342.682845,N,01058.743198,E,2,12,0.8,12.29,M,40.00,M,12.0,0907*45
2021:01:22:11:17:22.971000,1611310642.971,$GPGGA,101722.00,6342.682859,N,01058.743197,E,2,12,0.8,12.28,M,40.00,M,8.0,0907*7E
2021:01:22:11:17:23.971000,1611310643.971,$GPGGA,101723.00,6342.682848,N,01058.743201,E,2,12,0.8,12.29,M,40.00,M,9.0,0907*73
2021:01:22:11:17:24.971000,1611310644.971,$GPGGA,101724.00,6342.682822,N,01058.743147,E,2,12,0.8,12.31,M,40.00,M,10.0,0907*48
2021:01:22:11:17:25.971000,1611310645.971,$GPGGA,101725.00,6342.682831,N,01058.743059,E,2,12,0.8,12.29,M,40.00,M,11.0,0907*4D
2021:01:22:11:17:26.971000,1611310646.971,$GPGGA,101726.00,6342.682836,N,01058.743019,E,2,12,0.8,12.27,M,40.00,M,7.0,0907*74
2021:01:22:11:17:27.971000,1611310647.971,$GPGGA,101727.00,6342.682825,N,01058.743022,E,2,12,0.7,12.30,M,40.00,M,8.0,0907*79
2021:01:22:11:17:28.971000,1611310648.971,$GPGGA,101728.00,6342.682842,N,01058.743028,E,2,12,0.7,12.31,M,40.00,M,4.0,0907*70
2021:01:22:11:17:29.971000,1611310649.971,$GPGGA,101729.00,6342.682846,N,01058.742989,E,2,12,0.7,12.29,M,40.00,M,5.0,0907*7E
2021:01:22:11:17:30.971000,1611310650.971,$GPGGA,101730.00,6342.682838,N,01058.742998,E,2,12,0.7,12.31,M,40.00,M,6.0,0907*75
2021:01:22:11:17:31.971000,1611310651.971,$GPGGA,101731.00,6342.682842,N,01058.742962,E,2,12,0.7,12.31,M,40.00,M,7.0,0907*7D
2021:01:22:11:17:32.972000,1611310652.972,$GPGGA,101732.00,6342.682859,N,01058.742949,E,2,12,0.7,12.31,M,40.00,M,8.0,0907*72
2021:01:22:11:17:33.972000,1611310653.972,$GPGGA,101733.00,6342.682841,N,01058.742907,E,2,12,0.7,12.30,M,40.00,M,9.0,0907*70
2021:01:22:11:17:34.972000,1611310654.972,$GPGGA,101734.00,6342.682817,N,01058.742826,E,2,12,0.7,12.31,M,40.00,M,10.0,0907*4F
2021:01:22:11:17:35.972000,1611310655.972,$GPGGA,101735.00,6342.682824,N,01058.742798,E,2,12,0.7,12.32,M,40.00,M,11.0,0907*46
2021:01:22:11:17:36.972000,1611310656.972,$GPGGA,101736.00,6342.682840,N,01058.742806,E,2,12,0.7,12.31,M,40.00,M,6.0,0907*7A
2021:01:22:11:17:37.972000,1611310657.972,$GPGGA,101737.00,6342.682838,N,01058.742812,E,2,12,0.7,12.31,M,40.00,M,7.0,0907*70
2021:01:22:11:17:38.972000,1611310658.972,$GPGGA,101738.00,6342.682828,N,01058.742777,E,2,12,0.7,12.30,M,40.00,M,8.0,0907*7C
2021:01:22:11:17:39.972000,1611310659.972,$GPGGA,101739.00,6342.682834,N,01058.742840,E,2,12,0.7,12.33,M,40.00,M,9.0,0907*79
2021:01:22:11:17:41.972000,1611310661.972,$GPGGA,101741.00,6342.682833,N,01058.742745,E,2,12,0.7,12.31,M,40.00,M,11.0,0907*40
2021:01:22:11:17:42.971000,1611310662.971,$GPGGA,101742.00,6342.682844,N,01058.742751,E,2,12,0.7,12.31,M,40.00,M,7.0,0907*71
2021:01:22:11:17:43.971000,1611310663.971,$GPGGA,101743.00,6342.682840,N,01058.742763,E,2,12,0.7,12.34,M,40.00,M,8.0,0907*7F
2021:01:22:11:17:45.971000,1611310665.971,$GPGGA,101745.00,6342.682836,N,01058.742699,E,2,12,0.7,12.32,M,40.00,M,10.0,0907*43
2021:01:22:11:17:46.971000,1611310666.971,$GPGGA,101746.00,6342.682843,N,01058.742728,E,2,12,0.7,12.35,M,40.00,M,6.0,0907*79
2021:01:22:11:17:47.972000,1611310667.972,$GPGGA,101747.00,6342.682835,N,01058.742607,E,2,12,0.7,12.31,M,40.00,M,7.0,0907*70
2021:01:22:11:17:49.972000,1611310669.972,$GPGGA,101749.00,6342.682807,N,01058.742448,E,2,12,0.7,12.35,M,40.00,M,9.0,0907*7C
2021:01:22:11:17:50.972000,1611310670.972,$GPGGA,101750.00,6342.682810,N,01058.742328,E,2,12,0.7,12.35,M,40.00,M,10.0,0907*4B
2021:01:22:11:17:51.972000,1611310671.972,$GPGGA,101751.00,6342.682826,N,01058.742292,E,2,12,0.7,12.33,M,40.00,M,11.0,0907*48
2021:01:22:11:17:52.972000,1611310672.972,$GPGGA,101752.00,6342.682813,N,01058.742306,E,2,12,0.7,12.36,M,40.00,M,12.0,0907*47
2021:01:22:11:17:53.972000,1611310673.972,$GPGGA,101753.00,6342.682835,N,01058.742344,E,2,12,0.7,12.36,M,40.00,M,13.0,0907*45
2021:01:22:11:17:54.972000,1611310674.972,$GPGGA,101754.00,6342.682881,N,01058.742382,E,2,12,0.7,12.33,M,40.00,M,14.0,0907*45
2021:01:22:11:17:55.972000,1611310675.972,$GPGGA,101755.00,6342.682875,N,01058.742374,E,2,12,0.7,12.32,M,40.00,M,15.0,0907*46
2021:01:22:11:17:56.972000,1611310676.972,$GPGGA,101756.00,6342.682852,N,01058.742319,E,2,12,0.7,12.33,M,40.00,M,10.0,0907*4F
2021:01:22:11:17:57.972000,1611310677.972,$GPGGA,101757.00,6342.682874,N,01058.742245,E,2,12,0.7,12.32,M,40.00,M,11.0,0907*42
2021:01:22:11:17:58.972000,1611310678.972,$GPGGA,101758.00,6342.682910,N,01058.742254,E,2,12,0.7,12.29,M,40.00,M,12.0,0907*47
2021:01:22:11:17:59.972000,1611310679.972,$GPGGA,101759.00,6342.682895,N,01058.742287,E,2,12,0.7,12.27,M,40.00,M,8.0,0907*71
2021:01:22:11:18:01.973000,1611310681.973,$GPGGA,101801.00,6342.682929,N,01058.742275,E,2,12,0.7,12.28,M,40.00,M,10.0,0907*4E
2021:01:22:11:18:02.973000,1611310682.973,$GPGGA,101802.00,6342.682942,N,01058.742283,E,2,12,0.7,12.25,M,40.00,M,11.0,0907*45
2021:01:22:11:18:03.973000,1611310683.973,$GPGGA,101803.00,6342.682925,N,01058.742272,E,2,12,0.7,12.27,M,40.00,M,7.0,0907*7E
2021:01:22:11:18:04.973000,1611310684.973,$GPGGA,101804.00,6342.682941,N,01058.742297,E,2,12,0.7,12.30,M,40.00,M,8.0,0907*79
2021:01:22:11:18:05.973000,1611310685.973,$GPGGA,101805.00,6342.682941,N,01058.742264,E,2,12,0.7,12.30,M,40.00,M,4.0,0907*78
2021:01:22:11:18:06.973000,1611310686.973,$GPGGA,101806.00,6342.682929,N,01058.742213,E,2,12,0.7,12.29,M,40.00,M,5.0,0907*7C
2021:01:22:11:18:07.973000,1611310687.973,$GPGGA,101807.00,6342.682932,N,01058.742221,E,2,12,0.7,12.31,M,40.00,M,6.0,0907*7C
2021:01:22:11:18:09.973000,1611310689.973,$GPGGA,101809.00,6342.682922,N,01058.742222,E,2,12,0.7,12.30,M,40.00,M,8.0,0907*7F
2021:01:22:11:18:10.973000,1611310690.973,$GPGGA,101810.00,6342.682916,N,01058.742205,E,2,12,0.7,12.31,M,40.00,M,9.0,0907*75
2021:01:22:11:18:11.972000,1611310691.972,$GPGGA,101811.00,6342.682931,N,01058.742145,E,2,12,0.7,12.29,M,40.00,M,10.0,0907*47
2021:01:22:11:18:12.972000,1611310692.972,$GPGGA,101812.00,6342.682916,N,01058.742110,E,2,12,0.7,12.31,M,40.00,M,11.0,0907*49
2021:01:22:11:18:13.972000,1611310693.972,$GPGGA,101813.00,6342.682914,N,01058.742072,E,2,12,0.7,12.32,M,40.00,M,6.0,0907*7A
2021:01:22:11:18:14.972000,1611310694.972,$GPGGA,101814.00,6342.682954,N,01058.742098,E,2,12,0.7,12.31,M,40.00,M,7.0,0907*7F
2021:01:22:11:18:15.973000,1611310695.973,$GPGGA,101815.00,6342.682962,N,01058.742111,E,2,12,0.7,12.33,M,40.00,M,8.0,0907*76
2021:01:22:11:18:16.973000,1611310696.973,$GPGGA,101816.00,6342.682946,N,01058.742066,E,2,12,0.7,12.33,M,40.00,M,9.0,0907*73
2021:01:22:11:18:17.973000,1611310697.973,$GPGGA,101817.00,6342.682984,N,01058.742099,E,2,12,0.7,12.32,M,40.00,M,10.0,0907*45
2021:01:22:11:18:18.973000,1611310698.973,$GPGGA,101818.00,6342.683012,N,01058.742096,E,2,12,0.7,12.30,M,40.00,M,11.0,0907*41
2021:01:22:11:18:19.973000,1611310699.973,$GPGGA,101819.00,6342.682994,N,01058.742082,E,2,12,0.7,12.30,M,40.00,M,7.0,0907*74
2021:01:22:11:18:20.973000,1611310700.973,$GPGGA,101820.00,6342.683005,N,01058.742171,E,2,12,0.7,12.34,M,40.00,M,8.0,0907*78
2021:01:22:11:18:21.973000,1611310701.973,$GPGGA,101821.00,6342.683043,N,01058.742242,E,2,12,0.7,12.34,M,40.00,M,9.0,0907*79
2021:01:22:11:18:22.973000,1611310702.973,$GPGGA,101822.00,6342.683036,N,01058.742231,E,2,12,0.7,12.29,M,40.00,M,10.0,0907*48
2021:01:22:11:18:23.973000,1611310703.973,$GPGGA,101823.00,6342.683032,N,01058.742309,E,2,12,0.7,12.31,M,40.00,M,6.0,0907*79
2021:01:22:11:18:24.973000,1611310704.973,$GPGGA,101824.00,6342.683066,N,01058.742460,E,2,12,0.7,12.33,M,40.00,M,7.0,0907*74
2021:01:22:11:18:25.973000,1611310705.973,$GPGGA,101825.00,6342.683069,N,01058.742572,E,2,12,0.7,12.32,M,40.00,M,8.0,0907*76
2021:01:22:11:18:26.973000,1611310706.973,$GPGGA,101826.00,6342.683062,N,01058.742649,E,2,12,0.7,12.30,M,40.00,M,9.0,0907*76
2021:01:22:11:18:27.973000,1611310707.973,$GPGGA,101827.00,6342.683080,N,01058.742673,E,2,12,0.7,12.28,M,40.00,M,10.0,0907*43
2021:01:22:11:18:28.973000,1611310708.973,$GPGGA,101828.00,6342.683082,N,01058.742791,E,2,12,0.7,12.31,M,40.00,M,11.0,0907*4A
2021:01:22:11:18:29.974000,1611310709.974,$GPGGA,101829.00,6342.683076,N,01058.742969,E,2,12,0.7,12.35,M,40.00,M,7.0,0907*7A
2021:01:22:11:18:30.974000,1611310710.974,$GPGGA,101830.00,6342.683096,N,01058.743078,E,2,12,0.7,12.33,M,40.00,M,8.0,0907*7D
2021:01:22:11:18:31.974000,1611310711.974,$GPGGA,101831.00,6342.683098,N,01058.743090,E,2,12,0.7,12.29,M,40.00,M,9.0,0907*7E
2021:01:22:11:18:32.974000,1611310712.974,$GPGGA,101832.00,6342.683076,N,01058.743168,E,2,12,0.7,12.30,M,40.00,M,10.0,0907*4B
2021:01:22:11:18:33.974000,1611310713.974,$GPGGA,101833.00,6342.683088,N,01058.743352,E,2,12,0.7,12.34,M,40.00,M,6.0,0907*73
2021:01:22:11:18:34.974000,1611310714.974,$GPGGA,101834.00,6342.683117,N,01058.743459,E,2,12,0.7,12.31,M,40.00,M,7.0,0907*7B
2021:01:22:11:18:35.974000,1611310715.974,$GPGGA,101835.00,6342.683097,N,01058.743501,E,2,12,0.7,12.29,M,40.00,M,8.0,0907*79
2021:01:22:11:18:36.974000,1611310716.974,$GPGGA,101836.00,6342.683085,N,01058.743600,E,2,12,0.7,12.32,M,40.00,M,9.0,0907*70
2021:01:22:11:18:37.974000,1611310717.974,$GPGGA,101837.00,6342.683099,N,01058.743710,E,2,12,0.7,12.34,M,40.00,M,10.0,0907*42
2021:01:22:11:18:39.974000,1611310719.974,$GPGGA,101839.00,6342.683089,N,01058.743881,E,2,12,0.7,12.31,M,40.00,M,7.0,0907*79
2021:01:22:11:18:40.973000,1611310720.973,$GPGGA,101840.00,6342.683074,N,01058.743987,E,2,12,0.7,12.33,M,40.00,M,8.0,0907*7F
2021:01:22:11:18:41.973000,1611310721.973,$GPGGA,101841.00,6342.683070,N,01058.744101,E,2,12,0.7,12.33,M,40.00,M,9.0,0907*7A
2021:01:22:11:18:42.973000,1611310722.973,$GPGGA,101842.00,6342.683071,N,01058.744235,E,2,12,0.7,12.33,M,40.00,M,10.0,0907*44
2021:01:22:11:18:43.973000,1611310723.973,$GPGGA,101843.00,6342.683056,N,01058.744251,E,2,12,0.7,12.32,M,40.00,M,11.0,0907*42
2021:01:22:11:18:44.974000,1611310724.974,$GPGGA,101844.00,6342.683038,N,01058.744334,E,2,12,0.7,12.33,M,40.00,M,12.0,0907*4D
2021:01:22:11:18:45.974000,1611310725.974,$GPGGA,101845.00,6342.683020,N,01058.744460,E,2,12,0.7,12.34,M,40.00,M,13.0,0907*45
2021:01:22:11:18:46.974000,1611310726.974,$GPGGA,101846.00,6342.683016,N,01058.744511,E,2,12,0.7,12.34,M,40.00,M,7.0,0907*71
2021:01:22:11:18:47.974000,1611310727.974,$GPGGA,101847.00,6342.683022,N,01058.744591,E,2,12,0.7,12.34,M,40.00,M,8.0,0907*70
2021:01:22:11:18:48.974000,1611310728.974,$GPGGA,101848.00,6342.683014,N,01058.744672,E,2,12,0.7,12.35,M,40.00,M,9.0,0907*74
2021:01:22:11:18:49.974000,1611310729.974,$GPGGA,101849.00,6342.682977,N,01058.744629,E,2,12,0.7,12.34,M,40.00,M,10.0,0907*4F
2021:01:22:11:18:51.974000,1611310731.974,$GPGGA,101851.00,6342.682977,N,01058.744785,E,2,12,0.7,12.37,M,40.00,M,12.0,0907*40
2021:01:22:11:18:52.974000,1611310732.974,$GPGGA,101852.00,6342.682975,N,01058.744792,E,2,12,0.7,12.35,M,40.00,M,8.0,0907*7E
2021:01:22:11:18:53.974000,1611310733.974,$GPGGA,101853.00,6342.682945,N,01058.744826,E,2,12,0.7,12.34,M,40.00,M,9.0,0907*7C
2021:01:22:11:18:55.974000,1611310735.974,$GPGGA,101855.00,6342.682946,N,01058.744892,E,2,12,0.7,12.38,M,40.00,M,11.0,0907*43
2021:01:22:11:18:56.974000,1611310736.974,$GPGGA,101856.00,6342.682936,N,01058.744892,E,2,12,0.7,12.34,M,40.00,M,12.0,0907*48
2021:01:22:11:18:57.974000,1611310737.974,$GPGGA,101857.00,6342.682917,N,01058.744908,E,2,12,0.7,12.35,M,40.00,M,13.0,0907*48
2021:01:22:11:18:58.974000,1611310738.974,$GPGGA,101858.00,6342.682910,N,01058.744924,E,2,12,0.7,12.37,M,40.00,M,14.0,0907*4B
2021:01:22:11:18:59.975000,1611310739.975,$GPGGA,101859.00,6342.682904,N,01058.744931,E,2,12,0.7,12.37,M,40.00,M,15.0,0907*4A
2021:01:22:11:19:00.975000,1611310740.975,$GPGGA,101900.00,6342.682899,N,01058.744937,E,2,12,0.7,12.36,M,40.00,M,11.0,0907*41
2021:01:22:11:19:01.975000,1611310741.975,$GPGGA,101901.00,6342.682885,N,01058.744933,E,2,12,0.7,12.35,M,40.00,M,12.0,0907*49
2021:01:22:11:19:02.975000,1611310742.975,$GPGGA,101902.00,6342.682861,N,01058.744961,E,2,12,0.7,12.37,M,40.00,M,13.0,0907*44
2021:01:22:11:19:03.975000,1611310743.975,$GPGGA,101903.00,6342.682867,N,01058.744993,E,2,12,0.7,12.37,M,40.00,M,14.0,0907*49
2021:01:22:11:19:04.975000,1611310744.975,$GPGGA,101904.00,6342.682864,N,01058.744977,E,2,12,0.7,12.37,M,40.00,M,15.0,0907*46
2021:01:22:11:19:05.975000,1611310745.975,$GPGGA,101905.00,6342.682831,N,01058.745008,E,2,12,0.7,12.38,M,40.00,M,16.0,0907*4B
2021:01:22:11:19:06.975000,1611310746.975,$GPGGA,101906.00,6342.682823,N,01058.745011,E,2,12,0.8,12.35,M,40.00,M,11.0,0907*46
2021:01:22:11:19:07.975000,1611310747.975,$GPGGA,101907.00,6342.682818,N,01058.744995,E,2,12,0.8,12.35,M,40.00,M,12.0,0907*48
2021:01:22:11:19:08.975000,1611310748.975,$GPGGA,101908.00,6342.682800,N,01058.744973,E,2,12,0.8,12.34,M,40.00,M,13.0,0907*46
2021:01:22:11:19:09.975000,1611310749.975,$GPGGA,101909.00,6342.682795,N,01058.744976,E,2,12,0.8,12.34,M,40.00,M,14.0,0907*46
2021:01:22:11:19:11.974000,1611310751.974,$GPGGA,101911.00,6342.682764,N,01058.744967,E,2,12,0.8,12.37,M,40.00,M,6.0,0907*71
2021:01:22:11:19:12.974000,1611310752.974,$GPGGA,101912.00,6342.682768,N,01058.744946,E,2,12,0.8,12.36,M,40.00,M,7.0,0907*7D
2021:01:22:11:19:13.974000,1611310753.974,$GPGGA,101913.00,6342.682760,N,01058.744851,E,2,12,0.8,12.33,M,40.00,M,8.0,0907*79
2021:01:22:11:19:14.975000,1611310754.975,$GPGGA,101914.00,6342.682722,N,01058.744802,E,2,12,0.8,12.37,M,40.00,M,9.0,0907*7B
2021:01:22:11:19:15.975000,1611310755.975,$GPGGA,101915.00,6342.682699,N,01058.744747,E,2,12,0.8,12.39,M,40.00,M,10.0,0907*43
2021:01:22:11:19:16.975000,1611310756.975,$GPGGA,101916.00,6342.682701,N,01058.744685,E,2,12,0.8,12.34,M,40.00,M,5.0,0907*76
2021:01:22:11:19:17.975000,1611310757.975,$GPGGA,101917.00,6342.682682,N,01058.744627,E,2,12,0.8,12.33,M,40.00,M,6.0,0907*71
2021:01:22:11:19:18.975000,1611310758.975,$GPGGA,101918.00,6342.682633,N,01058.744516,E,2,12,0.8,12.33,M,40.00,M,7.0,0907*74
2021:01:22:11:19:19.975000,1611310759.975,$GPGGA,101919.00,6342.682608,N,01058.744456,E,2,12,0.8,12.36,M,40.00,M,8.0,0907*72
2021:01:22:11:19:20.975000,1611310760.975,$GPGGA,101920.00,6342.682615,N,01058.744440,E,2,12,0.8,12.34,M,40.00,M,9.0,0907*70
2021:01:22:11:19:21.975000,1611310761.975,$GPGGA,101921.00,6342.682577,N,01058.744366,E,2,12,0.8,12.35,M,40.00,M,10.0,0907*4C
2021:01:22:11:19:22.975000,1611310762.975,$GPGGA,101922.00,6342.682527,N,01058.744254,E,2,12,0.8,12.35,M,40.00,M,11.0,0907*4B
2021:01:22:11:19:23.975000,1611310763.975,$GPGGA,101923.00,6342.682504,N,01058.744165,E,2,12,0.8,12.34,M,40.00,M,7.0,0907*7C
2021:01:22:11:19:24.975000,1611310764.975,$GPGGA,101924.00,6342.682482,N,01058.744095,E,2,12,0.8,12.35,M,40.00,M,8.0,0907*74
2021:01:22:11:19:25.975000,1611310765.975,$GPGGA,101925.00,6342.682466,N,01058.744020,E,2,12,0.8,12.33,M,40.00,M,9.0,0907*76
2021:01:22:11:19:26.975000,1611310766.975,$GPGGA,101926.00,6342.682453,N,01058.744024,E,2,12,0.8,12.32,M,40.00,M,10.0,0907*4E
2021:01:22:11:19:27.975000,1611310767.975,$GPGGA,101927.00,6342.682440,N,01058.744072,E,2,12,0.8,12.35,M,40.00,M,6.0,0907*7E
2021:01:22:11:19:28.976000,1611310768.976,$GPGGA,101928.00,6342.682436,N,01058.744011,E,2,12,0.8,12.34,M,40.00,M,7.0,0907*75
2021:01:22:11:19:29.976000,1611310769.976,$GPGGA,101929.00,6342.682433,N,01058.743947,E,2,12,0.8,12.32,M,40.00,M,8.0,0907*75
2021:01:22:11:19:30.976000,1611310770.976,$GPGGA,101930.00,6342.682409,N,01058.743893,E,2,12,0.8,12.33,M,40.00,M,9.0,0907*7C
2021:01:22:11:19:31.976000,1611310771.976,$GPGGA,101931.00,6342.682396,N,01058.743856,E,2,12,0.8,12.36,M,40.00,M,10.0,0907*48
2021:01:22:11:19:32.976000,1611310772.976,$GPGGA,101932.00,6342.682399,N,01058.743757,E,2,12,0.8,12.33,M,40.00,M,11.0,0907*4E
2021:01:22:11:19:33.976000,1611310773.976,$GPGGA,101933.00,6342.682391,N,01058.743710,E,2,12,0.8,12.30,M,40.00,M,6.0,0907*71
2021:01:22:11:19:34.976000,1611310774.976,$GPGGA,101934.00,6342.682385,N,01058.743740,E,2,12,0.8,12.33,M,40.00,M,7.0,0907*74
2021:01:22:11:19:35.976000,1611310775.976,$GPGGA,101935.00,6342.682373,N,01058.743683,E,2,12,0.8,12.34,M,40.00,M,8.0,0907*7A
2021:01:22:11:19:36.976000,1611310776.976,$GPGGA,101936.00,6342.682377,N,01058.743624,E,2,12,0.8,12.34,M,40.00,M,9.0,0907*71
2021:01:22:11:19:37.976000,1611310777.976,$GPGGA,101937.00,6342.682376,N,01058.743590,E,2,12,0.8,12.33,M,40.00,M,10.0,0907*42
2021:01:22:11:19:38.976000,1611310778.976,$GPGGA,101938.00,6342.682362,N,01058.743536,E,2,12,0.8,12.34,M,40.00,M,11.0,0907*42
2021:01:22:11:19:39.975000,1611310779.975,$GPGGA,101939.00,6342.682339,N,01058.743457,E,2,12,0.8,12.34,M,40.00,M,7.0,0907*7C
2021:01:22:11:19:41.975000,1611310781.975,$GPGGA,101941.00,6342.682327,N,01058.743305,E,2,12,0.8,12.32,M,40.00,M,9.0,0907*74
2021:01:22:11:19:42.975000,1611310782.975,$GPGGA,101942.00,6342.682310,N,01058.743269,E,2,12,0.8,12.33,M,40.00,M,10.0,0907*41
2021:01:22:11:19:43.976000,1611310783.976,$GPGGA,101943.00,6342.682309,N,01058.743284,E,2,12,0.8,12.34,M,40.00,M,11.0,0907*4D
2021:01:22:11:19:45.976000,1611310785.976,$GPGGA,101945.00,6342.682263,N,01058.743192,E,2,12,0.8,12.32,M,40.00,M,13.0,0907*46
2021:01:22:11:19:46.976000,1611310786.976,$GPGGA,101946.00,6342.682248,N,01058.743135,E,2,12,0.8,12.33,M,40.00,M,14.0,0907*47
2021:01:22:11:19:47.976000,1611310787.976,$GPGGA,101947.00,6342.682271,N,01058.743174,E,2,12,0.8,12.35,M,40.00,M,9.0,0907*73
2021:01:22:11:19:49.976000,1611310789.976,$GPGGA,101949.00,6342.682233,N,01058.743160,E,2,12,0.8,12.33,M,40.00,M,11.0,0907*41
2021:01:22:11:19:50.976000,1611310790.976,$GPGGA,101950.00,6342.682233,N,01058.743200,E,2,12,0.8,12.34,M,40.00,M,7.0,0907*7C
2021:01:22:11:19:51.976000,1611310791.976,$GPGGA,101951.00,6342.682255,N,01058.743247,E,2,12,0.8,12.36,M,40.00,M,8.0,0907*73
2021:01:22:11:19:52.976000,1611310792.976,$GPGGA,101952.00,6342.682285,N,01058.743254,E,2,12,0.8,12.33,M,40.00,M,9.0,0907*7B
2021:01:22:11:19:53.976000,1611310793.976,$GPGGA,101953.00,6342.682286,N,01058.743306,E,2,12,0.8,12.34,M,40.00,M,5.0,0907*74
2021:01:22:11:19:54.976000,1611310794.976,$GPGGA,101954.00,6342.682283,N,01058.743329,E,2,12,0.8,12.36,M,40.00,M,6.0,0907*7A
2021:01:22:11:19:55.976000,1611310795.976,$GPGGA,101955.00,6342.682319,N,01058.743278,E,2,12,0.8,12.34,M,40.00,M,7.0,0907*7F
2021:01:22:11:19:56.976000,1611310796.976,$GPGGA,101956.00,6342.682345,N,01058.743268,E,2,12,0.8,12.32,M,40.00,M,8.0,0907*7D
2021:01:22:11:19:57.976000,1611310797.976,$GPGGA,101957.00,6342.682360,N,01058.743326,E,2,12,0.8,12.35,M,40.00,M,9.0,0907*76
2021:01:22:11:19:58.977000,1611310798.977,$GPGGA,101958.00,6342.682400,N,01058.743376,E,2,12,0.8,12.36,M,40.00,M,10.0,0907*46
2021:01:22:11:19:59.977000,1611310799.977,$GPGGA,101959.00,6342.682428,N,01058.743365,E,2,12,0.8,12.34,M,40.00,M,11.0,0907*4C
2021:01:22:11:20:01.977000,1611310801.977,$GPGGA,102001.00,6342.682464,N,01058.743262,E,2,12,0.8,12.34,M,40.00,M,13.0,0907*47
2021:01:22:11:20:02.977000,1611310802.977,$GPGGA,102002.00,6342.682481,N,01058.743237,E,2,12,0.8,12.33,M,40.00,M,14.0,0907*4F
2021:01:22:11:20:03.977000,1611310803.977,$GPGGA,102003.00,6342.682498,N,01058.743196,E,2,12,0.8,12.33,M,40.00,M,15.0,0907*4F
2021:01:22:11:20:05.977000,1611310805.977,$GPGGA,102005.00,6342.682511,N,01058.743113,E,2,12,0.8,12.33,M,40.00,M,6.0,0907*76
2021:01:22:11:20:06.977000,1611310806.977,$GPGGA,102006.00,6342.682515,N,01058.743056,E,2,12,0.8,12.31,M,40.00,M,7.0,0907*72
2021:01:22:11:20:07.976000,1611310807.976,$GPGGA,102007.00,6342.682505,N,01058.743047,E,2,12,0.8,12.33,M,40.00,M,8.0,0907*7F
2021:01:22:11:20:09.976000,1611310809.976,$GPGGA,102009.00,6342.682470,N,01058.742895,E,2,12,0.8,12.30,M,40.00,M,10.0,0907*4E
2021:01:22:11:20:10.976000,1611310810.976,$GPGGA,102010.00,6342.682438,N,01058.742839,E,2,12,0.8,12.29,M,40.00,M,6.0,0907*73
2021:01:22:11:20:11.976000,1611310811.976,$GPGGA,102011.00,6342.682402,N,01058.742722,E,2,12,0.8,12.27,M,40.00,M,7.0,0907*71
2021:01:22:11:20:13.977000,1611310813.977,$GPGGA,102013.00,6342.682366,N,01058.742755,E,2,12,0.8,12.28,M,40.00,M,9.0,0907*77
2021:01:22:11:20:14.977000,1611310814.977,$GPGGA,102014.00,6342.682343,N,01058.742713,E,2,12,0.8,12.24,M,40.00,M,10.0,0907*41
2021:01:22:11:20:15.977000,1611310815.977,$GPGGA,102015.00,6342.682332,N,01058.742667,E,2,12,0.8,12.24,M,40.00,M,11.0,0907*45
2021:01:22:11:20:16.977000,1611310816.977,$GPGGA,102016.00,6342.682302,N,01058.742684,E,2,12,0.8,12.32,M,40.00,M,6.0,0907*79
2021:01:22:11:20:17.977000,1611310817.977,$GPGGA,102017.00,6342.682279,N,01058.742700,E,2,12,0.8,12.30,M,40.00,M,7.0,0907*7B
2021:01:22:11:20:18.977000,1611310818.977,$GPGGA,102018.00,6342.682273,N,01058.742660,E,2,12,0.8,12.24,M,40.00,M,8.0,0907*73
2021:01:22:11:20:19.977000,1611310819.977,$GPGGA,102019.00,6342.682254,N,01058.742646,E,2,12,0.8,12.25,M,40.00,M,9.0,0907*73
2021:01:22:11:20:20.977000,1611310820.977,$GPGGA,102020.00,6342.682239,N,01058.742732,E,2,12,0.8,12.35,M,40.00,M,5.0,0907*7D
2021:01:22:11:20:21.977000,1611310821.977,$GPGGA,102021.00,6342.682240,N,01058.742763,E,2,12,0.8,12.35,M,40.00,M,6.0,0907*75
2021:01:22:11:20:22.977000,1611310822.977,$GPGGA,102022.00,6342.682235,N,01058.742693,E,2,12,0.8,12.28,M,40.00,M,7.0,0907*77
2021:01:22:11:20:23.977000,1611310823.977,$GPGGA,102023.00,6342.682214,N,01058.742717,E,2,12,0.8,12.29,M,40.00,M,8.0,0907*76
2021:01:22:11:20:24.977000,1611310824.977,$GPGGA,102024.00,6342.682208,N,01058.742794,E,2,12,0.8,12.35,M,40.00,M,9.0,0907*7B
2021:01:22:11:20:25.977000,1611310825.977,$GPGGA,102025.00,6342.682218,N,01058.742807,E,2,12,0.8,12.33,M,40.00,M,10.0,0907*40
2021:01:22:11:20:26.977000,1611310826.977,$GPGGA,102026.00,6342.682203,N,01058.742749,E,2,12,0.8,12.28,M,40.00,M,11.0,0907*47
2021:01:22:11:20:27.978000,1611310827.978,$GPGGA,102027.00,6342.682188,N,01058.742725,E,2,12,0.8,12.31,M,40.00,M,7.0,0907*73
2021:01:22:11:20:28.978000,1611310828.978,$GPGGA,102028.00,6342.682206,N,01058.742792,E,2,12,0.8,12.34,M,40.00,M,8.0,0907*7F
2021:01:22:11:20:29.978000,1611310829.978,$GPGGA,102029.00,6342.682219,N,01058.742836,E,2,12,0.8,12.32,M,40.00,M,9.0,0907*76
2021:01:22:11:20:30.978000,1611310830.978,$GPGGA,102030.00,6342.682230,N,01058.742816,E,2,12,0.8,12.32,M,40.00,M,4.0,0907*7A
2021:01:22:11:20:31.978000,1611310831.978,$GPGGA,102031.00,6342.682234,N,01058.742831,E,2,12,0.8,12.33,M,40.00,M,5.0,0907*7A
2021:01:22:11:20:32.978000,1611310832.978,$GPGGA,102032.00,6342.682263,N,01058.742847,E,2,12,0.8,12.33,M,40.00,M,6.0,0907*79
2021:01:22:11:20:33.978000,1611310833.978,$GPGGA,102033.00,6342.682287,N,01058.742857,E,2,12,0.8,12.33,M,40.00,M,7.0,0907*72
2021:01:22:11:20:34.978000,1611310834.978,$GPGGA,102034.00,6342.682286,N,01058.742837,E,2,12,0.8,12.34,M,40.00,M,8.0,0907*7A
2021:01:22:11:20:35.978000,1611310835.978,$GPGGA,102035.00,6342.682322,N,01058.742857,E,2,12,0.8,12.33,M,40.00,M,9.0,0907*74
2021:01:22:11:20:36.978000,1611310836.978,$GPGGA,102036.00,6342.682371,N,01058.742925,E,2,12,0.8,12.33,M,40.00,M,10.0,0907*4D
2021:01:22:11:20:37.977000,1611310837.977,$GPGGA,102037.00,6342.682384,N,01058.742949,E,2,12,0.8,12.36,M,40.00,M,6.0,0907*7E
2021:01:22:11:20:38.977000,1611310838.977,$GPGGA,102038.00,6342.682398,N,01058.742956,E,2,12,0.8,12.36,M,40.00,M,7.0,0907*73
2021:01:22:11:20:39.977000,1611310839.977,$GPGGA,102039.00,6342.682432,N,01058.742957,E,2,12,0.8,12.33,M,40.00,M,8.0,0907*7E
2021:01:22:11:20:40.977000,1611310840.977,$GPGGA,102040.00,6342.682447,N,01058.742952,E,2,12,0.8,12.34,M,40.00,M,9.0,0907*71
2021:01:22:11:20:41.978000,1611310841.978,$GPGGA,102041.00,6342.682464,N,01058.743066,E,2,12,0.8,12.39,M,40.00,M,10.0,0907*4B
2021:01:22:11:20:43.978000,1611310843.978,$GPGGA,102043.00,6342.682507,N,01058.743093,E,2,12,0.8,12.32,M,40.00,M,7.0,0907*7A
2021:01:22:11:20:44.978000,1611310844.978,$GPGGA,102044.00,6342.682499,N,01058.743160,E,2,12,0.8,12.34,M,40.00,M,8.0,0907*7F
2021:01:22:11:20:45.978000,1611310845.978,$GPGGA,102045.00,6342.682534,N,01058.743306,E,2,12,0.8,12.39,M,40.00,M,9.0,0907*76
2021:01:22:11:20:46.978000,1611310846.978,$GPGGA,102046.00,6342.682555,N,01058.743342,E,2,12,0.8,12.36,M,40.00,M,10.0,0907*45
2021:01:22:11:20:47.978000,1611310847.978,$GPGGA,102047.00,6342.682541,N,01058.743395,E,2,12,0.8,12.33,M,40.00,M,11.0,0907*4F
2021:01:22:11:20:48.978000,1611310848.978,$GPGGA,102048.00,6342.682528,N,01058.743503,E,2,12,0.8,12.36,M,40.00,M,12.0,0907*40
2021:01:22:11:20:49.978000,1611310849.978,$GPGGA,102049.00,6342.682531,N,01058.743558,E,2,12,0.8,12.39,M,40.00,M,13.0,0907*49
2021:01:22:11:20:51.978000,1611310851.978,$GPGGA,102051.00,6342.682508,N,01058.743719,E,2,12,0.8,12.34,M,40.00,M,8.0,0907*7A
2021:01:22:11:20:52.978000,1611310852.978,$GPGGA,102052.00,6342.682498,N,01058.743847,E,2,12,0.8,12.39,M,40.00,M,9.0,0907*79
2021:01:22:11:20:53.978000,1611310853.978,$GPGGA,102053.00,6342.682505,N,01058.743877,E,2,12,0.8,12.37,M,40.00,M,10.0,0907*48
2021:01:22:11:20:55.978000,1611310855.978,$GPGGA,102055.00,6342.682466,N,01058.743983,E,2,12,0.8,12.37,M,40.00,M,12.0,0907*42
2021:01:22:11:20:56.979000,1611310856.979,$GPGGA,102056.00,6342.682489,N,01058.744044,E,2,12,0.8,12.35,M,40.00,M,13.0,0907*46
2021:01:22:11:20:57.979000,1611310857.979,$GPGGA,102057.00,6342.682500,N,01058.744123,E,2,12,0.8,12.34,M,40.00,M,9.0,0907*7D
2021:01:22:11:20:59.979000,1611310859.979,$GPGGA,102059.00,6342.682491,N,01058.744264,E,2,12,0.8,12.36,M,40.00,M,11.0,0907*41
2021:01:22:11:21:00.979000,1611310860.979,$GPGGA,102100.00,6342.682514,N,01058.744260,E,2,12,0.8,12.34,M,40.00,M,12.0,0907*45
2021:01:22:11:21:01.979000,1611310861.979,$GPGGA,102101.00,6342.682512,N,01058.744356,E,2,12,0.8,12.35,M,40.00,M,8.0,0907*7C
2021:01:22:11:21:03.979000,1611310863.979,$GPGGA,102103.00,6342.682522,N,01058.744371,E,2,12,0.8,12.33,M,40.00,M,10.0,0907*47
2021:01:22:11:21:04.979000,1611310864.979,$GPGGA,102104.00,6342.682526,N,01058.744434,E,2,12,0.8,12.34,M,40.00,M,11.0,0907*44
2021:01:22:11:21:05.979000,1611310865.979,$GPGGA,102105.00,6342.682533,N,01058.744480,E,2,12,0.8,12.33,M,40.00,M,12.0,0907*4A
2021:01:22:11:21:06.978000,1611310866.978,$GPGGA,102106.00,6342.682549,N,01058.744523,E,2,12,0.8,12.34,M,40.00,M,13.0,0907*4A
2021:01:22:11:21:07.978000,1611310867.978,$GPGGA,102107.00,6342.682555,N,01058.744570,E,2,12,0.8,12.36,M,40.00,M,8.0,0907*78
2021:01:22:11:21:08.978000,1611310868.978,$GPGGA,102108.00,6342.682551,N,01058.744576,E,2,12,0.8,12.35,M,40.00,M,9.0,0907*77
2021:01:22:11:21:09.978000,1611310869.978,$GPGGA,102109.00,6342.682551,N,01058.744606,E,2,12,0.8,12.38,M,40.00,M,10.0,0907*47
2021:01:22:11:21:11.979000,1611310871.979,$GPGGA,102111.00,6342.682575,N,01058.744627,E,2,12,0.8,12.34,M,40.00,M,7.0,0907*71
2021:01:22:11:21:12.979000,1611310872.979,$GPGGA,102112.00,6342.682539,N,01058.744616,E,2,12,0.8,12.37,M,40.00,M,8.0,0907*74
2021:01:22:11:21:13.979000,1611310873.979,$GPGGA,102113.00,6342.682536,N,01058.744622,E,2,12,0.8,12.38,M,40.00,M,9.0,0907*73
2021:01:22:11:21:15.979000,1611310875.979,$GPGGA,102115.00,6342.682570,N,01058.744638,E,2,12,0.8,12.34,M,40.00,M,6.0,0907*7F
2021:01:22:11:21:16.979000,1611310876.979,$GPGGA,102116.00,6342.682530,N,01058.744641,E,2,12,0.8,12.39,M,40.00,M,7.0,0907*7A
2021:01:22:11:21:17.979000,1611310877.979,$GPGGA,102117.00,6342.682553,N,01058.744623,E,2,12,0.8,12.36,M,40.00,M,8.0,0907*7A
2021:01:22:11:21:18.979000,1611310878.979,$GPGGA,102118.00,6342.682581,N,01058.744610,E,2,12,0.8,12.31,M,40.00,M,9.0,0907*7C
2021:01:22:11:21:19.979000,1611310879.979,$GPGGA,102119.00,6342.682571,N,01058.744664,E,2,12,0.8,12.35,M,40.00,M,10.0,0907*4D
2021:01:22:11:21:20.979000,1611310880.979,$GPGGA,102120.00,6342.682579,N,01058.744733,E,2,12,0.8,12.37,M,40.00,M,11.0,0907*4F
2021:01:22:11:21:21.979000,1611310881.979,$GPGGA,102121.00,6342.682588,N,01058.744660,E,2,12,0.8,12.32,M,40.00,M,7.0,0907*75
2021:01:22:11:21:22.979000,1611310882.979,$GPGGA,102122.00,6342.682588,N,01058.744590,E,2,12,0.8,12.32,M,40.00,M,8.0,0907*75
2021:01:22:11:21:23.979000,1611310883.979,$GPGGA,102123.00,6342.682609,N,01058.744685,E,2,12,0.8,12.36,M,40.00,M,9.0,0907*7C
2021:01:22:11:21:24.979000,1611310884.979,$GPGGA,102124.00,6342.682642,N,01058.744719,E,2,12,0.8,12.35,M,40.00,M,5.0,0907*7F
2021:01:22:11:21:25.979000,1611310885.979,$GPGGA,102125.00,6342.682630,N,01058.744713,E,2,12,0.8,12.34,M,40.00,M,6.0,0907*73
2021:01:22:11:21:26.980000,1611310886.98,$GPGGA,102126.00,6342.682650,N,01058.744718,E,2,12,0.8,12.35,M,40.00,M,7.0,0907*7D
2021:01:22:11:21:27.980000,1611310887.98,$GPGGA,102127.00,6342.682691,N,01058.744685,E,2,12,0.8,12.32,M,40.00,M,8.0,0907*7C
2021:01:22:11:21:28.980000,1611310888.98,$GPGGA,102128.00,6342.682687,N,01058.744679,E,2,12,0.8,12.32,M,40.00,M,9.0,0907*76
2021:01:22:11:21:29.980000,1611310889.98,$GPGGA,102129.00,6342.682703,N,01058.744735,E,2,12,0.8,12.33,M,40.00,M,10.0,0907*4A
2021:01:22:11:21:30.980000,1611310890.98,$GPGGA,102130.00,6342.682744,N,01058.744725,E,2,12,0.8,12.33,M,40.00,M,6.0,0907*77
2021:01:22:11:21:31.980000,1611310891.98,$GPGGA,102131.00,6342.682751,N,01058.744660,E,2,12,0.8,12.33,M,40.00,M,7.0,0907*73
2021:01:22:11:21:32.980000,1611310892.98,$GPGGA,102132.00,6342.682756,N,01058.744640,E,2,12,0.8,12.34,M,40.00,M,8.0,0907*7D
2021:01:22:11:21:33.980000,1611310893.98,$GPGGA,102133.00,6342.682788,N,01058.744607,E,2,12,0.8,12.33,M,40.00,M,9.0,0907*7A
2021:01:22:11:21:34.980000,1611310894.98,$GPGGA,102134.00,6342.682803,N,01058.744543,E,2,12,0.8,12.32,M,40.00,M,10.0,0907*4B
2021:01:22:11:21:35.979000,1611310895.979,$GPGGA,102135.00,6342.682809,N,01058.744521,E,2,12,0.8,12.32,M,40.00,M,11.0,0907*45
2021:01:22:11:21:36.979000,1611310896.979,$GPGGA,102136.00,6342.682812,N,01058.744490,E,2,12,0.8,12.32,M,40.00,M,12.0,0907*44
2021:01:22:11:21:37.979000,1611310897.979,$GPGGA,102137.00,6342.682817,N,01058.744407,E,2,12,0.8,12.33,M,40.00,M,13.0,0907*4E
2021:01:22:11:21:38.979000,1611310898.979,$GPGGA,102138.00,6342.682836,N,01058.744363,E,2,12,0.8,12.31,M,40.00,M,8.0,0907*7F
2021:01:22:11:21:39.979000,1611310899.979,$GPGGA,102139.00,6342.682829,N,01058.744324,E,2,12,0.8,12.30,M,40.00,M,9.0,0907*73
2021:01:22:11:21:40.980000,1611310900.98,$GPGGA,102140.00,6342.682817,N,01058.744285,E,2,12,0.8,12.33,M,40.00,M,5.0,0907*75
2021:01:22:11:21:41.980000,1611310901.98,$GPGGA,102141.00,6342.682825,N,01058.744267,E,2,12,0.8,12.36,M,40.00,M,6.0,0907*7F
2021:01:22:11:21:42.980000,1611310902.98,$GPGGA,102142.00,6342.682828,N,01058.744145,E,2,12,0.8,12.33,M,40.00,M,7.0,0907*76
2021:01:22:11:21:43.980000,1611310903.98,$GPGGA,102143.00,6342.682806,N,01058.744046,E,2,12,0.8,12.30,M,40.00,M,8.0,0907*75
2021:01:22:11:21:45.980000,1611310905.98,$GPGGA,102145.00,6342.682805,N,01058.743986,E,2,12,0.8,12.35,M,40.00,M,5.0,0907*7A
2021:01:22:11:21:46.980000,1611310906.98,$GPGGA,102146.00,6342.682793,N,01058.743918,E,2,12,0.8,12.34,M,40.00,M,6.0,0907*7C
2021:01:22:11:21:47.980000,1611310907.98,$GPGGA,102147.00,6342.682786,N,01058.743845,E,2,12,0.8,12.32,M,40.00,M,7.0,0907*77
2021:01:22:11:21:49.980000,1611310909.98,$GPGGA,102149.00,6342.682768,N,01058.743693,E,2,12,0.8,12.32,M,40.00,M,9.0,0907*72
2021:01:22:11:21:50.980000,1611310910.98,$GPGGA,102150.00,6342.682763,N,01058.743655,E,2,12,0.8,12.32,M,40.00,M,10.0,0907*43
2021:01:22:11:21:51.980000,1611310911.98,$GPGGA,102151.00,6342.682770,N,01058.743662,E,2,12,0.8,12.32,M,40.00,M,11.0,0907*45
2021:01:22:11:21:53.980000,1611310913.98,$GPGGA,102153.00,6342.682763,N,01058.743528,E,2,12,0.8,12.32,M,40.00,M,13.0,0907*4A
2021:01:22:11:21:54.981000,1611310914.981,$GPGGA,102154.00,6342.682764,N,01058.743493,E,2,12,0.8,12.33,M,40.00,M,9.0,0907*71
2021:01:22:11:21:55.981000,1611310915.981,$GPGGA,102155.00,6342.682773,N,01058.743478,E,2,12,0.8,12.33,M,40.00,M,10.0,0907*4B
2021:01:22:11:21:56.981000,1611310916.981,$GPGGA,102156.00,6342.682749,N,01058.743358,E,2,12,0.8,12.31,M,40.00,M,11.0,0907*47
2021:01:22:11:21:57.981000,1611310917.981,$GPGGA,102157.00,6342.682761,N,01058.743288,E,2,12,0.8,12.34,M,40.00,M,6.0,0907*73
2021:01:22:11:21:58.981000,1611310918.981,$GPGGA,102158.00,6342.682782,N,01058.743268,E,2,12,0.8,12.36,M,40.00,M,7.0,0907*7C
2021:01:22:11:21:59.981000,1611310919.981,$GPGGA,102159.00,6342.682763,N,01058.743240,E,2,12,0.8,12.36,M,40.00,M,8.0,0907*77
2021:01:22:11:22:01.981000,1611310921.981,$GPGGA,102201.00,6342.682774,N,01058.743115,E,2,12,0.8,12.36,M,40.00,M,5.0,0907*71
2021:01:22:11:22:02.981000,1611310922.981,$GPGGA,102202.00,6342.682767,N,01058.743083,E,2,12,0.8,12.36,M,40.00,M,6.0,0907*7D
2021:01:22:11:22:03.981000,1611310923.981,$GPGGA,102203.00,6342.682762,N,01058.742996,E,2,12,0.8,12.36,M,40.00,M,7.0,0907*74
2021:01:22:11:22:05.981000,1611310925.981,$GPGGA,102205.00,6342.682747,N,01058.742863,E,2,12,0.8,12.38,M,40.00,M,9.0,0907*7E
2021:01:22:11:22:06.980000,1611310926.98,$GPGGA,102206.00,6342.682744,N,01058.742805,E,2,12,0.8,12.37,M,40.00,M,10.0,0907*49
2021:01:22:11:22:07.980000,1611310927.98,$GPGGA,102207.00,6342.682748,N,01058.742742,E,2,12,0.8,12.36,M,40.00,M,11.0,0907*48
2021:01:22:11:22:09.981000,1611310929.981,$GPGGA,102209.00,6342.682726,N,01058.742661,E,2,12,0.8,12.38,M,40.00,M,13.0,0907*42
2021:01:22:11:22:10.981000,1611310930.981,$GPGGA,102210.00,6342.682720,N,01058.742493,E,2,12,0.8,12.35,M,40.00,M,14.0,0907*49
2021:01:22:11:22:11.981000,1611310931.981,$GPGGA,102211.00,6342.682700,N,01058.742408,E,2,12,0.8,12.36,M,40.00,M,9.0,0907*77
2021:01:22:11:22:13.981000,1611310933.981,$GPGGA,102213.00,6342.682712,N,01058.742269,E,2,12,0.8,12.38,M,40.00,M,11.0,0907*40
2021:01:22:11:22:14.981000,1611310934.981,$GPGGA,102214.00,6342.682736,N,01058.742240,E,2,12,0.8,12.35,M,40.00,M,12.0,0907*44
2021:01:22:11:22:15.981000,1611310935.981,$GPGGA,102215.00,6342.682742,N,01058.742184,E,2,12,0.8,12.36,M,40.00,M,8.0,0907*75
2021:01:22:11:22:16.981000,1611310936.981,$GPGGA,102216.00,6342.682760,N,01058.742119,E,2,12,0.8,12.38,M,40.00,M,9.0,0907*7D
2021:01:22:11:22:17.981000,1611310937.981,$GPGGA,102217.00,6342.682796,N,01058.742099,E,2,12,0.8,12.36,M,40.00,M,10.0,0907*4A
2021:01:22:11:22:18.981000,1611310938.981,$GPGGA,102218.00,6342.682818,N,01058.742080,E,2,12,0.8,12.36,M,40.00,M,11.0,0907*45
2021:01:22:11:22:19.981000,1611310939.981,$GPGGA,102219.00,6342.682837,N,01058.742035,E,2,12,0.8,12.37,M,40.00,M,12.0,0907*45
2021:01:22:11:22:20.981000,1611310940.981,$GPGGA,102220.00,6342.682876,N,01058.742073,E,2,12,0.8,12.37,M,40.00,M,13.0,0907*49
2021:01:22:11:22:21.981000,1611310941.981,$GPGGA,102221.00,6342.682897,N,01058.742162,E,2,12,0.8,12.37,M,40.00,M,9.0,0907*7D
2021:01:22:11:22:22.981000,1611310942.981,$GPGGA,102222.00,6342.682919,N,01058.742184,E,2,12,0.8,12.36,M,40.00,M,10.0,0907*48
2021:01:22:11:22:23.981000,1611310943.981,$GPGGA,102223.00,6342.682938,N,01058.742209,E,2,12,0.8,12.32,M,40.00,M,11.0,0907*49
2021:01:22:11:22:24.982000,1611310944.982,$GPGGA,102224.00,6342.682945,N,01058.742313,E,2,12,0.8,12.37,M,40.00,M,12.0,0907*48
2021:01:22:11:22:25.982000,1611310945.982,$GPGGA,102225.00,6342.682964,N,01058.742384,E,2,12,0.8,12.37,M,40.00,M,8.0,0907*7F
2021:01:22:11:22:26.982000,1611310946.982,$GPGGA,102226.00,6342.682984,N,01058.742437,E,2,12,0.8,12.31,M,40.00,M,9.0,0907*7A
2021:01:22:11:22:27.982000,1611310947.982,$GPGGA,102227.00,6342.682983,N,01058.742554,E,2,12,0.7,12.33,M,40.00,M,10.0,0907*4D
2021:01:22:11:22:28.982000,1611310948.982,$GPGGA,102228.00,6342.682978,N,01058.742646,E,2,12,0.7,12.36,M,40.00,M,6.0,0907*74
2021:01:22:11:22:29.982000,1611310949.982,$GPGGA,102229.00,6342.682991,N,01058.742715,E,2,12,0.8,12.33,M,40.00,M,7.0,0907*7E
2021:01:22:11:22:30.982000,1611310950.982,$GPGGA,102230.00,6342.683008,N,01058.742834,E,2,12,0.8,12.33,M,40.00,M,8.0,0907*7D
2021:01:22:11:22:31.982000,1611310951.982,$GPGGA,102231.00,6342.682993,N,01058.742959,E,2,12,0.8,12.33,M,40.00,M,9.0,0907*7D
2021:01:22:11:22:32.982000,1611310952.982,$GPGGA,102232.00,6342.682968,N,01058.743023,E,2,12,0.7,12.33,M,40.00,M,10.0,0907*48
2021:01:22:11:22:33.981000,1611310953.981,$GPGGA,102233.00,6342.682978,N,01058.743141,E,2,12,0.7,12.36,M,40.00,M,11.0,0907*49
2021:01:22:11:22:34.981000,1611310954.981,$GPGGA,102234.00,6342.682984,N,01058.743248,E,2,12,0.8,12.31,M,40.00,M,6.0,0907*79
2021:01:22:11:22:35.981000,1611310955.981,$GPGGA,102235.00,6342.682951,N,01058.743360,E,2,12,0.8,12.32,M,40.00,M,7.0,0907*79
2021:01:22:11:22:36.981000,1611310956.981,$GPGGA,102236.00,6342.682939,N,01058.743512,E,2,12,0.8,12.33,M,40.00,M,8.0,0907*79
2021:01:22:11:22:37.981000,1611310957.981,$GPGGA,102237.00,6342.682966,N,01058.743655,E,2,12,0.8,12.33,M,40.00,M,9.0,0907*73
2021:01:22:11:22:38.981000,1611310958.981,$GPGGA,102238.00,6342.682941,N,01058.743744,E,2,12,0.8,12.31,M,40.00,M,10.0,0907*42
2021:01:22:11:22:39.982000,1611310959.982,$GPGGA,102239.00,6342.682902,N,01058.743793,E,2,12,0.8,12.31,M,40.00,M,11.0,0907*4F
2021:01:22:11:22:40.982000,1611310960.982,$GPGGA,102240.00,6342.682918,N,01058.743929,E,2,12,0.8,12.33,M,40.00,M,12.0,0907*44
2021:01:22:11:22:41.982000,1611310961.982,$GPGGA,102241.00,6342.682924,N,01058.744071,E,2,12,0.8,12.35,M,40.00,M,8.0,0907*74
2021:01:22:11:22:42.982000,1611310962.982,$GPGGA,102242.00,6342.682878,N,01058.744103,E,2,12,0.8,12.33,M,40.00,M,9.0,0907*7C
2021:01:22:11:22:43.982000,1611310963.982,$GPGGA,102243.00,6342.682865,N,01058.744107,E,2,12,0.8,12.32,M,40.00,M,10.0,0907*4C
2021:01:22:11:22:44.982000,1611310964.982,$GPGGA,102244.00,6342.682862,N,01058.744154,E,2,12,0.8,12.32,M,40.00,M,6.0,0907*7D
2021:01:22:11:22:45.982000,1611310965.982,$GPGGA,102245.00,6342.682843,N,01058.744233,E,2,12,0.7,12.33,M,40.00,M,7.0,0907*72
2021:01:22:11:22:46.982000,1611310966.982,$GPGGA,102246.00,6342.682834,N,01058.744283,E,2,12,0.7,12.31,M,40.00,M,8.0,0907*77
2021:01:22:11:22:47.982000,1611310967.982,$GPGGA,102247.00,6342.682822,N,01058.744316,E,2,12,0.7,12.31,M,40.00,M,9.0,0907*7D
2021:01:22:11:22:48.982000,1611310968.982,$GPGGA,102248.00,6342.682813,N,01058.744294,E,2,12,0.8,12.35,M,40.00,M,5.0,0907*7C
2021:01:22:11:22:49.982000,1611310969.982,$GPGGA,102249.00,6342.682795,N,01058.744268,E,2,12,0.8,12.34,M,40.00,M,6.0,0907*7D
2021:01:22:11:22:51.982000,1611310971.982,$GPGGA,102251.00,6342.682770,N,01058.744272,E,2,12,0.8,12.34,M,40.00,M,8.0,0907*7A
2021:01:22:11:22:52.982000,1611310972.982,$GPGGA,102252.00,6342.682752,N,01058.744176,E,2,12,0.8,12.32,M,40.00,M,9.0,0907*79
2021:01:22:11:22:53.983000,1611310973.983,$GPGGA,102253.00,6342.682744,N,01058.744121,E,2,12,0.8,12.32,M,40.00,M,10.0,0907*45
2021:01:22:11:22:55.983000,1611310975.983,$GPGGA,102255.00,6342.682712,N,01058.744019,E,2,12,0.8,12.33,M,40.00,M,12.0,0907*49
2021:01:22:11:22:56.983000,1611310976.983,$GPGGA,102256.00,6342.682735,N,01058.743966,E,2,12,0.8,12.30,M,40.00,M,13.0,0907*4B
2021:01:22:11:22:57.983000,1611310977.983,$GPGGA,102257.00,6342.682699,N,01058.743916,E,2,12,0.8,12.33,M,40.00,M,14.0,0907*4E
2021:01:22:11:22:59.983000,1611310979.983,$GPGGA,102259.00,6342.682725,N,01058.743760,E,2,12,0.8,12.30,M,40.00,M,10.0,0907*4E
2021:01:22:11:23:00.983000,1611310980.983,$GPGGA,102300.00,6342.682736,N,01058.743784,E,2,12,0.8,12.31,M,40.00,M,11.0,0907*4B
2021:01:22:11:23:01.983000,1611310981.983,$GPGGA,102301.00,6342.682715,N,01058.743731,E,2,12,0.8,12.33,M,40.00,M,12.0,0907*44
2021:01:22:11:23:03.982000,1611310983.982,$GPGGA,102303.00,6342.682754,N,01058.743642,E,2,12,0.8,12.34,M,40.00,M,10.0,0907*43
2021:01:22:11:23:04.982000,1611310984.982,$GPGGA,102304.00,6342.682764,N,01058.743589,E,2,12,0.8,12.33,M,40.00,M,11.0,0907*45
2021:01:22:11:23:05.982000,1611310985.982,$GPGGA,102305.00,6342.682775,N,01058.743533,E,2,12,0.8,12.32,M,40.00,M,7.0,0907*73
2021:01:22:11:23:06.982000,1611310986.982,$GPGGA,102306.00,6342.682780,N,01058.743518,E,2,12,0.8,12.32,M,40.00,M,8.0,0907*7C
2021:01:22:11:23:07.982000,1611310987.982,$GPGGA,102307.00,6342.682805,N,01058.743494,E,2,12,0.8,12.34,M,40.00,M,9.0,0907*7D
2021:01:22:11:23:08.983000,1611310988.983,$GPGGA,102308.00,6342.682844,N,01058.743479,E,2,12,0.8,12.32,M,40.00,M,10.0,0907*4A
2021:01:22:11:23:09.983000,1611310989.983,$GPGGA,102309.00,6342.682837,N,01058.743446,E,2,12,0.8,12.32,M,40.00,M,11.0,0907*42
2021:01:22:11:23:11.983000,1611310991.983,$GPGGA,102311.00,6342.682871,N,01058.743448,E,2,12,0.8,12.33,M,40.00,M,7.0,0907*71
2021:01:22:11:23:12.983000,1611310992.983,$GPGGA,102312.00,6342.682884,N,01058.743467,E,2,12,0.8,12.34,M,40.00,M,8.0,0907*7D
2021:01:22:11:23:13.983000,1611310993.983,$GPGGA,102313.00,6342.682874,N,01058.743482,E,2,12,0.8,12.36,M,40.00,M,9.0,0907*7B
2021:01:22:11:23:15.983000,1611310995.983,$GPGGA,102315.00,6342.682873,N,01058.743520,E,2,12,0.8,12.34,M,40.00,M,6.0,0907*7E
2021:01:22:11:23:16.983000,1611310996.983,$GPGGA,102316.00,6342.682888,N,01058.743603,E,2,12,0.8,12.36,M,40.00,M,7.0,0907*78
2021:01:22:11:23:17.983000,1611310997.983,$GPGGA,102317.00,6342.682877,N,01058.743637,E,2,12,0.8,12.36,M,40.00,M,8.0,0907*71
2021:01:22:11:23:19.983000,1611310999.983,$GPGGA,102319.00,6342.682866,N,01058.743680,E,2,12,0.8,12.33,M,40.00,M,10.0,0907*4F
2021:01:22:11:23:20.983000,1611311000.983,$GPGGA,102320.00,6342.682848,N,01058.743678,E,2,12,0.8,12.34,M,40.00,M,11.0,0907*48
2021:01:22:11:23:21.983000,1611311001.983,$GPGGA,102321.00,6342.682821,N,01058.743682,E,2,12,0.8,12.35,M,40.00,M,7.0,0907*75
2021:01:22:11:23:22.984000,1611311002.984,$GPGGA,102322.00,6342.682828,N,01058.743687,E,2,12,0.8,12.33,M,40.00,M,8.0,0907*73
2021:01:22:11:23:23.984000,1611311003.984,$GPGGA,102323.00,6342.682826,N,01058.743687,E,2,12,0.8,12.33,M,40.00,M,9.0,0907*7D
2021:01:22:11:23:24.984000,1611311004.984,$GPGGA,102324.00,6342.682801,N,01058.743721,E,2,12,0.8,12.35,M,40.00,M,10.0,0907*4C
2021:01:22:11:23:25.984000,1611311005.984,$GPGGA,102325.00,6342.682817,N,01058.743715,E,2,12,0.8,12.37,M,40.00,M,6.0,0907*78
2021:01:22:11:23:26.984000,1611311006.984,$GPGGA,102326.00,6342.682820,N,01058.743622,E,2,12,0.8,12.33,M,40.00,M,7.0,0907*7F
2021:01:22:11:23:27.984000,1611311007.984,$GPGGA,102327.00,6342.682788,N,01058.743591,E,2,12,0.8,12.35,M,40.00,M,8.0,0907*71
2021:01:22:11:23:28.984000,1611311008.984,$GPGGA,102328.00,6342.682814,N,01058.743637,E,2,12,0.8,12.35,M,40.00,M,9.0,0907*7A
2021:01:22:11:23:29.984000,1611311009.984,$GPGGA,102329.00,6342.682846,N,01058.743637,E,2,12,0.8,12.35,M,40.00,M,5.0,0907*70
2021:01:22:11:23:30.984000,1611311010.984,$GPGGA,102330.00,6342.682820,N,01058.743628,E,2,12,0.8,12.35,M,40.00,M,6.0,0907*75
2021:01:22:11:23:31.984000,1611311011.984,$GPGGA,102331.00,6342.682823,N,01058.743603,E,2,12,0.8,12.36,M,40.00,M,7.0,0907*7C
2021:01:22:11:23:32.983000,1611311012.983,$GPGGA,102332.00,6342.682856,N,01058.743602,E,2,12,0.8,12.33,M,40.00,M,8.0,0907*76
2021:01:22:11:23:33.983000,1611311013.983,$GPGGA,102333.00,6342.682874,N,01058.743652,E,2,12,0.8,12.32,M,40.00,M,9.0,0907*72
2021:01:22:11:23:34.983000,1611311014.983,$GPGGA,102334.00,6342.682858,N,01058.743706,E,2,12,0.8,12.36,M,40.00,M,10.0,0907*47
2021:01:22:11:23:35.983000,1611311015.983,$GPGGA,102335.00,6342.682869,N,01058.743722,E,2,12,0.8,12.34,M,40.00,M,5.0,0907*74
2021:01:22:11:23:36.983000,1611311016.983,$GPGGA,102336.00,6342.682879,N,01058.743696,E,2,12,0.8,12.30,M,40.00,M,6.0,0907*7F
2021:01:22:11:23:37.984000,1611311017.984,$GPGGA,102337.00,6342.682878,N,01058.743722,E,2,12,0.8,12.32,M,40.00,M,7.0,0907*72
2021:01:22:11:23:38.984000,1611311018.984,$GPGGA,102338.00,6342.682878,N,01058.743790,E,2,12,0.8,12.35,M,40.00,M,8.0,0907*7C
2021:01:22:11:23:39.984000,1611311019.984,$GPGGA,102339.00,6342.682883,N,01058.743805,E,2,12,0.8,12.33,M,40.00,M,9.0,0907*7D
2021:01:22:11:23:40.984000,1611311020.984,$GPGGA,102340.00,6342.682880,N,01058.743805,E,2,12,0.8,12.32,M,40.00,M,10.0,0907*49
2021:01:22:11:23:41.984000,1611311021.984,$GPGGA,102341.00,6342.682880,N,01058.743800,E,2,12,0.8,12.33,M,40.00,M,6.0,0907*7B
2021:01:22:11:23:42.984000,1611311022.984,$GPGGA,102342.00,6342.682869,N,01058.743764,E,2,12,0.8,12.35,M,40.00,M,7.0,0907*75
2021:01:22:11:23:43.984000,1611311023.984,$GPGGA,102343.00,6342.682857,N,01058.743772,E,2,12,0.8,12.35,M,40.00,M,8.0,0907*71
2021:01:22:11:23:44.984000,1611311024.984,$GPGGA,102344.00,6342.682859,N,01058.743787,E,2,12,0.8,12.33,M,40.00,M,9.0,0907*75
2021:01:22:11:23:45.984000,1611311025.984,$GPGGA,102345.00,6342.682847,N,01058.743725,E,2,12,0.8,12.32,M,40.00,M,5.0,0907*7E
2021:01:22:11:23:46.984000,1611311026.984,$GPGGA,102346.00,6342.682815,N,01058.743646,E,2,12,0.8,12.35,M,40.00,M,6.0,0907*7A
2021:01:22:11:23:47.984000,1611311027.984,$GPGGA,102347.00,6342.682798,N,01058.743613,E,2,12,0.8,12.34,M,40.00,M,7.0,0907*71
2021:01:22:11:23:49.984000,1611311029.984,$GPGGA,102349.00,6342.682775,N,01058.743524,E,2,12,0.8,12.31,M,40.00,M,9.0,0907*70
2021:01:22:11:23:50.984000,1611311030.984,$GPGGA,102350.00,6342.682764,N,01058.743497,E,2,12,0.8,12.32,M,40.00,M,10.0,0907*4A
2021:01:22:11:23:51.984000,1611311031.984,$GPGGA,102351.00,6342.682733,N,01058.743429,E,2,12,0.8,12.31,M,40.00,M,11.0,0907*4E
2021:01:22:11:23:53.985000,1611311033.985,$GPGGA,102353.00,6342.682729,N,01058.743428,E,2,12,0.7,12.29,M,40.00,M,8.0,0907*78
2021:01:22:11:23:54.985000,1611311034.985,$GPGGA,102354.00,6342.682708,N,01058.743434,E,2,12,0.7,12.32,M,40.00,M,9.0,0907*7A
2021:01:22:11:23:55.985000,1611311035.985,$GPGGA,102355.00,6342.682660,N,01058.743425,E,2,12,0.8,12.34,M,40.00,M,4.0,0907*70
2021:01:22:11:23:56.985000,1611311036.985,$GPGGA,102356.00,6342.682667,N,01058.743422,E,2,12,0.8,12.29,M,40.00,M,5.0,0907*7E
2021:01:22:11:23:57.985000,1611311037.985,$GPGGA,102357.00,6342.682675,N,01058.743398,E,2,12,0.8,12.29,M,40.00,M,6.0,0907*79
2021:01:22:11:23:58.985000,1611311038.985,$GPGGA,102358.00,6342.682639,N,01058.743436,E,2,12,0.8,12.34,M,40.00,M,7.0,0907*70
2021:01:22:11:23:59.985000,1611311039.985,$GPGGA,102359.00,6342.682633,N,01058.743440,E,2,12,0.8,12.33,M,40.00,M,8.0,0907*72
2021:01:22:11:24:01.984000,1611311041.984,$GPGGA,102401.00,6342.682644,N,01058.743447,E,2,12,0.8,12.30,M,40.00,M,10.0,0907*45
2021:01:22:11:24:02.984000,1611311042.984,$GPGGA,102402.00,6342.682640,N,01058.743417,E,2,12,0.8,12.31,M,40.00,M,6.0,0907*71
2021:01:22:11:24:03.984000,1611311043.984,$GPGGA,102403.00,6342.682646,N,01058.743425,E,2,12,0.8,12.32,M,40.00,M,7.0,0907*75
2021:01:22:11:24:05.984000,1611311045.984,$GPGGA,102405.00,6342.682682,N,01058.743392,E,2,12,0.8,12.28,M,40.00,M,9.0,0907*75
2021:01:22:11:24:06.984000,1611311046.984,$GPGGA,102406.00,6342.682703,N,01058.743433,E,2,12,0.8,12.32,M,40.00,M,10.0,0907*41
2021:01:22:11:24:07.985000,1611311047.985,$GPGGA,102407.00,6342.682716,N,01058.743432,E,2,12,0.8,12.34,M,40.00,M,11.0,0907*42
2021:01:22:11:24:09.985000,1611311049.985,$GPGGA,102409.00,6342.682766,N,01058.743316,E,2,12,0.8,12.29,M,40.00,M,8.0,0907*7E
2021:01:22:11:24:10.985000,1611311050.985,$GPGGA,102410.00,6342.682791,N,01058.743354,E,2,12,0.8,12.34,M,40.00,M,9.0,0907*75
2021:01:22:11:24:11.985000,1611311051.985,$GPGGA,102411.00,6342.682817,N,01058.743346,E,2,12,0.8,12.35,M,40.00,M,10.0,0907*4F
2021:01:22:11:24:13.985000,1611311053.985,$GPGGA,102413.00,6342.682887,N,01058.743351,E,2,12,0.8,12.30,M,40.00,M,7.0,0907*71
2021:01:22:11:24:14.985000,1611311054.985,$GPGGA,102414.00,6342.682903,N,01058.743370,E,2,12,0.8,12.33,M,40.00,M,8.0,0907*74
2021:01:22:11:24:15.985000,1611311055.985,$GPGGA,102415.00,6342.682919,N,01058.743440,E,2,12,0.8,12.37,M,40.00,M,9.0,0907*7F
2021:01:22:11:24:16.985000,1611311056.985,$GPGGA,102416.00,6342.682943,N,01058.743426,E,2,12,0.8,12.35,M,40.00,M,10.0,0907*49
2021:01:22:11:24:17.985000,1611311057.985,$GPGGA,102417.00,6342.682957,N,01058.743437,E,2,12,0.8,12.32,M,40.00,M,11.0,0907*4B
2021:01:22:11:24:18.985000,1611311058.985,$GPGGA,102418.00,6342.682971,N,01058.743486,E,2,12,0.8,12.33,M,40.00,M,12.0,0907*48
2021:01:22:11:24:19.985000,1611311059.985,$GPGGA,102419.00,6342.682987,N,01058.743533,E,2,12,0.8,12.35,M,40.00,M,13.0,0907*48
2021:01:22:11:24:20.985000,1611311060.985,$GPGGA,102420.00,6342.683012,N,01058.743606,E,2,12,0.8,12.36,M,40.00,M,14.0,0907*47
2021:01:22:11:24:21.985000,1611311061.985,$GPGGA,102421.00,6342.683020,N,01058.743659,E,2,12,0.8,12.35,M,40.00,M,15.0,0907*4F
2021:01:22:11:24:22.986000,1611311062.986,$GPGGA,102422.00,6342.682996,N,01058.743654,E,2,12,0.8,12.35,M,40.00,M,5.0,0907*75
2021:01:22:11:24:23.986000,1611311063.986,$GPGGA,102423.00,6342.682999,N,01058.743615,E,2,12,0.8,12.34,M,40.00,M,6.0,0907*7C
2021:01:22:11:24:24.986000,1611311064.986,$GPGGA,102424.00,6342.683013,N,01058.743666,E,2,12,0.8,12.33,M,40.00,M,7.0,0907*73
2021:01:22:11:24:25.986000,1611311065.986,$GPGGA,102425.00,6342.682990,N,01058.743748,E,2,12,0.8,12.35,M,40.00,M,8.0,0907*75
2021:01:22:11:24:26.986000,1611311066.986,$GPGGA,102426.00,6342.682983,N,01058.743750,E,2,12,0.8,12.36,M,40.00,M,9.0,0907*7F
2021:01:22:11:24:27.986000,1611311067.986,$GPGGA,102427.00,6342.682976,N,01058.743749,E,2,12,0.8,12.33,M,40.00,M,10.0,0907*41
2021:01:22:11:24:28.986000,1611311068.986,$GPGGA,102428.00,6342.682955,N,01058.743797,E,2,12,0.8,12.31,M,40.00,M,11.0,0907*4F
2021:01:22:11:24:29.986000,1611311069.986,$GPGGA,102429.00,6342.682937,N,01058.743896,E,2,12,0.8,12.35,M,40.00,M,7.0,0907*77
2021:01:22:11:24:30.986000,1611311070.986,$GPGGA,102430.00,6342.682936,N,01058.743953,E,2,12,0.8,12.37,M,40.00,M,8.0,0907*7B
2021:01:22:11:24:31.985000,1611311071.985,$GPGGA,102431.00,6342.682918,N,01058.743933,E,2,12,0.8,12.33,M,40.00,M,9.0,0907*75
2021:01:22:11:24:32.985000,1611311072.985,$GPGGA,102432.00,6342.682890,N,01058.743936,E,2,12,0.8,12.33,M,40.00,M,10.0,0907*4A
2021:01:22:11:24:33.985000,1611311073.985,$GPGGA,102433.00,6342.682865,N,01058.743982,E,2,12,0.8,12.34,M,40.00,M,11.0,0907*48
2021:01:22:11:24:34.985000,1611311074.985,$GPGGA,102434.00,6342.682860,N,01058.744054,E,2,12,0.8,12.35,M,40.00,M,12.0,0907*4D
2021:01:22:11:24:35.985000,1611311075.985,$GPGGA,102435.00,6342.682843,N,01058.744117,E,2,12,0.8,12.35,M,40.00,M,7.0,0907*7F
2021:01:22:11:24:36.986000,1611311076.986,$GPGGA,102436.00,6342.682829,N,01058.744149,E,2,12,0.8,12.33,M,40.00,M,8.0,0907*72
2021:01:22:11:24:37.986000,1611311077.986,$GPGGA,102437.00,6342.682796,N,01058.744124,E,2,12,0.8,12.33,M,40.00,M,9.0,0907*72
2021:01:22:11:24:38.986000,1611311078.986,$GPGGA,102438.00,6342.682772,N,01058.744134,E,2,12,0.8,12.34,M,40.00,M,10.0,0907*49
2021:01:22:11:24:39.986000,1611311079.986,$GPGGA,102439.00,6342.682773,N,01058.744178,E,2,12,0.8,12.33,M,40.00,M,11.0,0907*47
2021:01:22:11:24:40.986000,1611311080.986,$GPGGA,102440.00,6342.682762,N,01058.744248,E,2,12,0.8,12.33,M,40.00,M,12.0,0907*4A
2021:01:22:11:24:41.986000,1611311081.986,$GPGGA,102441.00,6342.682734,N,01058.744268,E,2,12,0.8,12.34,M,40.00,M,13.0,0907*4C
2021:01:22:11:24:42.986000,1611311082.986,$GPGGA,102442.00,6342.682720,N,01058.744261,E,2,12,0.8,12.33,M,40.00,M,9.0,0907*7F
2021:01:22:11:24:43.986000,1611311083.986,$GPGGA,102443.00,6342.682712,N,01058.744292,E,2,12,0.8,12.33,M,40.00,M,10.0,0907*4B
2021:01:22:11:24:44.986000,1611311084.986,$GPGGA,102444.00,6342.682706,N,01058.744319,E,2,12,0.8,12.32,M,40.00,M,11.0,0907*4B
2021:01:22:11:24:45.986000,1611311085.986,$GPGGA,102445.00,6342.682692,N,01058.744341,E,2,12,0.8,12.31,M,40.00,M,7.0,0907*7F
2021:01:22:11:24:46.986000,1611311086.986,$GPGGA,102446.00,6342.682685,N,01058.744375,E,2,12,0.8,12.32,M,40.00,M,8.0,0907*71
2021:01:22:11:24:47.986000,1611311087.986,$GPGGA,102447.00,6342.682686,N,01058.744412,E,2,12,0.8,12.31,M,40.00,M,9.0,0907*77
2021:01:22:11:24:48.986000,1611311088.986,$GPGGA,102448.00,6342.682676,N,01058.744403,E,2,12,0.8,12.30,M,40.00,M,10.0,0907*4E
2021:01:22:11:24:49.986000,1611311089.986,$GPGGA,102449.00,6342.682671,N,01058.744414,E,2,12,0.8,12.30,M,40.00,M,6.0,0907*79
2021:01:22:11:24:51.987000,1611311091.987,$GPGGA,102451.00,6342.682685,N,01058.744491,E,2,12,0.8,12.30,M,40.00,M,8.0,0907*78
2021:01:22:11:24:52.987000,1611311092.987,$GPGGA,102452.00,6342.682677,N,01058.744457,E,2,12,0.8,12.30,M,40.00,M,9.0,0907*7D
2021:01:22:11:24:53.987000,1611311093.987,$GPGGA,102453.00,6342.682670,N,01058.744494,E,2,12,0.8,12.32,M,40.00,M,10.0,0907*4E
2021:01:22:11:24:55.987000,1611311095.987,$GPGGA,102455.00,6342.682692,N,01058.744390,E,2,12,0.8,12.26,M,40.00,M,12.0,0907*40
2021:01:22:11:24:56.987000,1611311096.987,$GPGGA,102456.00,6342.682682,N,01058.744427,E,2,12,0.8,12.29,M,40.00,M,13.0,0907*47
2021:01:22:11:24:57.987000,1611311097.987,$GPGGA,102457.00,6342.682697,N,01058.744444,E,2,12,0.8,12.29,M,40.00,M,14.0,0907*40
2021:01:22:11:24:59.986000,1611311099.986,$GPGGA,102459.00,6342.682717,N,01058.744321,E,2,12,0.8,12.30,M,40.00,M,9.0,0907*77
2021:01:22:11:25:00.986000,1611311100.986,$GPGGA,102500.00,6342.682733,N,01058.744357,E,2,12,0.8,12.32,M,40.00,M,10.0,0907*47
2021:01:22:11:25:01.986000,1611311101.986,$GPGGA,102501.00,6342.682758,N,01058.744343,E,2,12,0.8,12.31,M,40.00,M,11.0,0907*4C
2021:01:22:11:25:03.986000,1611311103.986,$GPGGA,102503.00,6342.682774,N,01058.744275,E,2,12,0.8,12.34,M,40.00,M,7.0,0907*76
2021:01:22:11:25:04.986000,1611311104.986,$GPGGA,102504.00,6342.682792,N,01058.744310,E,2,12,0.8,12.36,M,40.00,M,8.0,0907*76
2021:01:22:11:25:05.986000,1611311105.986,$GPGGA,102505.00,6342.682785,N,01058.744235,E,2,12,0.8,12.32,M,40.00,M,9.0,0907*72
2021:01:22:11:25:06.987000,1611311106.987,$GPGGA,102506.00,6342.682794,N,01058.744204,E,2,12,0.8,12.30,M,40.00,M,10.0,0907*49
2021:01:22:11:25:07.987000,1611311107.987,$GPGGA,102507.00,6342.682809,N,01058.744299,E,2,12,0.8,12.34,M,40.00,M,11.0,0907*42
2021:01:22:11:25:08.987000,1611311108.987,$GPGGA,102508.00,6342.682797,N,01058.744284,E,2,12,0.8,12.34,M,40.00,M,12.0,0907*4A
2021:01:22:11:25:09.987000,1611311109.987,$GPGGA,102509.00,6342.682782,N,01058.744156,E,2,12,0.8,12.30,M,40.00,M,8.0,0907*7C
2021:01:22:11:25:11.987000,1611311111.987,$GPGGA,102511.00,6342.682771,N,01058.744173,E,2,12,0.8,12.35,M,40.00,M,10.0,0907*42
2021:01:22:11:25:12.987000,1611311112.987,$GPGGA,102512.00,6342.682740,N,01058.744125,E,2,12,0.8,12.33,M,40.00,M,11.0,0907*47
2021:01:22:11:25:13.987000,1611311113.987,$GPGGA,102513.00,6342.682726,N,01058.744097,E,2,12,0.8,12.32,M,40.00,M,12.0,0907*4C
2021:01:22:11:25:15.987000,1611311115.987,$GPGGA,102515.00,6342.682678,N,01058.743976,E,2,12,0.8,12.33,M,40.00,M,14.0,0907*46
2021:01:22:11:25:16.987000,1611311116.987,$GPGGA,102516.00,6342.682656,N,01058.743955,E,2,12,0.8,12.32,M,40.00,M,10.0,0907*4D
2021:01:22:11:25:17.987000,1611311117.987,$GPGGA,102517.00,6342.682664,N,01058.743943,E,2,12,0.8,12.30,M,40.00,M,11.0,0907*49
2021:01:22:11:25:19.987000,1611311119.987,$GPGGA,102519.00,6342.682601,N,01058.743884,E,2,12,0.8,12.34,M,40.00,M,13.0,0907*48
2021:01:22:11:25:20.987000,1611311120.987,$GPGGA,102520.00,6342.682628,N,01058.743827,E,2,12,0.8,12.29,M,40.00,M,14.0,0907*4B
2021:01:22:11:25:21.988000,1611311121.988,$GPGGA,102521.00,6342.682616,N,01058.743830,E,2,12,0.8,12.31,M,40.00,M,15.0,0907*49
2021:01:22:11:25:23.988000,1611311123.988,$GPGGA,102523.00,6342.682595,N,01058.743759,E,2,12,0.8,12.28,M,40.00,M,6.0,0907*79
2021:01:22:11:25:24.988000,1611311124.988,$GPGGA,102524.00,6342.682609,N,01058.743800,E,2,12,0.8,12.30,M,40.00,M,7.0,0907*73
2021:01:22:11:25:25.988000,1611311125.988,$GPGGA,102525.00,6342.682568,N,01058.743800,E,2,12,0.8,12.33,M,40.00,M,8.0,0907*7A
2021:01:22:11:25:26.988000,1611311126.988,$GPGGA,102526.00,6342.682560,N,01058.743720,E,2,12,0.8,12.29,M,40.00,M,9.0,0907*76
2021:01:22:11:25:27.988000,1611311127.988,$GPGGA,102527.00,6342.682583,N,01058.743732,E,2,12,0.8,12.28,M,40.00,M,10.0,0907*40
2021:01:22:11:25:28.987000,1611311128.987,$GPGGA,102528.00,6342.682569,N,01058.743820,E,2,12,0.8,12.32,M,40.00,M,11.0,0907*4D
2021:01:22:11:25:29.988000,1611311129.988,$GPGGA,102529.00,6342.682528,N,01058.743816,E,2,12,0.8,12.33,M,40.00,M,12.0,0907*4E
2021:01:22:11:25:30.987000,1611311130.987,$GPGGA,102530.00,6342.682525,N,01058.743775,E,2,12,0.8,12.29,M,40.00,M,8.0,0907*71
2021:01:22:11:25:31.987000,1611311131.987,$GPGGA,102531.00,6342.682522,N,01058.743779,E,2,12,0.8,12.30,M,40.00,M,9.0,0907*72
2021:01:22:11:25:32.987000,1611311132.987,$GPGGA,102532.00,6342.682475,N,01058.743804,E,2,12,0.8,12.35,M,40.00,M,5.0,0907*7E
2021:01:22:11:25:33.987000,1611311133.987,$GPGGA,102533.00,6342.682437,N,01058.743770,E,2,12,0.8,12.34,M,40.00,M,6.0,0907*77
2021:01:22:11:25:34.987000,1611311134.987,$GPGGA,102534.00,6342.682428,N,01058.743740,E,2,12,0.8,12.31,M,40.00,M,7.0,0907*79
2021:01:22:11:25:35.987000,1611311135.987,$GPGGA,102535.00,6342.682402,N,01058.743692,E,2,12,0.8,12.30,M,40.00,M,8.0,0907*70
2021:01:22:11:25:36.988000,1611311136.988,$GPGGA,102536.00,6342.682345,N,01058.743651,E,2,12,0.8,12.32,M,40.00,M,9.0,0907*7B
2021:01:22:11:25:37.988000,1611311137.988,$GPGGA,102537.00,6342.682332,N,01058.743669,E,2,12,0.8,12.35,M,40.00,M,10.0,0907*4E
2021:01:22:11:25:38.988000,1611311138.988,$GPGGA,102538.00,6342.682332,N,01058.743612,E,2,12,0.8,12.32,M,40.00,M,11.0,0907*4B
2021:01:22:11:25:39.988000,1611311139.988,$GPGGA,102539.00,6342.682287,N,01058.743506,E,2,12,0.8,12.29,M,40.00,M,12.0,0907*4A
2021:01:22:11:25:40.988000,1611311140.988,$GPGGA,102540.00,6342.682271,N,01058.743523,E,2,12,0.8,12.32,M,40.00,M,8.0,0907*7B
2021:01:22:11:25:41.988000,1611311141.988,$GPGGA,102541.00,6342.682279,N,01058.743546,E,2,12,0.8,12.34,M,40.00,M,9.0,0907*76
2021:01:22:11:25:42.988000,1611311142.988,$GPGGA,102542.00,6342.682250,N,01058.743443,E,2,12,0.8,12.32,M,40.00,M,5.0,0907*70
2021:01:22:11:25:43.988000,1611311143.988,$GPGGA,102543.00,6342.682236,N,01058.743332,E,2,12,0.8,12.29,M,40.00,M,6.0,0907*79
2021:01:22:11:25:44.988000,1611311144.988,$GPGGA,102544.00,6342.682248,N,01058.743296,E,2,12,0.8,12.30,M,40.00,M,7.0,0907*71
2021:01:22:11:25:45.988000,1611311145.988,$GPGGA,102545.00,6342.682226,N,01058.743247,E,2,12,0.8,12.33,M,40.00,M,8.0,0907*78
2021:01:22:11:25:46.988000,1611311146.988,$GPGGA,102546.00,6342.682220,N,01058.743211,E,2,12,0.8,12.33,M,40.00,M,9.0,0907*7F
2021:01:22:11:25:47.988000,1611311147.988,$GPGGA,102547.00,6342.682233,N,01058.743153,E,2,12,0.8,12.31,M,40.00,M,10.0,0907*43
2021:01:22:11:25:48.988000,1611311148.988,$GPGGA,102548.00,6342.682223,N,01058.743074,E,2,12,0.8,12.32,M,40.00,M,11.0,0907*4B
2021:01:22:11:25:49.988000,1611311149.988,$GPGGA,102549.00,6342.682229,N,01058.743031,E,2,12,0.8,12.31,M,40.00,M,12.0,0907*41
2021:01:22:11:25:50.988000,1611311150.988,$GPGGA,102550.00,6342.682240,N,01058.742997,E,2,12,0.8,12.30,M,40.00,M,7.0,0907*77
2021:01:22:11:25:51.989000,1611311151.989,$GPGGA,102551.00,6342.682232,N,01058.742929,E,2,12,0.8,12.30,M,40.00,M,8.0,0907*79
2021:01:22:11:25:53.989000,1611311153.989,$GPGGA,102553.00,6342.682252,N,01058.742855,E,2,12,0.8,12.32,M,40.00,M,5.0,0907*78
2021:01:22:11:25:54.989000,1611311154.989,$GPGGA,102554.00,6342.682259,N,01058.742774,E,2,12,0.8,12.31,M,40.00,M,6.0,0907*78
2021:01:22:11:25:55.989000,1611311155.989,$GPGGA,102555.00,6342.682281,N,01058.742696,E,2,12,0.8,12.31,M,40.00,M,7.0,0907*70
2021:01:22:11:25:56.989000,1611311156.989,$GPGGA,102556.00,6342.682277,N,01058.742638,E,2,12,0.8,12.30,M,40.00,M,8.0,0907*70
2021:01:22:11:25:57.989000,1611311157.989,$GPGGA,102557.00,6342.682293,N,01058.742644,E,2,12,0.8,12.32,M,40.00,M,9.0,0907*73
2021:01:22:11:25:58.988000,1611311158.988,$GPGGA,102558.00,6342.682311,N,01058.742569,E,2,12,0.8,12.32,M,40.00,M,10.0,0907*43
2021:01:22:11:25:59.989000,1611311159.989,$GPGGA,102559.00,6342.682334,N,01058.742450,E,2,12,0.8,12.31,M,40.00,M,6.0,0907*7A
2021:01:22:11:26:01.988000,1611311161.988,$GPGGA,102601.00,6342.682356,N,01058.742358,E,2,12,0.8,12.32,M,40.00,M,8.0,0907*72
2021:01:22:11:26:02.988000,1611311162.988,$GPGGA,102602.00,6342.682392,N,01058.742362,E,2,12,0.8,12.33,M,40.00,M,9.0,0907*70
2021:01:22:11:26:03.988000,1611311163.988,$GPGGA,102603.00,6342.682421,N,01058.742282,E,2,12,0.8,12.30,M,40.00,M,10.0,0907*4A
2021:01:22:11:26:05.988000,1611311165.988,$GPGGA,102605.00,6342.682449,N,01058.742207,E,2,12,0.8,12.32,M,40.00,M,12.0,0907*4F
2021:01:22:11:26:06.989000,1611311166.989,$GPGGA,102606.00,6342.682479,N,01058.742123,E,2,12,0.8,12.29,M,40.00,M,13.0,0907*41
2021:01:22:11:26:07.989000,1611311167.989,$GPGGA,102607.00,6342.682519,N,01058.742135,E,2,12,0.8,12.29,M,40.00,M,9.0,0907*7B
2021:01:22:11:26:08.989000,1611311168.989,$GPGGA,102608.00,6342.682530,N,01058.742176,E,2,12,0.8,12.33,M,40.00,M,10.0,0907*4B
2021:01:22:11:26:09.989000,1611311169.989,$GPGGA,102609.00,6342.682562,N,01058.742077,E,2,12,0.8,12.31,M,40.00,M,6.0,0907*78
2021:01:22:11:26:10.989000,1611311170.989,$GPGGA,102610.00,6342.682601,N,01058.742032,E,2,12,0.8,12.29,M,40.00,M,7.0,0907*7F
2021:01:22:11:26:11.989000,1611311171.989,$GPGGA,102611.00,6342.682607,N,01058.742050,E,2,12,0.8,12.32,M,40.00,M,8.0,0907*79
2021:01:22:11:26:13.989000,1611311173.989,$GPGGA,102613.00,6342.682668,N,01058.742050,E,2,12,0.8,12.32,M,40.00,M,10.0,0907*4B
2021:01:22:11:26:14.989000,1611311174.989,$GPGGA,102614.00,6342.682691,N,01058.741998,E,2,12,0.8,12.30,M,40.00,M,11.0,0907*47
2021:01:22:11:26:15.989000,1611311175.989,$GPGGA,102615.00,6342.682702,N,01058.741938,E,2,12,0.8,12.30,M,40.00,M,12.0,0907*44
2021:01:22:11:26:16.989000,1611311176.989,$GPGGA,102616.00,6342.682711,N,01058.741961,E,2,12,0.8,12.32,M,40.00,M,13.0,0907*4A
2021:01:22:11:26:17.989000,1611311177.989,$GPGGA,102617.00,6342.682756,N,01058.741983,E,2,12,0.8,12.30,M,40.00,M,8.0,0907*7C
2021:01:22:11:26:18.989000,1611311178.989,$GPGGA,102618.00,6342.682783,N,01058.741960,E,2,12,0.8,12.27,M,40.00,M,9.0,0907*71
2021:01:22:11:26:19.989000,1611311179.989,$GPGGA,102619.00,6342.682766,N,01058.741953,E,2,12,0.8,12.32,M,40.00,M,5.0,0907*73
2021:01:22:11:26:21.990000,1611311181.99,$GPGGA,102621.00,6342.682819,N,01058.741976,E,2,12,0.8,12.30,M,40.00,M,7.0,0907*78
2021:01:22:11:26:22.990000,1611311182.99,$GPGGA,102622.00,6342.682812,N,01058.741962,E,2,12,0.8,12.28,M,40.00,M,8.0,0907*73
2021:01:22:11:26:23.990000,1611311183.99,$GPGGA,102623.00,6342.682776,N,01058.742004,E,2,12,0.8,12.33,M,40.00,M,9.0,0907*7E
2021:01:22:11:26:25.990000,1611311185.99,$GPGGA,102625.00,6342.682811,N,01058.742012,E,2,12,0.8,12.29,M,40.00,M,11.0,0907*43
2021:01:22:11:26:26.990000,1611311186.99,$GPGGA,102626.00,6342.682806,N,01058.742027,E,2,12,0.8,12.28,M,40.00,M,7.0,0907*76
2021:01:22:11:26:27.989000,1611311187.989,$GPGGA,102627.00,6342.682771,N,01058.742089,E,2,12,0.8,12.33,M,40.00,M,8.0,0907*79
2021:01:22:11:26:28.989000,1611311188.989,$GPGGA,102628.00,6342.682773,N,01058.742163,E,2,12,0.8,12.35,M,40.00,M,9.0,0907*76
2021:01:22:11:26:29.989000,1611311189.989,$GPGGA,102629.00,6342.682817,N,01058.742195,E,2,12,0.8,12.32,M,40.00,M,10.0,0907*4C
2021:01:22:11:26:30.989000,1611311190.989,$GPGGA,102630.00,6342.682814,N,01058.742164,E,2,12,0.8,12.29,M,40.00,M,6.0,0907*74
2021:01:22:11:26:31.989000,1611311191.989,$GPGGA,102631.00,6342.682773,N,01058.742224,E,2,12,0.8,12.33,M,40.00,M,7.0,0907*76
2021:01:22:11:26:32.989000,1611311192.989,$GPGGA,102632.00,6342.682791,N,01058.742269,E,2,12,0.8,12.35,M,40.00,M,8.0,0907*79
2021:01:22:11:26:33.989000,1611311193.989,$GPGGA,102633.00,6342.682829,N,01058.742330,E,2,12,0.8,12.33,M,40.00,M,9.0,0907*7E
2021:01:22:11:26:34.989000,1611311194.989,$GPGGA,102634.00,6342.682826,N,01058.742361,E,2,12,0.8,12.31,M,40.00,M,10.0,0907*48
2021:01:22:11:26:35.991000,1611311195.991,$GPGGA,102635.00,6342.682820,N,01058.742391,E,2,12,0.8,12.32,M,40.00,M,11.0,0907*42
2021:01:22:11:26:36.990000,1611311196.99,$GPGGA,102636.00,6342.682838,N,01058.742504,E,2,12,0.8,12.36,M,40.00,M,7.0,0907*71
2021:01:22:11:26:37.990000,1611311197.99,$GPGGA,102637.00,6342.682886,N,01058.742586,E,2,12,0.8,12.34,M,40.00,M,8.0,0907*72
2021:01:22:11:26:38.990000,1611311198.99,$GPGGA,102638.00,6342.682896,N,01058.742633,E,2,12,0.8,12.32,M,40.00,M,9.0,0907*76
2021:01:22:11:26:39.990000,1611311199.99,$GPGGA,102639.00,6342.682869,N,01058.742699,E,2,12,0.8,12.36,M,40.00,M,10.0,0907*4B
2021:01:22:11:26:40.990000,1611311200.99,$GPGGA,102640.00,6342.682886,N,01058.742720,E,2,12,0.8,12.35,M,40.00,M,5.0,0907*70
2021:01:22:11:26:41.990000,1611311201.99,$GPGGA,102641.00,6342.682918,N,01058.742766,E,2,12,0.8,12.34,M,40.00,M,6.0,0907*77
2021:01:22:11:26:42.990000,1611311202.99,$GPGGA,102642.00,6342.682896,N,01058.742801,E,2,12,0.8,12.35,M,40.00,M,7.0,0907*7D
2021:01:22:11:26:43.990000,1611311203.99,$GPGGA,102643.00,6342.682883,N,01058.742843,E,2,12,0.8,12.35,M,40.00,M,8.0,0907*71
2021:01:22:11:26:44.990000,1611311204.99,$GPGGA,102644.00,6342.682911,N,01058.742894,E,2,12,0.8,12.35,M,40.00,M,9.0,0907*77
2021:01:22:11:26:45.990000,1611311205.99,$GPGGA,102645.00,6342.682915,N,01058.742925,E,2,12,0.8,12.36,M,40.00,M,10.0,0907*42
2021:01:22:11:26:46.990000,1611311206.99,$GPGGA,102646.00,6342.682884,N,01058.742926,E,2,12,0.8,12.34,M,40.00,M,6.0,0907*7E
2021:01:22:11:26:47.990000,1611311207.99,$GPGGA,102647.00,6342.682877,N,01058.742889,E,2,12,0.8,12.32,M,40.00,M,7.0,0907*70
2021:01:22:11:26:48.990000,1611311208.99,$GPGGA,102648.00,6342.682878,N,01058.742917,E,2,12,0.8,12.34,M,40.00,M,8.0,0907*7F
2021:01:22:11:26:49.990000,1611311209.99,$GPGGA,102649.00,6342.682867,N,01058.742960,E,2,12,0.7,12.38,M,40.00,M,9.0,0907*72
2021:01:22:11:26:50.991000,1611311210.991,$GPGGA,102650.00,6342.682864,N,01058.742887,E,2,12,0.8,12.33,M,40.00,M,10.0,0907*4D
2021:01:22:11:26:51.991000,1611311211.991,$GPGGA,102651.00,6342.682836,N,01058.742817,E,2,12,0.8,12.31,M,40.00,M,11.0,0907*41
2021:01:22:11:26:52.991000,1611311212.991,$GPGGA,102652.00,6342.682815,N,01058.742854,E,2,12,0.8,12.37,M,40.00,M,12.0,0907*41
2021:01:22:11:26:53.991000,1611311213.991,$GPGGA,102653.00,6342.682822,N,01058.742855,E,2,12,0.8,12.36,M,40.00,M,13.0,0907*45
2021:01:22:11:26:55.991000,1611311215.991,$GPGGA,102655.00,6342.682780,N,01058.742750,E,2,12,0.8,12.34,M,40.00,M,10.0,0907*4F
2021:01:22:11:26:56.991000,1611311216.991,$GPGGA,102656.00,6342.682768,N,01058.742732,E,2,12,0.8,12.36,M,40.00,M,6.0,0907*7B
2021:01:22:11:26:57.990000,1611311217.99,$GPGGA,102657.00,6342.682756,N,01058.742706,E,2,12,0.8,12.35,M,40.00,M,7.0,0907*72
2021:01:22:11:26:58.990000,1611311218.99,$GPGGA,102658.00,6342.682770,N,01058.742752,E,2,12,0.8,12.35,M,40.00,M,8.0,0907*77
2021:01:22:11:26:59.990000,1611311219.99,$GPGGA,102659.00,6342.682756,N,01058.742747,E,2,12,0.8,12.34,M,40.00,M,9.0,0907*76
2021:01:22:11:27:00.990000,1611311220.99,$GPGGA,102700.00,6342.682719,N,01058.742661,E,2,12,0.7,12.34,M,40.00,M,10.0,0907*42
2021:01:22:11:27:01.990000,1611311221.99,$GPGGA,102701.00,6342.682714,N,01058.742649,E,2,12,0.7,12.35,M,40.00,M,11.0,0907*44
2021:01:22:11:27:03.990000,1611311223.99,$GPGGA,102703.00,6342.682702,N,01058.742604,E,2,12,0.8,12.33,M,40.00,M,7.0,0907*76
2021:01:22:11:27:04.990000,1611311224.99,$GPGGA,102704.00,6342.682686,N,01058.742619,E,2,12,0.8,12.35,M,40.00,M,8.0,0907*79
2021:01:22:11:27:05.991000,1611311225.991,$GPGGA,102705.00,6342.682690,N,01058.742609,E,2,12,0.8,12.33,M,40.00,M,9.0,0907*79
2021:01:22:11:27:06.991000,1611311226.991,$GPGGA,102706.00,6342.682688,N,01058.742585,E,2,12,0.8,12.33,M,40.00,M,10.0,0907*4C
2021:01:22:11:27:07.991000,1611311227.991,$GPGGA,102707.00,6342.682680,N,01058.742605,E,2,12,0.8,12.36,M,40.00,M,11.0,0907*4A
2021:01:22:11:27:08.991000,1611311228.991,$GPGGA,102708.00,6342.682672,N,01058.742577,E,2,12,0.8,12.35,M,40.00,M,12.0,0907*4E
2021:01:22:11:27:09.991000,1611311229.991,$GPGGA,102709.00,6342.682671,N,01058.742567,E,2,12,0.8,12.33,M,40.00,M,13.0,0907*4A
2021:01:22:11:27:11.991000,1611311231.991,$GPGGA,102711.00,6342.682667,N,01058.742599,E,2,12,0.8,12.35,M,40.00,M,10.0,0907*40
2021:01:22:11:27:12.991000,1611311232.991,$GPGGA,102712.00,6342.682649,N,01058.742574,E,2,12,0.8,12.34,M,40.00,M,11.0,0907*4C
2021:01:22:11:27:13.991000,1611311233.991,$GPGGA,102713.00,6342.682681,N,01058.742702,E,2,12,0.8,12.38,M,40.00,M,7.0,0907*71
2021:01:22:11:27:15.991000,1611311235.991,$GPGGA,102715.00,6342.682659,N,01058.742774,E,2,12,0.8,12.36,M,40.00,M,9.0,0907*73
2021:01:22:11:27:16.991000,1611311236.991,$GPGGA,102716.00,6342.682666,N,01058.742811,E,2,12,0.8,12.38,M,40.00,M,10.0,0907*46
2021:01:22:11:27:17.991000,1611311237.991,$GPGGA,102717.00,6342.682679,N,01058.742920,E,2,12,0.8,12.37,M,40.00,M,6.0,0907*72
2021:01:22:11:27:18.991000,1611311238.991,$GPGGA,102718.00,6342.682660,N,01058.742913,E,2,12,0.8,12.36,M,40.00,M,7.0,0907*75
2021:01:22:11:27:19.991000,1611311239.991,$GPGGA,102719.00,6342.682642,N,01058.742870,E,2,12,0.8,12.34,M,40.00,M,8.0,0907*7D
2021:01:22:11:27:20.992000,1611311240.992,$GPGGA,102720.00,6342.682641,N,01058.742918,E,2,12,0.8,12.35,M,40.00,M,9.0,0907*7B
2021:01:22:11:27:21.992000,1611311241.992,$GPGGA,102721.00,6342.682651,N,01058.742976,E,2,12,0.8,12.38,M,40.00,M,10.0,0907*46
2021:01:22:11:27:23.992000,1611311243.992,$GPGGA,102723.00,6342.682648,N,01058.742952,E,2,12,0.8,12.35,M,40.00,M,12.0,0907*45
2021:01:22:11:27:24.992000,1611311244.992,$GPGGA,102724.00,6342.682636,N,01058.742965,E,2,12,0.8,12.37,M,40.00,M,13.0,0907*4C
2021:01:22:11:27:25.992000,1611311245.992,$GPGGA,102725.00,6342.682647,N,01058.742943,E,2,12,0.8,12.38,M,40.00,M,14.0,0907*47
2021:01:22:11:27:26.992000,1611311246.992,$GPGGA,102726.00,6342.682677,N,01058.742939,E,2,12,0.8,12.36,M,40.00,M,15.0,0907*45
2021:01:22:11:27:27.991000,1611311247.991,$GPGGA,102727.00,6342.682659,N,01058.742970,E,2,12,0.8,12.35,M,40.00,M,5.0,0907*77
2021:01:22:11:27:28.991000,1611311248.991,$GPGGA,102728.00,6342.682644,N,01058.742939,E,2,12,0.8,12.34,M,40.00,M,6.0,0907*7B
2021:01:22:11:27:29.991000,1611311249.991,$GPGGA,102729.00,6342.682681,N,01058.742975,E,2,12,0.8,12.33,M,40.00,M,7.0,0907*7D
2021:01:22:11:27:30.991000,1611311250.991,$GPGGA,102730.00,6342.682691,N,01058.743025,E,2,12,0.8,12.36,M,40.00,M,8.0,0907*73
2021:01:22:11:27:31.991000,1611311251.991,$GPGGA,102731.00,6342.682678,N,01058.743019,E,2,12,0.8,12.34,M,40.00,M,9.0,0907*79
2021:01:22:11:27:32.991000,1611311252.991,$GPGGA,102732.00,6342.682696,N,01058.743032,E,2,12,0.8,12.32,M,40.00,M,10.0,0907*4D
2021:01:22:11:27:33.991000,1611311253.991,$GPGGA,102733.00,6342.682701,N,01058.743042,E,2,12,0.8,12.34,M,40.00,M,6.0,0907*75
2021:01:22:11:27:34.991000,1611311254.991,$GPGGA,102734.00,6342.682694,N,01058.743044,E,2,12,0.8,12.34,M,40.00,M,7.0,0907*78
2021:01:22:11:27:35.992000,1611311255.992,$GPGGA,102735.00,6342.682706,N,01058.743110,E,2,12,0.8,12.35,M,40.00,M,8.0,0907*7D
2021:01:22:11:27:36.992000,1611311256.992,$GPGGA,102736.00,6342.682733,N,01058.743147,E,2,12,0.8,12.33,M,40.00,M,9.0,0907*7D
2021:01:22:11:27:37.992000,1611311257.992,$GPGGA,102737.00,6342.682728,N,01058.743096,E,2,12,0.8,12.30,M,40.00,M,10.0,0907*40
2021:01:22:11:27:38.992000,1611311258.992,$GPGGA,102738.00,6342.682721,N,01058.743123,E,2,12,0.8,12.34,M,40.00,M,11.0,0907*4C
2021:01:22:11:27:39.992000,1611311259.992,$GPGGA,102739.00,6342.682745,N,01058.743214,E,2,12,0.8,12.37,M,40.00,M,12.0,0907*48
2021:01:22:11:27:40.992000,1611311260.992,$GPGGA,102740.00,6342.682749,N,01058.743167,E,2,12,0.8,12.31,M,40.00,M,13.0,0907*4A
2021:01:22:11:27:41.992000,1611311261.992,$GPGGA,102741.00,6342.682738,N,01058.743097,E,2,12,0.8,12.30,M,40.00,M,8.0,0907*78
2021:01:22:11:27:42.992000,1611311262.992,$GPGGA,102742.00,6342.682738,N,01058.743145,E,2,12,0.8,12.35,M,40.00,M,9.0,0907*71
2021:01:22:11:27:43.992000,1611311263.992,$GPGGA,102743.00,6342.682761,N,01058.743187,E,2,12,0.8,12.36,M,40.00,M,5.0,0907*7D
2021:01:22:11:27:44.992000,1611311264.992,$GPGGA,102744.00,6342.682768,N,01058.743195,E,2,12,0.8,12.31,M,40.00,M,6.0,0907*74
2021:01:22:11:27:45.992000,1611311265.992,$GPGGA,102745.00,6342.682744,N,01058.743149,E,2,12,0.8,12.30,M,40.00,M,7.0,0907*7A
2021:01:22:11:27:46.992000,1611311266.992,$GPGGA,102746.00,6342.682745,N,01058.743113,E,2,12,0.8,12.31,M,40.00,M,8.0,0907*79
2021:01:22:11:27:47.992000,1611311267.992,$GPGGA,102747.00,6342.682767,N,01058.743132,E,2,12,0.8,12.34,M,40.00,M,9.0,0907*7F
2021:01:22:11:27:48.992000,1611311268.992,$GPGGA,102748.00,6342.682759,N,01058.743131,E,2,12,0.8,12.33,M,40.00,M,10.0,0907*41
2021:01:22:11:27:49.993000,1611311269.993,$GPGGA,102749.00,6342.682752,N,01058.743125,E,2,12,0.8,12.32,M,40.00,M,11.0,0907*4E
2021:01:22:11:27:50.993000,1611311270.993,$GPGGA,102750.00,6342.682757,N,01058.743115,E,2,12,0.7,12.31,M,40.00,M,7.0,0907*7B
2021:01:22:11:27:51.993000,1611311271.993,$GPGGA,102751.00,6342.682754,N,01058.743072,E,2,12,0.7,12.32,M,40.00,M,8.0,0907*75
2021:01:22:11:27:52.993000,1611311272.993,$GPGGA,102752.00,6342.682757,N,01058.743088,E,2,12,0.7,12.30,M,40.00,M,9.0,0907*73
2021:01:22:11:27:53.993000,1611311273.993,$GPGGA,102753.00,6342.682777,N,01058.743156,E,2,12,0.7,12.30,M,40.00,M,10.0,0907*4A
2021:01:22:11:27:54.993000,1611311274.993,$GPGGA,102754.00,6342.682782,N,01058.743184,E,2,12,0.7,12.34,M,40.00,M,6.0,0907*7B
2021:01:22:11:27:55.992000,1611311275.992,$GPGGA,102755.00,6342.682781,N,01058.743097,E,2,12,0.7,12.33,M,40.00,M,7.0,0907*7C
2021:01:22:11:27:57.992000,1611311277.992,$GPGGA,102757.00,6342.682806,N,01058.743045,E,2,12,0.8,12.32,M,40.00,M,9.0,0907*71
2021:01:22:11:27:58.992000,1611311278.992,$GPGGA,102758.00,6342.682817,N,01058.743090,E,2,12,0.8,12.35,M,40.00,M,10.0,0907*49
2021:01:22:11:27:59.992000,1611311279.992,$GPGGA,102759.00,6342.682835,N,01058.743026,E,2,12,0.8,12.32,M,40.00,M,11.0,0907*43
2021:01:22:11:28:01.992000,1611311281.992,$GPGGA,102801.00,6342.682858,N,01058.742956,E,2,12,0.8,12.34,M,40.00,M,8.0,0907*7B
2021:01:22:11:28:02.992000,1611311282.992,$GPGGA,102802.00,6342.682885,N,01058.742961,E,2,12,0.8,12.35,M,40.00,M,9.0,0907*7C
2021:01:22:11:28:03.992000,1611311283.992,$GPGGA,102803.00,6342.682900,N,01058.742915,E,2,12,0.8,12.33,M,40.00,M,10.0,0907*4C
2021:01:22:11:28:05.993000,1611311285.993,$GPGGA,102805.00,6342.682937,N,01058.742888,E,2,12,0.8,12.33,M,40.00,M,7.0,0907*7D
2021:01:22:11:28:06.993000,1611311286.993,$GPGGA,102806.00,6342.682941,N,01058.742902,E,2,12,0.8,12.35,M,40.00,M,8.0,0907*75
2021:01:22:11:28:07.993000,1611311287.993,$GPGGA,102807.00,6342.682949,N,01058.742812,E,2,12,0.8,12.30,M,40.00,M,9.0,0907*78
2021:01:22:11:28:08.993000,1611311288.993,$GPGGA,102808.00,6342.682979,N,01058.742824,E,2,12,0.8,12.30,M,40.00,M,10.0,0907*49
2021:01:22:11:28:09.993000,1611311289.993,$GPGGA,102809.00,6342.682985,N,01058.742858,E,2,12,0.8,12.34,M,40.00,M,11.0,0907*45
2021:01:22:11:28:10.993000,1611311290.993,$GPGGA,102810.00,6342.682999,N,01058.742818,E,2,12,0.8,12.34,M,40.00,M,7.0,0907*73
2021:01:22:11:28:11.993000,1611311291.993,$GPGGA,102811.00,6342.683004,N,01058.742765,E,2,12,0.7,12.31,M,40.00,M,8.0,0907*7E
2021:01:22:11:28:13.993000,1611311293.993,$GPGGA,102813.00,6342.683037,N,01058.742847,E,2,12,0.7,12.36,M,40.00,M,10.0,0907*4D
2021:01:22:11:28:14.993000,1611311294.993,$GPGGA,102814.00,6342.683054,N,01058.742856,E,2,12,0.7,12.33,M,40.00,M,6.0,0907*7D
2021:01:22:11:28:15.993000,1611311295.993,$GPGGA,102815.00,6342.683062,N,01058.742832,E,2,12,0.7,12.31,M,40.00,M,7.0,0907*78
2021:01:22:11:28:17.993000,1611311297.993,$GPGGA,102817.00,6342.683090,N,01058.742941,E,2,12,0.8,12.38,M,40.00,M,9.0,0907*7A
2021:01:22:11:28:18.993000,1611311298.993,$GPGGA,102818.00,6342.683116,N,01058.742967,E,2,12,0.8,12.35,M,40.00,M,10.0,0907*4B
2021:01:22:11:28:19.994000,1611311299.994,$GPGGA,102819.00,6342.683120,N,01058.742908,E,2,12,0.8,12.33,M,40.00,M,11.0,0907*41
2021:01:22:11:28:21.994000,1611311301.994,$GPGGA,102821.00,6342.683135,N,01058.742992,E,2,12,0.8,12.37,M,40.00,M,13.0,0907*4B
2021:01:22:11:28:22.994000,1611311302.994,$GPGGA,102822.00,6342.683158,N,01058.743009,E,2,12,0.8,12.35,M,40.00,M,14.0,0907*4C
2021:01:22:11:28:23.994000,1611311303.994,$GPGGA,102823.00,6342.683142,N,01058.742952,E,2,12,0.8,12.32,M,40.00,M,15.0,0907*46
2021:01:22:11:28:25.993000,1611311305.993,$GPGGA,102825.00,6342.683133,N,01058.742900,E,2,12,0.8,12.36,M,40.00,M,11.0,0907*41
2021:01:22:11:28:26.993000,1611311306.993,$GPGGA,102826.00,6342.683134,N,01058.742871,E,2,12,0.8,12.34,M,40.00,M,12.0,0907*43
2021:01:22:11:28:27.993000,1611311307.993,$GPGGA,102827.00,6342.683117,N,01058.742844,E,2,12,0.8,12.32,M,40.00,M,13.0,0907*42
2021:01:22:11:28:28.993000,1611311308.993,$GPGGA,102828.00,6342.683108,N,01058.742819,E,2,12,0.8,12.33,M,40.00,M,9.0,0907*71
2021:01:22:11:28:29.993000,1611311309.993,$GPGGA,102829.00,6342.683099,N,01058.742738,E,2,12,0.8,12.34,M,40.00,M,10.0,0907*4A
2021:01:22:11:28:30.993000,1611311310.993,$GPGGA,102830.00,6342.683071,N,01058.742661,E,2,12,0.8,12.33,M,40.00,M,11.0,0907*4F
2021:01:22:11:28:31.993000,1611311311.993,$GPGGA,102831.00,6342.683068,N,01058.742644,E,2,12,0.8,12.35,M,40.00,M,7.0,0907*70
2021:01:22:11:28:32.993000,1611311312.993,$GPGGA,102832.00,6342.683052,N,01058.742600,E,2,12,0.8,12.35,M,40.00,M,8.0,0907*75
2021:01:22:11:28:33.994000,1611311313.994,$GPGGA,102833.00,6342.682997,N,01058.742456,E,2,12,0.8,12.34,M,40.00,M,9.0,0907*74
2021:01:22:11:28:34.994000,1611311314.994,$GPGGA,102834.00,6342.682985,N,01058.742395,E,2,12,0.8,12.36,M,40.00,M,5.0,0907*76
2021:01:22:11:28:35.994000,1611311315.994,$GPGGA,102835.00,6342.682982,N,01058.742382,E,2,12,0.8,12.36,M,40.00,M,6.0,0907*75
2021:01:22:11:28:36.994000,1611311316.994,$GPGGA,102836.00,6342.682931,N,01058.742327,E,2,12,0.8,12.36,M,40.00,M,7.0,0907*70
2021:01:22:11:28:37.994000,1611311317.994,$GPGGA,102837.00,6342.682895,N,01058.742293,E,2,12,0.8,12.36,M,40.00,M,8.0,0907*7F
2021:01:22:11:28:38.994000,1611311318.994,$GPGGA,102838.00,6342.682885,N,01058.742230,E,2,12,0.8,12.35,M,40.00,M,9.0,0907*7A
2021:01:22:11:28:39.994000,1611311319.994,$GPGGA,102839.00,6342.682842,N,01058.742160,E,2,12,0.8,12.35,M,40.00,M,10.0,0907*4E
2021:01:22:11:28:40.994000,1611311320.994,$GPGGA,102840.00,6342.682803,N,01058.742084,E,2,12,0.8,12.35,M,40.00,M,11.0,0907*4F
2021:01:22:11:28:41.994000,1611311321.994,$GPGGA,102841.00,6342.682772,N,01058.742040,E,2,12,0.7,12.36,M,40.00,M,7.0,0907*74
2021:01:22:11:28:42.994000,1611311322.994,$GPGGA,102842.00,6342.682744,N,01058.742041,E,2,12,0.8,12.36,M,40.00,M,8.0,0907*73
2021:01:22:11:28:43.994000,1611311323.994,$GPGGA,102843.00,6342.682727,N,01058.742008,E,2,12,0.8,12.36,M,40.00,M,3.0,0907*71
2021:01:22:11:28:44.994000,1611311324.994,$GPGGA,102844.00,6342.682687,N,01058.741966,E,2,12,0.8,12.37,M,40.00,M,4.0,0907*79
2021:01:22:11:28:45.994000,1611311325.994,$GPGGA,102845.00,6342.682655,N,01058.741989,E,2,12,0.8,12.39,M,40.00,M,5.0,0907*79
2021:01:22:11:28:46.994000,1611311326.994,$GPGGA,102846.00,6342.682651,N,01058.742027,E,2,12,0.8,12.37,M,40.00,M,6.0,0907*7D
2021:01:22:11:28:47.994000,1611311327.994,$GPGGA,102847.00,6342.682638,N,01058.741977,E,2,12,0.8,12.34,M,40.00,M,7.0,0907*7E
2021:01:22:11:28:48.995000,1611311328.995,$GPGGA,102848.00,6342.682601,N,01058.741971,E,2,12,0.8,12.36,M,40.00,M,8.0,0907*70
2021:01:22:11:28:49.995000,1611311329.995,$GPGGA,102849.00,6342.682577,N,01058.742006,E,2,12,0.8,12.39,M,40.00,M,9.0,0907*77
2021:01:22:11:28:50.995000,1611311330.995,$GPGGA,102850.00,6342.682598,N,01058.742047,E,2,12,0.8,12.37,M,40.00,M,10.0,0907*4D
2021:01:22:11:28:51.995000,1611311331.995,$GPGGA,102851.00,6342.682592,N,01058.742050,E,2,12,0.8,12.37,M,40.00,M,6.0,0907*77
2021:01:22:11:28:52.995000,1611311332.995,$GPGGA,102852.00,6342.682558,N,01058.742095,E,2,12,0.8,12.39,M,40.00,M,7.0,0907*74
2021:01:22:11:28:53.995000,1611311333.995,$GPGGA,102853.00,6342.682553,N,01058.742131,E,2,12,0.8,12.40,M,40.00,M,8.0,0907*70
2021:01:22:11:28:54.995000,1611311334.995,$GPGGA,102854.00,6342.682564,N,01058.742131,E,2,12,0.8,12.39,M,40.00,M,9.0,0907*7C
2021:01:22:11:28:55.994000,1611311335.994,$GPGGA,102855.00,6342.682548,N,01058.742156,E,2,12,0.8,12.40,M,40.00,M,10.0,0907*44
2021:01:22:11:28:56.994000,1611311336.994,$GPGGA,102856.00,6342.682527,N,01058.742155,E,2,12,0.8,12.42,M,40.00,M,11.0,0907*4E
2021:01:22:11:28:57.994000,1611311337.994,$GPGGA,102857.00,6342.682521,N,01058.742162,E,2,12,0.8,12.41,M,40.00,M,7.0,0907*79
2021:01:22:11:28:58.994000,1611311338.994,$GPGGA,102858.00,6342.682506,N,01058.742191,E,2,12,0.8,12.41,M,40.00,M,8.0,0907*70
2021:01:22:11:28:59.994000,1611311339.994,$GPGGA,102859.00,6342.682489,N,01058.742209,E,2,12,0.8,12.40,M,40.00,M,9.0,0907*75
2021:01:22:11:29:00.994000,1611311340.994,$GPGGA,102900.00,6342.682484,N,01058.742191,E,2,12,0.8,12.41,M,40.00,M,10.0,0907*4E
2021:01:22:11:29:01.994000,1611311341.994,$GPGGA,102901.00,6342.682469,N,01058.742209,E,2,12,0.8,12.39,M,40.00,M,5.0,0907*75
2021:01:22:11:29:03.995000,1611311343.995,$GPGGA,102903.00,6342.682450,N,01058.742235,E,2,12,0.8,12.38,M,40.00,M,7.0,0907*71
2021:01:22:11:29:04.995000,1611311344.995,$GPGGA,102904.00,6342.682430,N,01058.742204,E,2,12,0.8,12.38,M,40.00,M,8.0,0907*7D
2021:01:22:11:29:05.995000,1611311345.995,$GPGGA,102905.00,6342.682429,N,01058.742242,E,2,12,0.8,12.38,M,40.00,M,9.0,0907*77
2021:01:22:11:29:07.995000,1611311347.995,$GPGGA,102907.00,6342.682445,N,01058.742329,E,2,12,0.8,12.39,M,40.00,M,6.0,0907*7D
2021:01:22:11:29:08.995000,1611311348.995,$GPGGA,102908.00,6342.682433,N,01058.742333,E,2,12,0.8,12.39,M,40.00,M,7.0,0907*79
2021:01:22:11:29:09.995000,1611311349.995,$GPGGA,102909.00,6342.682429,N,01058.742332,E,2,12,0.8,12.39,M,40.00,M,8.0,0907*7D
2021:01:22:11:29:11.995000,1611311351.995,$GPGGA,102911.00,6342.682434,N,01058.742407,E,2,12,0.8,12.42,M,40.00,M,10.0,0907*4C
2021:01:22:11:29:12.995000,1611311352.995,$GPGGA,102912.00,6342.682447,N,01058.742390,E,2,12,0.8,12.39,M,40.00,M,11.0,0907*4F
2021:01:22:11:29:13.995000,1611311353.995,$GPGGA,102913.00,6342.682462,N,01058.742407,E,2,12,0.8,12.38,M,40.00,M,12.0,0907*42
2021:01:22:11:29:15.995000,1611311355.995,$GPGGA,102915.00,6342.682482,N,01058.742479,E,2,12,0.8,12.41,M,40.00,M,8.0,0907*76
2021:01:22:11:29:16.995000,1611311356.995,$GPGGA,102916.00,6342.682503,N,01058.742526,E,2,12,0.8,12.39,M,40.00,M,9.0,0907*78
2021:01:22:11:29:17.996000,1611311357.996,$GPGGA,102917.00,6342.682534,N,01058.742554,E,2,12,0.8,12.39,M,40.00,M,10.0,0907*40
2021:01:22:11:29:18.996000,1611311358.996,$GPGGA,102918.00,6342.682558,N,01058.742539,E,2,12,0.8,12.39,M,40.00,M,11.0,0907*4F
2021:01:22:11:29:19.996000,1611311359.996,$GPGGA,102919.00,6342.682549,N,01058.742551,E,2,12,0.8,12.40,M,40.00,M,12.0,0907*4D
2021:01:22:11:29:20.996000,1611311360.996,$GPGGA,102920.00,6342.682594,N,01058.742635,E,2,12,0.8,12.39,M,40.00,M,13.0,0907*49
2021:01:22:11:29:21.996000,1611311361.996,$GPGGA,102921.00,6342.682647,N,01058.742752,E,2,12,0.8,12.38,M,40.00,M,9.0,0907*7F
2021:01:22:11:29:23.995000,1611311363.995,$GPGGA,102923.00,6342.682649,N,01058.742852,E,2,12,0.7,12.36,M,40.00,M,11.0,0907*44
2021:01:22:11:29:24.995000,1611311364.995,$GPGGA,102924.00,6342.682710,N,01058.742950,E,2,12,0.7,12.36,M,40.00,M,12.0,0907*4E
2021:01:22:11:29:25.995000,1611311365.995,$GPGGA,102925.00,6342.682725,N,01058.743060,E,2,12,0.8,12.37,M,40.00,M,13.0,0907*4D
2021:01:22:11:29:27.995000,1611311367.995,$GPGGA,102927.00,6342.682728,N,01058.743255,E,2,12,0.8,12.35,M,40.00,M,15.0,0907*42
2021:01:22:11:29:28.995000,1611311368.995,$GPGGA,102928.00,6342.682769,N,01058.743403,E,2,12,0.8,12.37,M,40.00,M,5.0,0907*7E
2021:01:22:11:29:29.995000,1611311369.995,$GPGGA,102929.00,6342.682753,N,01058.743483,E,2,12,0.8,12.35,M,40.00,M,6.0,0907*7F
2021:01:22:11:29:31.995000,1611311371.995,$GPGGA,102931.00,6342.682770,N,01058.743678,E,2,12,0.8,12.36,M,40.00,M,8.0,0907*7C
2021:01:22:11:29:32.996000,1611311372.996,$GPGGA,102932.00,6342.682771,N,01058.743738,E,2,12,0.8,12.35,M,40.00,M,9.0,0907*79
2021:01:22:11:29:33.996000,1611311373.996,$GPGGA,102933.00,6342.682735,N,01058.743760,E,2,12,0.8,12.33,M,40.00,M,10.0,0907*4B
2021:01:22:11:29:34.996000,1611311374.996,$GPGGA,102934.00,6342.682762,N,01058.743856,E,2,12,0.8,12.34,M,40.00,M,6.0,0907*74
2021:01:22:11:29:35.996000,1611311375.996,$GPGGA,102935.00,6342.682802,N,01058.743962,E,2,12,0.8,12.34,M,40.00,M,7.0,0907*7B
2021:01:22:11:29:36.996000,1611311376.996,$GPGGA,102936.00,6342.682782,N,01058.743972,E,2,12,0.8,12.33,M,40.00,M,8.0,0907*76
2021:01:22:11:29:37.996000,1611311377.996,$GPGGA,102937.00,6342.682790,N,01058.744014,E,2,12,0.8,12.32,M,40.00,M,9.0,0907*7A
2021:01:22:11:29:38.996000,1611311378.996,$GPGGA,102938.00,6342.682816,N,01058.744040,E,2,12,0.8,12.32,M,40.00,M,10.0,0907*4D
2021:01:22:11:29:40.996000,1611311380.996,$GPGGA,102940.00,6342.682814,N,01058.744079,E,2,12,0.8,12.32,M,40.00,M,12.0,0907*48
2021:01:22:11:29:41.996000,1611311381.996,$GPGGA,102941.00,6342.682814,N,01058.744039,E,2,12,0.8,12.32,M,40.00,M,8.0,0907*76
2021:01:22:11:29:42.996000,1611311382.996,$GPGGA,102942.00,6342.682800,N,01058.743999,E,2,12,0.8,12.32,M,40.00,M,9.0,0907*75
2021:01:22:11:29:43.996000,1611311383.996,$GPGGA,102943.00,6342.682799,N,01058.743994,E,2,12,0.8,12.32,M,40.00,M,10.0,0907*4E
2021:01:22:11:29:44.996000,1611311384.996,$GPGGA,102944.00,6342.682821,N,01058.744024,E,2,12,0.8,12.35,M,40.00,M,6.0,0907*70
2021:01:22:11:29:45.996000,1611311385.996,$GPGGA,102945.00,6342.682799,N,01058.744040,E,2,12,0.8,12.36,M,40.00,M,7.0,0907*7D
2021:01:22:11:29:46.997000,1611311386.997,$GPGGA,102946.00,6342.682787,N,01058.744022,E,2,12,0.8,12.38,M,40.00,M,8.0,0907*74
2021:01:22:11:29:48.997000,1611311388.997,$GPGGA,102948.00,6342.682783,N,01058.743988,E,2,12,0.8,12.38,M,40.00,M,10.0,0907*49
2021:01:22:11:29:49.997000,1611311389.997,$GPGGA,102949.00,6342.682766,N,01058.743972,E,2,12,0.8,12.38,M,40.00,M,11.0,0907*47
2021:01:22:11:29:50.997000,1611311390.997,$GPGGA,102950.00,6342.682774,N,01058.743981,E,2,12,0.8,12.39,M,40.00,M,12.0,0907*42
2021:01:22:11:29:52.997000,1611311392.997,$GPGGA,102952.00,6342.682734,N,01058.743935,E,2,12,0.8,12.36,M,40.00,M,9.0,0907*7E
2021:01:22:11:29:53.996000,1611311393.996,$GPGGA,102953.00,6342.682727,N,01058.743888,E,2,12,0.8,12.37,M,40.00,M,10.0,0907*43
2021:01:22:11:29:54.996000,1611311394.996,$GPGGA,102954.00,6342.682703,N,01058.743875,E,2,12,0.8,12.39,M,40.00,M,11.0,0907*4F
2021:01:22:11:29:56.996000,1611311396.996,$GPGGA,102956.00,6342.682685,N,01058.743862,E,2,12,0.8,12.34,M,40.00,M,7.0,0907*7E
2021:01:22:11:29:57.996000,1611311397.996,$GPGGA,102957.00,6342.682652,N,01058.743864,E,2,12,0.8,12.38,M,40.00,M,8.0,0907*70
2021:01:22:11:29:58.996000,1611311398.996,$GPGGA,102958.00,6342.682624,N,01058.743852,E,2,12,0.8,12.39,M,40.00,M,9.0,0907*7B
2021:01:22:11:30:01.997000,1611311401.997,$GPGGA,103001.00,6342.682574,N,01058.743849,E,2,12,0.8,12.35,M,40.00,M,7.0,0907*71
2021:01:22:11:30:02.997000,1611311402.997,$GPGGA,103002.00,6342.682561,N,01058.743811,E,2,12,0.8,12.37,M,40.00,M,8.0,0907*76
2021:01:22:11:30:03.997000,1611311403.997,$GPGGA,103003.00,6342.682575,N,01058.743794,E,2,12,0.8,12.36,M,40.00,M,9.0,0907*70
2021:01:22:11:30:05.997000,1611311405.997,$GPGGA,103005.00,6342.682542,N,01058.743775,E,2,12,0.8,12.35,M,40.00,M,6.0,0907*71
2021:01:22:11:30:06.997000,1611311406.997,$GPGGA,103006.00,6342.682557,N,01058.743773,E,2,12,0.8,12.35,M,40.00,M,7.0,0907*71
2021:01:22:11:30:07.997000,1611311407.997,$GPGGA,103007.00,6342.682576,N,01058.743789,E,2,12,0.8,12.35,M,40.00,M,3.0,0907*72
2021:01:22:11:30:08.997000,1611311408.997,$GPGGA,103008.00,6342.682579,N,01058.743783,E,2,12,0.8,12.34,M,40.00,M,4.0,0907*7E
2021:01:22:11:30:09.997000,1611311409.997,$GPGGA,103009.00,6342.682587,N,01058.743779,E,2,12,0.8,12.33,M,40.00,M,5.0,0907*7D
2021:01:22:11:30:10.997000,1611311410.997,$GPGGA,103010.00,6342.682592,N,01058.743740,E,2,12,0.8,12.34,M,40.00,M,6.0,0907*7F
2021:01:22:11:30:11.997000,1611311411.997,$GPGGA,103011.00,6342.682608,N,01058.743728,E,2,12,0.8,12.35,M,40.00,M,7.0,0907*70
2021:01:22:11:30:13.997000,1611311413.997,$GPGGA,103013.00,6342.682646,N,01058.743758,E,2,12,0.8,12.34,M,40.00,M,9.0,0907*70
2021:01:22:11:30:14.997000,1611311414.997,$GPGGA,103014.00,6342.682653,N,01058.743765,E,2,12,0.8,12.35,M,40.00,M,10.0,0907*44
2021:01:22:11:30:15.997000,1611311415.997,$GPGGA,103015.00,6342.682672,N,01058.743733,E,2,12,0.8,12.37,M,40.00,M,5.0,0907*73
2021:01:22:11:30:17.998000,1611311417.998,$GPGGA,103017.00,6342.682672,N,01058.743616,E,2,12,0.8,12.37,M,40.00,M,7.0,0907*75
2021:01:22:11:30:18.998000,1611311418.998,$GPGGA,103018.00,6342.682697,N,01058.743691,E,2,12,0.8,12.41,M,40.00,M,8.0,0907*70
2021:01:22:11:30:19.998000,1611311419.998,$GPGGA,103019.00,6342.682681,N,01058.743561,E,2,12,0.8,12.37,M,40.00,M,9.0,0907*7A
2021:01:22:11:30:21.998000,1611311421.998,$GPGGA,103021.00,6342.682654,N,01058.743399,E,2,12,0.8,12.36,M,40.00,M,6.0,0907*76
2021:01:22:11:30:22.997000,1611311422.997,$GPGGA,103022.00,6342.682636,N,01058.743331,E,2,12,0.8,12.37,M,40.00,M,7.0,0907*73
2021:01:22:11:30:23.997000,1611311423.997,$GPGGA,103023.00,6342.682568,N,01058.743199,E,2,12,0.8,12.35,M,40.00,M,8.0,0907*77
2021:01:22:11:30:25.997000,1611311425.997,$GPGGA,103025.00,6342.682540,N,01058.743011,E,2,12,0.8,12.36,M,40.00,M,10.0,0907*40
2021:01:22:11:30:26.997000,1611311426.997,$GPGGA,103026.00,6342.682478,N,01058.742856,E,2,12,0.7,12.36,M,40.00,M,11.0,0907*4D
2021:01:22:11:30:27.997000,1611311427.997,$GPGGA,103027.00,6342.682430,N,01058.742725,E,2,12,0.8,12.35,M,40.00,M,12.0,0907*44
2021:01:22:11:30:28.997000,1611311428.997,$GPGGA,103028.00,6342.682426,N,01058.742652,E,2,12,0.8,12.34,M,40.00,M,8.0,0907*77
2021:01:22:11:30:29.997000,1611311429.997,$GPGGA,103029.00,6342.682404,N,01058.742618,E,2,12,0.8,12.36,M,40.00,M,9.0,0907*7B
2021:01:22:11:30:30.998000,1611311430.998,$GPGGA,103030.00,6342.682358,N,01058.742587,E,2,12,0.7,12.37,M,40.00,M,10.0,0907*4E
2021:01:22:11:30:31.998000,1611311431.998,$GPGGA,103031.00,6342.682353,N,01058.742514,E,2,12,0.7,12.33,M,40.00,M,11.0,0907*4B
2021:01:22:11:30:33.998000,1611311433.998,$GPGGA,103033.00,6342.682289,N,01058.742533,E,2,12,0.7,12.40,M,40.00,M,8.0,0907*76
2021:01:22:11:30:34.998000,1611311434.998,$GPGGA,103034.00,6342.682285,N,01058.742528,E,2,12,0.7,12.38,M,40.00,M,9.0,0907*79
2021:01:22:11:30:35.998000,1611311435.998,$GPGGA,103035.00,6342.682286,N,01058.742501,E,2,12,0.7,12.35,M,40.00,M,5.0,0907*71
2021:01:22:11:30:36.998000,1611311436.998,$GPGGA,103036.00,6342.682240,N,01058.742482,E,2,12,0.7,12.38,M,40.00,M,6.0,0907*7C
2021:01:22:11:30:38.998000,1611311438.998,$GPGGA,103038.00,6342.682233,N,01058.742578,E,2,12,0.7,12.40,M,40.00,M,8.0,0907*73
2021:01:22:11:30:39.998000,1611311439.998,$GPGGA,103039.00,6342.682215,N,01058.742612,E,2,12,0.7,12.38,M,40.00,M,9.0,0907*77
2021:01:22:11:30:40.998000,1611311440.998,$GPGGA,103040.00,6342.682190,N,01058.742662,E,2,12,0.7,12.40,M,40.00,M,10.0,0907*47
2021:01:22:11:30:42.998000,1611311442.998,$GPGGA,103042.00,6342.682189,N,01058.742719,E,2,12,0.8,12.35,M,40.00,M,6.0,0907*7A
2021:01:22:11:30:43.998000,1611311443.998,$GPGGA,103043.00,6342.682166,N,01058.742692,E,2,12,0.8,12.34,M,40.00,M,7.0,0907*78
2021:01:22:11:30:44.999000,1611311444.999,$GPGGA,103044.00,6342.682164,N,01058.742752,E,2,12,0.8,12.38,M,40.00,M,8.0,0907*73
2021:01:22:11:30:46.999000,1611311446.999,$GPGGA,103046.00,6342.682191,N,01058.742788,E,2,12,0.8,12.36,M,40.00,M,10.0,0907*4B
2021:01:22:11:30:47.999000,1611311447.999,$GPGGA,103047.00,6342.682183,N,01058.742830,E,2,12,0.8,12.38,M,40.00,M,11.0,0907*4A
2021:01:22:11:30:48.999000,1611311448.999,$GPGGA,103048.00,6342.682217,N,01058.742882,E,2,12,0.8,12.39,M,40.00,M,7.0,0907*74
2021:01:22:11:30:50.999000,1611311450.999,$GPGGA,103050.00,6342.682226,N,01058.742865,E,2,12,0.8,12.37,M,40.00,M,9.0,0907*76
2021:01:22:11:30:51.998000,1611311451.998,$GPGGA,103051.00,6342.682240,N,01058.742874,E,2,12,0.8,12.38,M,40.00,M,10.0,0907*40
2021:01:22:11:30:52.998000,1611311452.998,$GPGGA,103052.00,6342.682271,N,01058.742908,E,2,12,0.8,12.38,M,40.00,M,11.0,0907*4A
2021:01:22:11:30:53.998000,1611311453.998,$GPGGA,103053.00,6342.682272,N,01058.742914,E,2,12,0.8,12.37,M,40.00,M,12.0,0907*49
2021:01:22:11:30:54.998000,1611311454.998,$GPGGA,103054.00,6342.682288,N,01058.742938,E,2,12,0.8,12.37,M,40.00,M,13.0,0907*44
2021:01:22:11:30:55.998000,1611311455.998,$GPGGA,103055.00,6342.682305,N,01058.742988,E,2,12,0.8,12.37,M,40.00,M,14.0,0907*4D
2021:01:22:11:30:56.998000,1611311456.998,$GPGGA,103056.00,6342.682324,N,01058.743015,E,2,12,0.8,12.37,M,40.00,M,15.0,0907*40
2021:01:22:11:30:57.998000,1611311457.998,$GPGGA,103057.00,6342.682359,N,01058.743082,E,2,12,0.8,12.38,M,40.00,M,16.0,0907*49
2021:01:22:11:30:58.998000,1611311458.998,$GPGGA,103058.00,6342.682369,N,01058.743135,E,2,12,0.8,12.36,M,40.00,M,7.0,0907*76
2021:01:22:11:30:59.999000,1611311459.999,$GPGGA,103059.00,6342.682364,N,01058.743080,E,2,12,0.8,12.35,M,40.00,M,8.0,0907*79
2021:01:22:11:31:00.999000,1611311460.999,$GPGGA,103100.00,6342.682397,N,01058.743109,E,2,12,0.8,12.36,M,40.00,M,9.0,0907*7A
2021:01:22:11:31:02.999000,1611311462.999,$GPGGA,103102.00,6342.682426,N,01058.743192,E,2,12,0.8,12.36,M,40.00,M,5.0,0907*7B
2021:01:22:11:31:03.999000,1611311463.999,$GPGGA,103103.00,6342.682440,N,01058.743232,E,2,12,0.8,12.37,M,40.00,M,6.0,0907*71
2021:01:22:11:31:04.999000,1611311464.999,$GPGGA,103104.00,6342.682453,N,01058.743245,E,2,12,0.8,12.36,M,40.00,M,7.0,0907*74
2021:01:22:11:31:07.999000,1611311467.999,$GPGGA,103107.00,6342.682473,N,01058.743361,E,2,12,0.8,12.37,M,40.00,M,10.0,0907*45
2021:01:22:11:31:08.999000,1611311468.999,$GPGGA,103108.00,6342.682481,N,01058.743438,E,2,12,0.8,12.38,M,40.00,M,6.0,0907*74
2021:01:22:11:31:09.999000,1611311469.999,$GPGGA,103109.00,6342.682496,N,01058.743421,E,2,12,0.8,12.35,M,40.00,M,7.0,0907*77
2021:01:22:11:31:12.000000,1611311472.0,$GPGGA,103111.00,6342.682503,N,01058.743569,E,2,12,0.8,12.39,M,40.00,M,9.0,0907*7C
2021:01:22:11:31:12.999000,1611311472.999,$GPGGA,103112.00,6342.682519,N,01058.743560,E,2,12,0.8,12.34,M,40.00,M,5.0,0907*7C
2021:01:22:11:31:13.999000,1611311473.999,$GPGGA,103113.00,6342.682521,N,01058.743565,E,2,12,0.8,12.34,M,40.00,M,6.0,0907*70
2021:01:22:11:31:16.000000,1611311476.0,$GPGGA,103115.00,6342.682527,N,01058.743681,E,2,12,0.8,12.37,M,40.00,M,8.0,0907*74
2021:01:22:11:31:17.000000,1611311477.0,$GPGGA,103116.00,6342.682544,N,01058.743620,E,2,12,0.8,12.32,M,40.00,M,9.0,0907*7D
2021:01:22:11:31:18.000000,1611311478.0,$GPGGA,103117.00,6342.682534,N,01058.743753,E,2,12,0.8,12.36,M,40.00,M,10.0,0907*42
2021:01:22:11:31:19.000000,1611311479.0,$GPGGA,103118.00,6342.682541,N,01058.743862,E,2,12,0.8,12.39,M,40.00,M,11.0,0907*4C
2021:01:22:11:31:20.000000,1611311480.0,$GPGGA,103119.00,6342.682567,N,01058.743810,E,2,12,0.8,12.32,M,40.00,M,12.0,0907*44
2021:01:22:11:31:21.000000,1611311481.0,$GPGGA,103120.00,6342.682554,N,01058.743833,E,2,12,0.8,12.33,M,40.00,M,13.0,0907*4F
2021:01:22:11:31:22.000000,1611311482.0,$GPGGA,103121.00,6342.682537,N,01058.743927,E,2,12,0.8,12.38,M,40.00,M,9.0,0907*7F
2021:01:22:11:31:23.000000,1611311483.0,$GPGGA,103122.00,6342.682564,N,01058.743972,E,2,12,0.8,12.36,M,40.00,M,10.0,0907*4C
2021:01:22:11:31:23.999000,1611311483.999,$GPGGA,103123.00,6342.682553,N,01058.743969,E,2,12,0.8,12.34,M,40.00,M,11.0,0907*40
2021:01:22:11:31:25.000000,1611311485.0,$GPGGA,103124.00,6342.682523,N,01058.744017,E,2,12,0.8,12.35,M,40.00,M,12.0,0907*45
2021:01:22:11:31:25.999000,1611311485.999,$GPGGA,103125.00,6342.682515,N,01058.744070,E,2,12,0.8,12.36,M,40.00,M,7.0,0907*77
2021:01:22:11:31:27.999000,1611311487.999,$GPGGA,103127.00,6342.682490,N,01058.744117,E,2,12,0.8,12.32,M,40.00,M,9.0,0907*73
2021:01:22:11:31:28.999000,1611311488.999,$GPGGA,103128.00,6342.682470,N,01058.744207,E,2,12,0.8,12.33,M,40.00,M,10.0,0907*49
2021:01:22:11:31:30.000000,1611311490.0,$GPGGA,103129.00,6342.682433,N,01058.744270,E,2,12,0.8,12.36,M,40.00,M,6.0,0907*7D
2021:01:22:11:31:32.000000,1611311492.0,$GPGGA,103131.00,6342.682414,N,01058.744336,E,2,12,0.8,12.29,M,40.00,M,8.0,0907*72
2021:01:22:11:31:33.000000,1611311493.0,$GPGGA,103132.00,6342.682372,N,01058.744398,E,2,12,0.8,12.33,M,40.00,M,9.0,0907*78
2021:01:22:11:31:34.000000,1611311494.0,$GPGGA,103133.00,6342.682367,N,01058.744488,E,2,12,0.7,12.35,M,40.00,M,10.0,0907*4A
2021:01:22:11:31:37.000000,1611311497.0,$GPGGA,103136.00,6342.682314,N,01058.744576,E,2,12,0.8,12.35,M,40.00,M,8.0,0907*7D
2021:01:22:11:31:38.000000,1611311498.0,$GPGGA,103137.00,6342.682336,N,01058.744608,E,2,12,0.8,12.33,M,40.00,M,9.0,0907*71
2021:01:22:11:31:39.000000,1611311499.0,$GPGGA,103138.00,6342.682325,N,01058.744684,E,2,12,0.8,12.33,M,40.00,M,10.0,0907*40
2021:01:22:11:31:41.000000,1611311501.0,$GPGGA,103140.00,6342.682295,N,01058.744655,E,2,12,0.8,12.33,M,40.00,M,12.0,0907*4B
2021:01:22:11:31:42.000000,1611311502.0,$GPGGA,103141.00,6342.682289,N,01058.744664,E,2,12,0.8,12.32,M,40.00,M,13.0,0907*45
2021:01:22:11:31:43.000000,1611311503.0,$GPGGA,103142.00,6342.682245,N,01058.744688,E,2,12,0.8,12.35,M,40.00,M,14.0,0907*44
2021:01:22:11:31:44.000000,1611311504.0,$GPGGA,103143.00,6342.682245,N,01058.744700,E,2,12,0.8,12.39,M,40.00,M,9.0,0907*74
2021:01:22:11:31:45.001000,1611311505.001,$GPGGA,103144.00,6342.682249,N,01058.744684,E,2,12,0.8,12.34,M,40.00,M,10.0,0907*47
2021:01:22:11:31:46.001000,1611311506.001,$GPGGA,103145.00,6342.682214,N,01058.744684,E,2,12,0.8,12.33,M,40.00,M,6.0,0907*7E
2021:01:22:11:31:47.001000,1611311507.001,$GPGGA,103146.00,6342.682179,N,01058.744636,E,2,12,0.8,12.36,M,40.00,M,7.0,0907*78
2021:01:22:11:31:48.001000,1611311508.001,$GPGGA,103147.00,6342.682166,N,01058.744625,E,2,12,0.8,12.35,M,40.00,M,8.0,0907*79
2021:01:22:11:31:49.001000,1611311509.001,$GPGGA,103148.00,6342.682161,N,01058.744689,E,2,12,0.8,12.34,M,40.00,M,9.0,0907*77
2021:01:22:11:31:50.001000,1611311510.001,$GPGGA,103149.00,6342.682132,N,01058.744650,E,2,12,0.8,12.32,M,40.00,M,10.0,0907*4A
2021:01:22:11:31:51.001000,1611311511.001,$GPGGA,103150.00,6342.682107,N,01058.744570,E,2,12,0.8,12.30,M,40.00,M,11.0,0907*46
2021:01:22:11:31:53.000000,1611311513.0,$GPGGA,103152.00,6342.682087,N,01058.744752,E,2,12,0.8,12.38,M,40.00,M,8.0,0907*7F
2021:01:22:11:31:54.000000,1611311514.0,$GPGGA,103153.00,6342.682083,N,01058.744692,E,2,12,0.8,12.30,M,40.00,M,9.0,0907*7E
2021:01:22:11:31:55.000000,1611311515.0,$GPGGA,103154.00,6342.682065,N,01058.744704,E,2,12,0.8,12.30,M,40.00,M,10.0,0907*47
2021:01:22:11:31:57.000000,1611311517.0,$GPGGA,103156.00,6342.682059,N,01058.744842,E,2,12,0.8,12.34,M,40.00,M,6.0,0907*74
2021:01:22:11:31:58.000000,1611311518.0,$GPGGA,103157.00,6342.682067,N,01058.744816,E,2,12,0.8,12.30,M,40.00,M,7.0,0907*7C
2021:01:22:11:31:59.001000,1611311519.001,$GPGGA,103158.00,6342.682041,N,01058.744839,E,2,12,0.8,12.32,M,40.00,M,8.0,0907*77
2021:01:22:11:32:01.001000,1611311521.001,$GPGGA,103200.00,6342.682055,N,01058.744855,E,2,12,0.8,12.32,M,40.00,M,10.0,0907*4F
2021:01:22:11:32:02.001000,1611311522.001,$GPGGA,103201.00,6342.682053,N,01058.744881,E,2,12,0.8,12.33,M,40.00,M,11.0,0907*41
2021:01:22:11:32:03.001000,1611311523.001,$GPGGA,103202.00,6342.682060,N,01058.744897,E,2,12,0.8,12.34,M,40.00,M,7.0,0907*75
2021:01:22:11:32:04.001000,1611311524.001,$GPGGA,103203.00,6342.682060,N,01058.744840,E,2,12,0.8,12.33,M,40.00,M,8.0,0907*76
2021:01:22:11:32:06.001000,1611311526.001,$GPGGA,103205.00,6342.682072,N,01058.744864,E,2,12,0.8,12.33,M,40.00,M,10.0,0907*4C
2021:01:22:11:32:07.001000,1611311527.001,$GPGGA,103206.00,6342.682077,N,01058.744832,E,2,12,0.8,12.29,M,40.00,M,6.0,0907*75
2021:01:22:11:32:08.001000,1611311528.001,$GPGGA,103207.00,6342.682067,N,01058.744846,E,2,12,0.8,12.33,M,40.00,M,7.0,0907*7C
2021:01:22:11:32:09.001000,1611311529.001,$GPGGA,103208.00,6342.682093,N,01058.744832,E,2,12,0.8,12.32,M,40.00,M,8.0,0907*75
2021:01:22:11:32:10.001000,1611311530.001,$GPGGA,103209.00,6342.682089,N,01058.744794,E,2,12,0.8,12.32,M,40.00,M,9.0,0907*7D
2021:01:22:11:32:11.001000,1611311531.001,$GPGGA,103210.00,6342.682070,N,01058.744802,E,2,12,0.8,12.34,M,40.00,M,10.0,0907*4D
2021:01:22:11:32:12.001000,1611311532.001,$GPGGA,103211.00,6342.682102,N,01058.744822,E,2,12,0.8,12.31,M,40.00,M,11.0,0907*4E
2021:01:22:11:32:13.002000,1611311533.002,$GPGGA,103212.00,6342.682125,N,01058.744818,E,2,12,0.8,12.30,M,40.00,M,6.0,0907*76
2021:01:22:11:32:14.002000,1611311534.002,$GPGGA,103213.00,6342.682111,N,01058.744818,E,2,12,0.8,12.32,M,40.00,M,7.0,0907*73
2021:01:22:11:32:15.002000,1611311535.002,$GPGGA,103214.00,6342.682109,N,01058.744836,E,2,12,0.8,12.33,M,40.00,M,8.0,0907*7F
2021:01:22:11:32:16.002000,1611311536.002,$GPGGA,103215.00,6342.682142,N,01058.744852,E,2,12,0.8,12.33,M,40.00,M,9.0,0907*72
2021:01:22:11:32:18.002000,1611311538.002,$GPGGA,103217.00,6342.682178,N,01058.744895,E,2,12,0.8,12.33,M,40.00,M,6.0,0907*7D
2021:01:22:11:32:19.002000,1611311539.002,$GPGGA,103218.00,6342.682180,N,01058.744877,E,2,12,0.8,12.35,M,40.00,M,7.0,0907*7E
2021:01:22:11:32:20.001000,1611311540.001,$GPGGA,103219.00,6342.682189,N,01058.744804,E,2,12,0.8,12.33,M,40.00,M,8.0,0907*7B
2021:01:22:11:32:22.001000,1611311542.001,$GPGGA,103221.00,6342.682250,N,01058.744829,E,2,12,0.8,12.30,M,40.00,M,10.0,0907*42
2021:01:22:11:32:23.001000,1611311543.001,$GPGGA,103222.00,6342.682238,N,01058.744822,E,2,12,0.8,12.33,M,40.00,M,11.0,0907*46
2021:01:22:11:32:24.001000,1611311544.001,$GPGGA,103223.00,6342.682233,N,01058.744776,E,2,12,0.8,12.34,M,40.00,M,12.0,0907*46
2021:01:22:11:32:26.001000,1611311546.001,$GPGGA,103225.00,6342.682270,N,01058.744625,E,2,12,0.8,12.29,M,40.00,M,14.0,0907*4A
2021:01:22:11:32:27.002000,1611311547.002,$GPGGA,103226.00,6342.682252,N,01058.744593,E,2,12,0.8,12.33,M,40.00,M,5.0,0907*7C
2021:01:22:11:32:28.002000,1611311548.002,$GPGGA,103227.00,6342.682268,N,01058.744550,E,2,12,0.8,12.32,M,40.00,M,6.0,0907*79
2021:01:22:11:32:29.002000,1611311549.002,$GPGGA,103228.00,6342.682289,N,01058.744473,E,2,12,0.8,12.29,M,40.00,M,7.0,0907*72
2021:01:22:11:32:30.002000,1611311550.002,$GPGGA,103229.00,6342.682280,N,01058.744362,E,2,12,0.8,12.30,M,40.00,M,8.0,0907*7A
2021:01:22:11:32:31.002000,1611311551.002,$GPGGA,103230.00,6342.682276,N,01058.744326,E,2,12,0.8,12.30,M,40.00,M,9.0,0907*7A
2021:01:22:11:32:32.002000,1611311552.002,$GPGGA,103231.00,6342.682303,N,01058.744328,E,2,12,0.8,12.30,M,40.00,M,10.0,0907*4E
2021:01:22:11:32:33.002000,1611311553.002,$GPGGA,103232.00,6342.682323,N,01058.744238,E,2,12,0.8,12.27,M,40.00,M,11.0,0907*48
2021:01:22:11:32:34.002000,1611311554.002,$GPGGA,103233.00,6342.682328,N,01058.744216,E,2,12,0.8,12.30,M,40.00,M,6.0,0907*7E
2021:01:22:11:32:35.002000,1611311555.002,$GPGGA,103234.00,6342.682337,N,01058.744208,E,2,12,0.8,12.32,M,40.00,M,7.0,0907*7B
2021:01:22:11:32:36.002000,1611311556.002,$GPGGA,103235.00,6342.682360,N,01058.744066,E,2,12,0.8,12.26,M,40.00,M,8.0,0907*78
2021:01:22:11:32:38.002000,1611311558.002,$GPGGA,103237.00,6342.682386,N,01058.744090,E,2,12,0.8,12.30,M,40.00,M,10.0,0907*45
2021:01:22:11:32:39.002000,1611311559.002,$GPGGA,103238.00,6342.682413,N,01058.744065,E,2,12,0.8,12.29,M,40.00,M,11.0,0907*42
2021:01:22:11:32:40.002000,1611311560.002,$GPGGA,103239.00,6342.682426,N,01058.744014,E,2,12,0.8,12.29,M,40.00,M,7.0,0907*74
2021:01:22:11:32:41.002000,1611311561.002,$GPGGA,103240.00,6342.682424,N,01058.743892,E,2,12,0.8,12.27,M,40.00,M,8.0,0907*78
2021:01:22:11:32:43.003000,1611311563.003,$GPGGA,103242.00,6342.682484,N,01058.743969,E,2,12,0.8,12.31,M,40.00,M,10.0,0907*4B
2021:01:22:11:32:44.003000,1611311564.003,$GPGGA,103243.00,6342.682494,N,01058.743929,E,2,12,0.8,12.30,M,40.00,M,11.0,0907*4F
2021:01:22:11:32:45.003000,1611311565.003,$GPGGA,103244.00,6342.682510,N,01058.743825,E,2,12,0.8,12.27,M,40.00,M,12.0,0907*4D
2021:01:22:11:32:47.003000,1611311567.003,$GPGGA,103246.00,6342.682558,N,01058.743800,E,2,12,0.7,12.30,M,40.00,M,9.0,0907*77
2021:01:22:11:32:48.003000,1611311568.003,$GPGGA,103247.00,6342.682580,N,01058.743764,E,2,12,0.7,12.28,M,40.00,M,10.0,0907*4F
2021:01:22:11:32:49.003000,1611311569.003,$GPGGA,103248.00,6342.682584,N,01058.743756,E,2,12,0.8,12.30,M,40.00,M,11.0,0907*42
2021:01:22:11:32:51.002000,1611311571.002,$GPGGA,103250.00,6342.682668,N,01058.743699,E,2,12,0.8,12.28,M,40.00,M,7.0,0907*76
2021:01:22:11:32:52.002000,1611311572.002,$GPGGA,103251.00,6342.682681,N,01058.743680,E,2,12,0.7,12.29,M,40.00,M,8.0,0907*79
2021:01:22:11:32:53.002000,1611311573.002,$GPGGA,103252.00,6342.682677,N,01058.743638,E,2,12,0.7,12.29,M,40.00,M,9.0,0907*71
2021:01:22:11:32:54.002000,1611311574.002,$GPGGA,103253.00,6342.682734,N,01058.743658,E,2,12,0.7,12.29,M,40.00,M,10.0,0907*48
2021:01:22:11:32:55.002000,1611311575.002,$GPGGA,103254.00,6342.682779,N,01058.743605,E,2,12,0.8,12.27,M,40.00,M,11.0,0907*4E
2021:01:22:11:32:56.002000,1611311576.002,$GPGGA,103255.00,6342.682770,N,01058.743510,E,2,12,0.8,12.26,M,40.00,M,12.0,0907*43
2021:01:22:11:32:57.003000,1611311577.003,$GPGGA,103256.00,6342.682803,N,01058.743539,E,2,12,0.8,12.30,M,40.00,M,8.0,0907*7C
2021:01:22:11:32:58.003000,1611311578.003,$GPGGA,103257.00,6342.682861,N,01058.743545,E,2,12,0.8,12.30,M,40.00,M,9.0,0907*73
2021:01:22:11:32:59.003000,1611311579.003,$GPGGA,103258.00,6342.682875,N,01058.743469,E,2,12,0.8,12.27,M,40.00,M,10.0,0907*48
2021:01:22:11:33:00.003000,1611311580.003,$GPGGA,103259.00,6342.682886,N,01058.743444,E,2,12,0.8,12.29,M,40.00,M,5.0,0907*70
2021:01:22:11:33:01.003000,1611311581.003,$GPGGA,103300.00,6342.682926,N,01058.743406,E,2,12,0.8,12.30,M,40.00,M,6.0,0907*7B
2021:01:22:11:33:03.003000,1611311583.003,$GPGGA,103302.00,6342.682964,N,01058.743349,E,2,12,0.8,12.28,M,40.00,M,8.0,0907*74
2021:01:22:11:33:04.003000,1611311584.003,$GPGGA,103303.00,6342.682982,N,01058.743313,E,2,12,0.8,12.28,M,40.00,M,9.0,0907*73
2021:01:22:11:33:05.003000,1611311585.003,$GPGGA,103304.00,6342.683018,N,01058.743258,E,2,12,0.7,12.29,M,40.00,M,10.0,0907*47
2021:01:22:11:33:08.003000,1611311588.003,$GPGGA,103307.00,6342.683053,N,01058.743166,E,2,12,0.8,12.33,M,40.00,M,8.0,0907*78
2021:01:22:11:33:09.003000,1611311589.003,$GPGGA,103308.00,6342.683096,N,01058.743161,E,2,12,0.8,12.33,M,40.00,M,9.0,0907*78
2021:01:22:11:33:12.004000,1611311592.004,$GPGGA,103311.00,6342.683095,N,01058.743153,E,2,12,0.8,12.34,M,40.00,M,7.0,0907*7B
2021:01:22:11:33:13.004000,1611311593.004,$GPGGA,103312.00,6342.683115,N,01058.743169,E,2,12,0.8,12.32,M,40.00,M,8.0,0907*71
2021:01:22:11:33:14.004000,1611311594.004,$GPGGA,103313.00,6342.683093,N,01058.743105,E,2,12,0.8,12.31,M,40.00,M,9.0,0907*77
2021:01:22:11:33:16.004000,1611311596.004,$GPGGA,103315.00,6342.683102,N,01058.743224,E,2,12,0.8,12.35,M,40.00,M,11.0,0907*45
2021:01:22:11:33:17.004000,1611311597.004,$GPGGA,103316.00,6342.683091,N,01058.743182,E,2,12,0.8,12.31,M,40.00,M,7.0,0907*71
2021:01:22:11:33:18.004000,1611311598.004,$GPGGA,103317.00,6342.683055,N,01058.743132,E,2,12,0.8,12.30,M,40.00,M,8.0,0907*7D
2021:01:22:11:33:19.003000,1611311599.003,$GPGGA,103318.00,6342.683066,N,01058.743222,E,2,12,0.8,12.33,M,40.00,M,9.0,0907*72
2021:01:22:11:33:20.003000,1611311600.003,$GPGGA,103319.00,6342.683084,N,01058.743255,E,2,12,0.8,12.33,M,40.00,M,10.0,0907*47
2021:01:22:11:33:21.003000,1611311601.003,$GPGGA,103320.00,6342.683059,N,01058.743197,E,2,12,0.8,12.29,M,40.00,M,11.0,0907*4A
2021:01:22:11:33:22.003000,1611311602.003,$GPGGA,103321.00,6342.683056,N,01058.743242,E,2,12,0.8,12.32,M,40.00,M,12.0,0907*46
2021:01:22:11:33:23.003000,1611311603.003,$GPGGA,103322.00,6342.683079,N,01058.743301,E,2,12,0.8,12.32,M,40.00,M,7.0,0907*7A
2021:01:22:11:33:24.003000,1611311604.003,$GPGGA,103323.00,6342.683072,N,01058.743250,E,2,12,0.8,12.28,M,40.00,M,8.0,0907*71
2021:01:22:11:33:25.003000,1611311605.003,$GPGGA,103324.00,6342.683066,N,01058.743277,E,2,12,0.8,12.28,M,40.00,M,9.0,0907*77
2021:01:22:11:33:26.004000,1611311606.004,$GPGGA,103325.00,6342.683072,N,01058.743331,E,2,12,0.8,12.31,M,40.00,M,10.0,0907*40
2021:01:22:11:33:28.004000,1611311608.004,$GPGGA,103327.00,6342.683086,N,01058.743317,E,2,12,0.8,12.27,M,40.00,M,7.0,0907*7C
2021:01:22:11:33:29.004000,1611311609.004,$GPGGA,103328.00,6342.683078,N,01058.743334,E,2,12,0.8,12.28,M,40.00,M,8.0,0907*73
2021:01:22:11:33:30.004000,1611311610.004,$GPGGA,103329.00,6342.683065,N,01058.743346,E,2,12,0.8,12.29,M,40.00,M,9.0,0907*7B
2021:01:22:11:33:32.004000,1611311612.004,$GPGGA,103331.00,6342.683085,N,01058.743386,E,2,12,0.8,12.29,M,40.00,M,6.0,0907*7F
2021:01:22:11:33:33.004000,1611311613.004,$GPGGA,103332.00,6342.683064,N,01058.743362,E,2,12,0.8,12.30,M,40.00,M,7.0,0907*70
2021:01:22:11:33:34.004000,1611311614.004,$GPGGA,103333.00,6342.683058,N,01058.743306,E,2,12,0.8,12.27,M,40.00,M,8.0,0907*75
2021:01:22:11:33:36.004000,1611311616.004,$GPGGA,103335.00,6342.683044,N,01058.743351,E,2,12,0.8,12.30,M,40.00,M,10.0,0907*43
2021:01:22:11:33:37.004000,1611311617.004,$GPGGA,103336.00,6342.683050,N,01058.743360,E,2,12,0.8,12.30,M,40.00,M,5.0,0907*73
2021:01:22:11:33:38.004000,1611311618.004,$GPGGA,103337.00,6342.683023,N,01058.743276,E,2,12,0.8,12.27,M,40.00,M,6.0,0907*75
2021:01:22:11:33:39.004000,1611311619.004,$GPGGA,103338.00,6342.683006,N,01058.743307,E,2,12,0.8,12.29,M,40.00,M,7.0,0907*75
2021:01:22:11:33:41.005000,1611311621.005,$GPGGA,103340.00,6342.683011,N,01058.743378,E,2,12,0.8,12.31,M,40.00,M,9.0,0907*73
2021:01:22:11:33:42.005000,1611311622.005,$GPGGA,103341.00,6342.682991,N,01058.743362,E,2,12,0.8,12.29,M,40.00,M,10.0,0907*48
2021:01:22:11:33:43.005000,1611311623.005,$GPGGA,103342.00,6342.682983,N,01058.743366,E,2,12,0.8,12.30,M,40.00,M,11.0,0907*45
2021:01:22:11:33:44.005000,1611311624.005,$GPGGA,103343.00,6342.682984,N,01058.743385,E,2,12,0.8,12.31,M,40.00,M,7.0,0907*78
2021:01:22:11:33:45.005000,1611311625.005,$GPGGA,103344.00,6342.682971,N,01058.743432,E,2,12,0.8,12.30,M,40.00,M,8.0,0907*70
2021:01:22:11:33:46.005000,1611311626.005,$GPGGA,103345.00,6342.682953,N,01058.743446,E,2,12,0.8,12.30,M,40.00,M,9.0,0907*73
2021:01:22:11:33:47.005000,1611311627.005,$GPGGA,103346.00,6342.682955,N,01058.743431,E,2,12,0.8,12.30,M,40.00,M,4.0,0907*7B
2021:01:22:11:33:48.004000,1611311628.004,$GPGGA,103347.00,6342.682956,N,01058.743460,E,2,12,0.8,12.29,M,40.00,M,5.0,0907*74
2021:01:22:11:33:49.004000,1611311629.004,$GPGGA,103348.00,6342.682932,N,01058.743487,E,2,12,0.8,12.29,M,40.00,M,6.0,0907*73
2021:01:22:11:33:50.004000,1611311630.004,$GPGGA,103349.00,6342.682923,N,01058.743516,E,2,12,0.8,12.31,M,40.00,M,7.0,0907*73
2021:01:22:11:33:51.004000,1611311631.004,$GPGGA,103350.00,6342.682929,N,01058.743501,E,2,12,0.8,12.30,M,40.00,M,8.0,0907*79
2021:01:22:11:33:53.004000,1611311633.004,$GPGGA,103352.00,6342.682926,N,01058.743534,E,2,12,0.8,12.29,M,40.00,M,10.0,0907*43
2021:01:22:11:33:54.004000,1611311634.004,$GPGGA,103353.00,6342.682900,N,01058.743507,E,2,12,0.8,12.31,M,40.00,M,6.0,0907*78
2021:01:22:11:33:55.004000,1611311635.004,$GPGGA,103354.00,6342.682906,N,01058.743507,E,2,12,0.8,12.31,M,40.00,M,7.0,0907*78
2021:01:22:11:33:57.005000,1611311637.005,$GPGGA,103356.00,6342.682904,N,01058.743480,E,2,12,0.8,12.28,M,40.00,M,9.0,0907*70
2021:01:22:11:33:58.005000,1611311638.005,$GPGGA,103357.00,6342.682866,N,01058.743435,E,2,12,0.7,12.30,M,40.00,M,10.0,0907*44
2021:01:22:11:33:59.005000,1611311639.005,$GPGGA,103358.00,6342.682889,N,01058.743464,E,2,12,0.7,12.30,M,40.00,M,11.0,0907*4F
2021:01:22:11:34:01.005000,1611311641.005,$GPGGA,103400.00,6342.682874,N,01058.743486,E,2,12,0.7,12.30,M,40.00,M,7.0,0907*7C
2021:01:22:11:34:02.005000,1611311642.005,$GPGGA,103401.00,6342.682856,N,01058.743444,E,2,12,0.7,12.31,M,40.00,M,8.0,0907*7D
2021:01:22:11:34:03.005000,1611311643.005,$GPGGA,103402.00,6342.682870,N,01058.743379,E,2,12,0.7,12.28,M,40.00,M,9.0,0907*7A
2021:01:22:11:34:05.005000,1611311645.005,$GPGGA,103404.00,6342.682852,N,01058.743486,E,2,12,0.7,12.33,M,40.00,M,6.0,0907*7E
2021:01:22:11:34:06.005000,1611311646.005,$GPGGA,103405.00,6342.682854,N,01058.743433,E,2,12,0.7,12.32,M,40.00,M,7.0,0907*77
2021:01:22:11:34:07.005000,1611311647.005,$GPGGA,103406.00,6342.682832,N,01058.743395,E,2,12,0.7,12.33,M,40.00,M,8.0,0907*71
2021:01:22:11:34:08.005000,1611311648.005,$GPGGA,103407.00,6342.682829,N,01058.743400,E,2,12,0.7,12.35,M,40.00,M,9.0,0907*76
2021:01:22:11:34:10.006000,1611311650.006,$GPGGA,103409.00,6342.682807,N,01058.743334,E,2,12,0.7,12.38,M,40.00,M,11.0,0907*40
2021:01:22:11:34:11.006000,1611311651.006,$GPGGA,103410.00,6342.682811,N,01058.743347,E,2,12,0.7,12.39,M,40.00,M,12.0,0907*49
2021:01:22:11:34:12.006000,1611311652.006,$GPGGA,103411.00,6342.682804,N,01058.743261,E,2,12,0.7,12.33,M,40.00,M,8.0,0907*78
2021:01:22:11:34:13.006000,1611311653.006,$GPGGA,103412.00,6342.682790,N,01058.743240,E,2,12,0.7,12.37,M,40.00,M,9.0,0907*7F
2021:01:22:11:34:14.006000,1611311654.006,$GPGGA,103413.00,6342.682789,N,01058.743295,E,2,12,0.7,12.37,M,40.00,M,5.0,0907*72
2021:01:22:11:34:15.006000,1611311655.006,$GPGGA,103414.00,6342.682786,N,01058.743283,E,2,12,0.7,12.35,M,40.00,M,6.0,0907*7C
2021:01:22:11:34:16.006000,1611311656.006,$GPGGA,103415.00,6342.682781,N,01058.743242,E,2,12,0.7,12.35,M,40.00,M,7.0,0907*76
2021:01:22:11:34:18.006000,1611311658.006,$GPGGA,103417.00,6342.682785,N,01058.743221,E,2,12,0.7,12.38,M,40.00,M,9.0,0907*76
2021:01:22:11:34:19.005000,1611311659.005,$GPGGA,103418.00,6342.682767,N,01058.743208,E,2,12,0.7,12.36,M,40.00,M,10.0,0907*48
2021:01:22:11:34:20.005000,1611311660.005,$GPGGA,103419.00,6342.682777,N,01058.743213,E,2,12,0.7,12.38,M,40.00,M,11.0,0907*4D
2021:01:22:11:34:22.005000,1611311662.005,$GPGGA,103421.00,6342.682768,N,01058.743202,E,2,12,0.8,12.38,M,40.00,M,13.0,0907*45
2021:01:22:11:34:23.005000,1611311663.005,$GPGGA,103422.00,6342.682781,N,01058.743209,E,2,12,0.8,12.38,M,40.00,M,14.0,0907*4D
2021:01:22:11:34:24.005000,1611311664.005,$GPGGA,103423.00,6342.682768,N,01058.743221,E,2,12,0.8,12.35,M,40.00,M,9.0,0907*70
2021:01:22:11:34:26.006000,1611311666.006,$GPGGA,103425.00,6342.682779,N,01058.743245,E,2,12,0.8,12.36,M,40.00,M,11.0,0907*4E
2021:01:22:11:34:27.006000,1611311667.006,$GPGGA,103426.00,6342.682784,N,01058.743240,E,2,12,0.8,12.35,M,40.00,M,12.0,0907*4A
2021:01:22:11:34:28.006000,1611311668.006,$GPGGA,103427.00,6342.682773,N,01058.743239,E,2,12,0.8,12.34,M,40.00,M,8.0,0907*77
2021:01:22:11:34:30.006000,1611311670.006,$GPGGA,103429.00,6342.682801,N,01058.743268,E,2,12,0.8,12.35,M,40.00,M,10.0,0907*4F
2021:01:22:11:34:31.006000,1611311671.006,$GPGGA,103430.00,6342.682800,N,01058.743244,E,2,12,0.8,12.34,M,40.00,M,6.0,0907*7E
2021:01:22:11:34:32.006000,1611311672.006,$GPGGA,103431.00,6342.682781,N,01058.743205,E,2,12,0.8,12.35,M,40.00,M,7.0,0907*7C
2021:01:22:11:34:33.006000,1611311673.006,$GPGGA,103432.00,6342.682800,N,01058.743164,E,2,12,0.8,12.33,M,40.00,M,8.0,0907*74
2021:01:22:11:34:34.006000,1611311674.006,$GPGGA,103433.00,6342.682813,N,01058.743139,E,2,12,0.8,12.32,M,40.00,M,9.0,0907*7F
2021:01:22:11:34:35.006000,1611311675.006,$GPGGA,103434.00,6342.682809,N,01058.743143,E,2,12,0.8,12.35,M,40.00,M,10.0,0907*41
2021:01:22:11:34:36.006000,1611311676.006,$GPGGA,103435.00,6342.682837,N,01058.743141,E,2,12,0.8,12.34,M,40.00,M,11.0,0907*4F
2021:01:22:11:34:38.006000,1611311678.006,$GPGGA,103437.00,6342.682825,N,01058.742949,E,2,12,0.8,12.32,M,40.00,M,8.0,0907*71
2021:01:22:11:34:39.006000,1611311679.006,$GPGGA,103438.00,6342.682858,N,01058.742940,E,2,12,0.8,12.34,M,40.00,M,9.0,0907*7A
2021:01:22:11:34:40.007000,1611311680.007,$GPGGA,103439.00,6342.682901,N,01058.742932,E,2,12,0.8,12.32,M,40.00,M,10.0,0907*4D
2021:01:22:11:34:43.007000,1611311683.007,$GPGGA,103442.00,6342.682894,N,01058.742702,E,2,12,0.8,12.31,M,40.00,M,13.0,0907*41
2021:01:22:11:34:44.007000,1611311684.007,$GPGGA,103443.00,6342.682904,N,01058.742698,E,2,12,0.8,12.30,M,40.00,M,14.0,0907*4C
2021:01:22:11:34:45.007000,1611311685.007,$GPGGA,103444.00,6342.682875,N,01058.742672,E,2,12,0.8,12.30,M,40.00,M,10.0,0907*4C
2021:01:22:11:34:47.007000,1611311687.007,$GPGGA,103446.00,6342.682861,N,01058.742586,E,2,12,0.8,12.30,M,40.00,M,7.0,0907*75
2021:01:22:11:34:48.006000,1611311688.006,$GPGGA,103447.00,6342.682842,N,01058.742506,E,2,12,0.8,12.28,M,40.00,M,8.0,0907*7B
2021:01:22:11:34:49.006000,1611311689.006,$GPGGA,103448.00,6342.682838,N,01058.742565,E,2,12,0.8,12.33,M,40.00,M,9.0,0907*77
2021:01:22:11:34:51.006000,1611311691.006,$GPGGA,103450.00,6342.682799,N,01058.742497,E,2,12,0.8,12.30,M,40.00,M,5.0,0907*79
2021:01:22:11:34:52.006000,1611311692.006,$GPGGA,103451.00,6342.682785,N,01058.742436,E,2,12,0.8,12.29,M,40.00,M,6.0,0907*75
2021:01:22:11:34:53.006000,1611311693.006,$GPGGA,103452.00,6342.682737,N,01058.742424,E,2,12,0.8,12.32,M,40.00,M,7.0,0907*77
2021:01:22:11:34:55.007000,1611311695.007,$GPGGA,103454.00,6342.682733,N,01058.742473,E,2,12,0.8,12.29,M,40.00,M,9.0,0907*73
2021:01:22:11:34:56.007000,1611311696.007,$GPGGA,103455.00,6342.682709,N,01058.742512,E,2,12,0.8,12.31,M,40.00,M,10.0,0907*4C
2021:01:22:11:34:57.007000,1611311697.007,$GPGGA,103456.00,6342.682684,N,01058.742499,E,2,12,0.8,12.31,M,40.00,M,11.0,0907*48
2021:01:22:11:34:58.007000,1611311698.007,$GPGGA,103457.00,6342.682677,N,01058.742471,E,2,12,0.8,12.31,M,40.00,M,7.0,0907*74
2021:01:22:11:34:59.007000,1611311699.007,$GPGGA,103458.00,6342.682661,N,01058.742475,E,2,12,0.7,12.30,M,40.00,M,8.0,0907*79
2021:01:22:11:35:00.007000,1611311700.007,$GPGGA,103459.00,6342.682641,N,01058.742477,E,2,12,0.7,12.30,M,40.00,M,9.0,0907*79
2021:01:22:11:35:01.007000,1611311701.007,$GPGGA,103500.00,6342.682640,N,01058.742472,E,2,12,0.7,12.29,M,40.00,M,10.0,0907*40
2021:01:22:11:35:03.007000,1611311703.007,$GPGGA,103502.00,6342.682621,N,01058.742550,E,2,12,0.7,12.31,M,40.00,M,12.0,0907*4F
2021:01:22:11:35:04.007000,1611311704.007,$GPGGA,103503.00,6342.682614,N,01058.742553,E,2,12,0.7,12.29,M,40.00,M,13.0,0907*43
2021:01:22:11:35:05.007000,1611311705.007,$GPGGA,103504.00,6342.682624,N,01058.742578,E,2,12,0.7,12.30,M,40.00,M,8.0,0907*7C
2021:01:22:11:35:07.007000,1611311707.007,$GPGGA,103506.00,6342.682596,N,01058.742584,E,2,12,0.7,12.30,M,40.00,M,10.0,0907*4E
2021:01:22:11:35:08.008000,1611311708.008,$GPGGA,103507.00,6342.682603,N,01058.742611,E,2,12,0.7,12.32,M,40.00,M,6.0,0907*7A
2021:01:22:11:35:09.008000,1611311709.008,$GPGGA,103508.00,6342.682629,N,01058.742605,E,2,12,0.7,12.30,M,40.00,M,7.0,0907*7B
2021:01:22:11:35:12.008000,1611311712.008,$GPGGA,103511.00,6342.682637,N,01058.742703,E,2,12,0.7,12.31,M,40.00,M,10.0,0907*4C
2021:01:22:11:35:13.008000,1611311713.008,$GPGGA,103512.00,6342.682620,N,01058.742699,E,2,12,0.7,12.31,M,40.00,M,11.0,0907*4A
2021:01:22:11:35:14.008000,1611311714.008,$GPGGA,103513.00,6342.682621,N,01058.742642,E,2,12,0.7,12.28,M,40.00,M,12.0,0907*47
2021:01:22:11:35:16.008000,1611311716.008,$GPGGA,103515.00,6342.682636,N,01058.742741,E,2,12,0.8,12.37,M,40.00,M,7.0,0907*70
2021:01:22:11:35:17.007000,1611311717.007,$GPGGA,103516.00,6342.682636,N,01058.742696,E,2,12,0.8,12.32,M,40.00,M,8.0,0907*72
2021:01:22:11:35:18.007000,1611311718.007,$GPGGA,103517.00,6342.682660,N,01058.742776,E,2,12,0.8,12.32,M,40.00,M,9.0,0907*7E
2021:01:22:11:35:20.007000,1611311720.007,$GPGGA,103519.00,6342.682645,N,01058.742785,E,2,12,0.8,12.34,M,40.00,M,11.0,0907*44
2021:01:22:11:35:21.007000,1611311721.007,$GPGGA,103520.00,6342.682665,N,01058.742802,E,2,12,0.8,12.31,M,40.00,M,12.0,0907*4A
2021:01:22:11:35:22.007000,1611311722.007,$GPGGA,103521.00,6342.682658,N,01058.742887,E,2,12,0.7,12.37,M,40.00,M,8.0,0907*7A
2021:01:22:11:35:23.008000,1611311723.008,$GPGGA,103522.00,6342.682660,N,01058.742896,E,2,12,0.7,12.36,M,40.00,M,9.0,0907*72
2021:01:22:11:35:24.008000,1611311724.008,$GPGGA,103523.00,6342.682694,N,01058.742922,E,2,12,0.7,12.30,M,40.00,M,5.0,0907*7C
2021:01:22:11:35:25.008000,1611311725.008,$GPGGA,103524.00,6342.682691,N,01058.742959,E,2,12,0.7,12.33,M,40.00,M,6.0,0907*72
2021:01:22:11:35:26.008000,1611311726.008,$GPGGA,103525.00,6342.682674,N,01058.742984,E,2,12,0.7,12.35,M,40.00,M,7.0,0907*7F
2021:01:22:11:35:28.008000,1611311728.008,$GPGGA,103527.00,6342.682736,N,01058.743087,E,2,12,0.8,12.31,M,40.00,M,9.0,0907*74
2021:01:22:11:35:29.008000,1611311729.008,$GPGGA,103528.00,6342.682717,N,01058.743100,E,2,12,0.8,12.32,M,40.00,M,10.0,0907*4D
2021:01:22:11:35:30.008000,1611311730.008,$GPGGA,103529.00,6342.682748,N,01058.743156,E,2,12,0.8,12.33,M,40.00,M,11.0,0907*45
2021:01:22:11:35:32.008000,1611311732.008,$GPGGA,103531.00,6342.682757,N,01058.743186,E,2,12,0.8,12.33,M,40.00,M,7.0,0907*78
2021:01:22:11:35:33.008000,1611311733.008,$GPGGA,103532.00,6342.682771,N,01058.743241,E,2,12,0.8,12.33,M,40.00,M,8.0,0907*78
2021:01:22:11:35:34.008000,1611311734.008,$GPGGA,103533.00,6342.682804,N,01058.743297,E,2,12,0.8,12.32,M,40.00,M,9.0,0907*7F
2021:01:22:11:35:36.008000,1611311736.008,$GPGGA,103535.00,6342.682801,N,01058.743324,E,2,12,0.8,12.33,M,40.00,M,11.0,0907*4D
2021:01:22:11:35:37.008000,1611311737.008,$GPGGA,103536.00,6342.682821,N,01058.743321,E,2,12,0.8,12.32,M,40.00,M,12.0,0907*4B
2021:01:22:11:35:38.009000,1611311738.009,$GPGGA,103537.00,6342.682830,N,01058.743294,E,2,12,0.8,12.32,M,40.00,M,8.0,0907*7E
2021:01:22:11:35:40.009000,1611311740.009,$GPGGA,103539.00,6342.682845,N,01058.743407,E,2,12,0.8,12.35,M,40.00,M,10.0,0907*40
2021:01:22:11:35:41.009000,1611311741.009,$GPGGA,103540.00,6342.682885,N,01058.743414,E,2,12,0.8,12.32,M,40.00,M,11.0,0907*46
2021:01:22:11:35:42.009000,1611311742.009,$GPGGA,103541.00,6342.682903,N,01058.743404,E,2,12,0.8,12.32,M,40.00,M,12.0,0907*4A
2021:01:22:11:35:43.009000,1611311743.009,$GPGGA,103542.00,6342.682893,N,01058.743408,E,2,12,0.8,12.36,M,40.00,M,13.0,0907*48
2021:01:22:11:35:45.009000,1611311745.009,$GPGGA,103544.00,6342.682969,N,01058.743507,E,2,12,0.8,12.35,M,40.00,M,10.0,0907*44
2021:01:22:11:35:46.009000,1611311746.009,$GPGGA,103545.00,6342.682979,N,01058.743515,E,2,12,0.8,12.35,M,40.00,M,11.0,0907*46
2021:01:22:11:35:47.009000,1611311747.009,$GPGGA,103546.00,6342.682973,N,01058.743546,E,2,12,0.8,12.39,M,40.00,M,12.0,0907*46
2021:01:22:11:35:48.008000,1611311748.008,$GPGGA,103547.00,6342.682995,N,01058.743550,E,2,12,0.8,12.40,M,40.00,M,8.0,0907*7D
2021:01:22:11:35:49.008000,1611311749.008,$GPGGA,103548.00,6342.683032,N,01058.743584,E,2,12,0.8,12.39,M,40.00,M,9.0,0907*71
2021:01:22:11:35:50.008000,1611311750.008,$GPGGA,103549.00,6342.683047,N,01058.743639,E,2,12,0.8,12.41,M,40.00,M,10.0,0907*40
2021:01:22:11:35:51.008000,1611311751.008,$GPGGA,103550.00,6342.683036,N,01058.743652,E,2,12,0.8,12.43,M,40.00,M,11.0,0907*40
2021:01:22:11:35:53.009000,1611311753.009,$GPGGA,103552.00,6342.683100,N,01058.743771,E,2,12,0.8,12.45,M,40.00,M,7.0,0907*77
2021:01:22:11:35:54.009000,1611311754.009,$GPGGA,103553.00,6342.683097,N,01058.743796,E,2,12,0.8,12.44,M,40.00,M,8.0,0907*7E
2021:01:22:11:35:55.009000,1611311755.009,$GPGGA,103554.00,6342.683082,N,01058.743806,E,2,12,0.8,12.39,M,40.00,M,4.0,0907*7D
2021:01:22:11:35:57.011000,1611311757.011,$GPGGA,103556.00,6342.683141,N,01058.743926,E,2,12,0.8,12.44,M,40.00,M,6.0,0907*7A
2021:01:22:11:35:58.009000,1611311758.009,$GPGGA,103557.00,6342.683117,N,01058.743886,E,2,12,0.8,12.43,M,40.00,M,7.0,0907*75
2021:01:22:11:35:59.009000,1611311759.009,$GPGGA,103558.00,6342.683118,N,01058.743901,E,2,12,0.8,12.44,M,40.00,M,8.0,0907*73
2021:01:22:11:36:01.009000,1611311761.009,$GPGGA,103600.00,6342.683126,N,01058.743931,E,2,12,0.8,12.40,M,40.00,M,5.0,0907*7A
2021:01:22:11:36:02.009000,1611311762.009,$GPGGA,103601.00,6342.683094,N,01058.743905,E,2,12,0.8,12.41,M,40.00,M,6.0,0907*76
2021:01:22:11:36:03.009000,1611311763.009,$GPGGA,103602.00,6342.683108,N,01058.743954,E,2,12,0.8,12.42,M,40.00,M,7.0,0907*77
2021:01:22:11:36:05.009000,1611311765.009,$GPGGA,103604.00,6342.683062,N,01058.743896,E,2,12,0.8,12.42,M,40.00,M,9.0,0907*7D
2021:01:22:11:36:06.009000,1611311766.009,$GPGGA,103605.00,6342.683048,N,01058.743882,E,2,12,0.8,12.43,M,40.00,M,10.0,0907*48
2021:01:22:11:36:07.010000,1611311767.01,$GPGGA,103606.00,6342.683032,N,01058.743819,E,2,12,0.8,12.42,M,40.00,M,11.0,0907*44
2021:01:22:11:36:08.010000,1611311768.01,$GPGGA,103607.00,6342.682982,N,01058.743761,E,2,12,0.8,12.43,M,40.00,M,12.0,0907*44
2021:01:22:11:36:09.010000,1611311769.01,$GPGGA,103608.00,6342.682955,N,01058.743752,E,2,12,0.8,12.40,M,40.00,M,7.0,0907*76
2021:01:22:11:36:10.010000,1611311770.01,$GPGGA,103609.00,6342.682952,N,01058.743719,E,2,12,0.8,12.39,M,40.00,M,8.0,0907*7E
2021:01:22:11:36:11.010000,1611311771.01,$GPGGA,103610.00,6342.682914,N,01058.743662,E,2,12,0.8,12.40,M,40.00,M,9.0,0907*76
2021:01:22:11:36:13.010000,1611311773.01,$GPGGA,103612.00,6342.682845,N,01058.743476,E,2,12,0.8,12.36,M,40.00,M,6.0,0907*78
2021:01:22:11:36:14.010000,1611311774.01,$GPGGA,103613.00,6342.682846,N,01058.743518,E,2,12,0.8,12.39,M,40.00,M,7.0,0907*7D
2021:01:22:11:36:15.010000,1611311775.01,$GPGGA,103614.00,6342.682797,N,01058.743442,E,2,12,0.8,12.39,M,40.00,M,8.0,0907*78
2021:01:22:11:36:18.009000,1611311778.009,$GPGGA,103617.00,6342.682760,N,01058.743252,E,2,12,0.8,12.42,M,40.00,M,11.0,0907*40
2021:01:22:11:36:19.009000,1611311779.009,$GPGGA,103618.00,6342.682748,N,01058.743191,E,2,12,0.8,12.39,M,40.00,M,12.0,0907*46
2021:01:22:11:36:20.009000,1611311780.009,$GPGGA,103619.00,6342.682747,N,01058.743132,E,2,12,0.8,12.38,M,40.00,M,13.0,0907*41
2021:01:22:11:36:22.010000,1611311782.01,$GPGGA,103621.00,6342.682737,N,01058.742999,E,2,12,0.8,12.39,M,40.00,M,9.0,0907*7F
2021:01:22:11:36:23.010000,1611311783.01,$GPGGA,103622.00,6342.682737,N,01058.742932,E,2,12,0.8,12.38,M,40.00,M,10.0,0907*44
2021:01:22:11:36:24.010000,1611311784.01,$GPGGA,103623.00,6342.682745,N,01058.742900,E,2,12,0.8,12.38,M,40.00,M,11.0,0907*40
2021:01:22:11:36:26.010000,1611311786.01,$GPGGA,103625.00,6342.682757,N,01058.742777,E,2,12,0.8,12.38,M,40.00,M,8.0,0907*73
2021:01:22:11:36:27.010000,1611311787.01,$GPGGA,103626.00,6342.682755,N,01058.742712,E,2,12,0.8,12.38,M,40.00,M,9.0,0907*70
2021:01:22:11:36:28.010000,1611311788.01,$GPGGA,103627.00,6342.682775,N,01058.742701,E,2,12,0.8,12.39,M,40.00,M,10.0,0907*48
2021:01:22:11:36:30.010000,1611311790.01,$GPGGA,103629.00,6342.682792,N,01058.742621,E,2,12,0.8,12.36,M,40.00,M,6.0,0907*74
2021:01:22:11:36:31.010000,1611311791.01,$GPGGA,103630.00,6342.682800,N,01058.742641,E,2,12,0.8,12.39,M,40.00,M,7.0,0907*70
2021:01:22:11:36:32.010000,1611311792.01,$GPGGA,103631.00,6342.682817,N,01058.742646,E,2,12,0.8,12.40,M,40.00,M,8.0,0907*71
2021:01:22:11:36:33.010000,1611311793.01,$GPGGA,103632.00,6342.682818,N,01058.742569,E,2,12,0.7,12.37,M,40.00,M,9.0,0907*7D
2021:01:22:11:36:34.010000,1611311794.01,$GPGGA,103633.00,6342.682803,N,01058.742526,E,2,12,0.7,12.37,M,40.00,M,10.0,0907*45
2021:01:22:11:36:35.010000,1611311795.01,$GPGGA,103634.00,6342.682822,N,01058.742603,E,2,12,0.7,12.39,M,40.00,M,11.0,0907*4A
2021:01:22:11:36:36.011000,1611311796.011,$GPGGA,103635.00,6342.682832,N,01058.742629,E,2,12,0.7,12.41,M,40.00,M,7.0,0907*7A
2021:01:22:11:36:38.011000,1611311798.011,$GPGGA,103637.00,6342.682813,N,01058.742550,E,2,12,0.7,12.37,M,40.00,M,9.0,0907*79
2021:01:22:11:36:39.011000,1611311799.011,$GPGGA,103638.00,6342.682809,N,01058.742582,E,2,12,0.7,12.40,M,40.00,M,10.0,0907*4A
2021:01:22:11:36:40.011000,1611311800.011,$GPGGA,103639.00,6342.682798,N,01058.742554,E,2,12,0.7,12.38,M,40.00,M,11.0,0907*49
2021:01:22:11:36:42.011000,1611311802.011,$GPGGA,103641.00,6342.682800,N,01058.742681,E,2,12,0.8,12.40,M,40.00,M,8.0,0907*7B
2021:01:22:11:36:43.011000,1611311803.011,$GPGGA,103642.00,6342.682800,N,01058.742677,E,2,12,0.8,12.38,M,40.00,M,9.0,0907*7F
2021:01:22:11:36:44.011000,1611311804.011,$GPGGA,103643.00,6342.682795,N,01058.742626,E,2,12,0.8,12.36,M,40.00,M,10.0,0907*4F
2021:01:22:11:36:47.010000,1611311807.01,$GPGGA,103646.00,6342.682807,N,01058.742699,E,2,12,0.8,12.39,M,40.00,M,13.0,0907*46
2021:01:22:11:36:48.010000,1611311808.01,$GPGGA,103647.00,6342.682802,N,01058.742632,E,2,12,0.8,12.37,M,40.00,M,9.0,0907*76
2021:01:22:11:36:49.010000,1611311809.01,$GPGGA,103648.00,6342.682778,N,01058.742594,E,2,12,0.8,12.37,M,40.00,M,10.0,0907*4C
2021:01:22:11:36:51.011000,1611311811.011,$GPGGA,103650.00,6342.682781,N,01058.742683,E,2,12,0.8,12.39,M,40.00,M,12.0,0907*4A
2021:01:22:11:36:52.011000,1611311812.011,$GPGGA,103651.00,6342.682758,N,01058.742633,E,2,12,0.8,12.38,M,40.00,M,7.0,0907*71
2021:01:22:11:36:53.011000,1611311813.011,$GPGGA,103652.00,6342.682738,N,01058.742538,E,2,12,0.8,12.34,M,40.00,M,8.0,0907*7F
2021:01:22:11:36:55.011000,1611311815.011,$GPGGA,103654.00,6342.682688,N,01058.742561,E,2,12,0.8,12.41,M,40.00,M,10.0,0907*44
2021:01:22:11:36:56.011000,1611311816.011,$GPGGA,103655.00,6342.682684,N,01058.742529,E,2,12,0.8,12.39,M,40.00,M,11.0,0907*4B
2021:01:22:11:36:57.011000,1611311817.011,$GPGGA,103656.00,6342.682643,N,01058.742402,E,2,12,0.8,12.36,M,40.00,M,12.0,0907*47
2021:01:22:11:36:58.011000,1611311818.011,$GPGGA,103657.00,6342.682617,N,01058.742397,E,2,12,0.8,12.37,M,40.00,M,13.0,0907*4C
2021:01:22:11:36:59.011000,1611311819.011,$GPGGA,103658.00,6342.682619,N,01058.742437,E,2,12,0.8,12.39,M,40.00,M,9.0,0907*75
2021:01:22:11:37:00.011000,1611311820.011,$GPGGA,103659.00,6342.682617,N,01058.742387,E,2,12,0.8,12.36,M,40.00,M,10.0,0907*41
2021:01:22:11:37:01.011000,1611311821.011,$GPGGA,103700.00,6342.682605,N,01058.742379,E,2,12,0.8,12.36,M,40.00,M,11.0,0907*4F
2021:01:22:11:37:03.011000,1611311823.011,$GPGGA,103702.00,6342.682612,N,01058.742369,E,2,12,0.8,12.37,M,40.00,M,7.0,0907*7C
2021:01:22:11:37:04.011000,1611311824.011,$GPGGA,103703.00,6342.682613,N,01058.742365,E,2,12,0.8,12.37,M,40.00,M,8.0,0907*7F
2021:01:22:11:37:05.011000,1611311825.011,$GPGGA,103704.00,6342.682595,N,01058.742423,E,2,12,0.8,12.42,M,40.00,M,9.0,0907*73
2021:01:22:11:37:07.012000,1611311827.012,$GPGGA,103706.00,6342.682596,N,01058.742369,E,2,12,0.8,12.36,M,40.00,M,6.0,0907*77
2021:01:22:11:37:08.012000,1611311828.012,$GPGGA,103707.00,6342.682562,N,01058.742374,E,2,12,0.8,12.39,M,40.00,M,7.0,0907*7F
2021:01:22:11:37:09.012000,1611311829.012,$GPGGA,103708.00,6342.682532,N,01058.742452,E,2,12,0.8,12.44,M,40.00,M,8.0,0907*73
2021:01:22:11:37:11.012000,1611311831.012,$GPGGA,103710.00,6342.682504,N,01058.742427,E,2,12,0.8,12.38,M,40.00,M,10.0,0907*4F
2021:01:22:11:37:12.012000,1611311832.012,$GPGGA,103711.00,6342.682454,N,01058.742368,E,2,12,0.8,12.39,M,40.00,M,11.0,0907*46
2021:01:22:11:37:13.012000,1611311833.012,$GPGGA,103712.00,6342.682445,N,01058.742386,E,2,12,0.8,12.40,M,40.00,M,7.0,0907*7C
2021:01:22:11:37:16.011000,1611311836.011,$GPGGA,103715.00,6342.682366,N,01058.742340,E,2,12,0.8,12.38,M,40.00,M,5.0,0907*7A
2021:01:22:11:37:17.011000,1611311837.011,$GPGGA,103716.00,6342.682337,N,01058.742355,E,2,12,0.8,12.40,M,40.00,M,6.0,0907*75
2021:01:22:11:37:18.011000,1611311838.011,$GPGGA,103717.00,6342.682326,N,01058.742359,E,2,12,0.8,12.39,M,40.00,M,7.0,0907*77
2021:01:22:11:37:20.011000,1611311840.011,$GPGGA,103719.00,6342.682315,N,01058.742394,E,2,12,0.8,12.40,M,40.00,M,9.0,0907*78
2021:01:22:11:37:21.012000,1611311841.012,$GPGGA,103720.00,6342.682298,N,01058.742409,E,2,12,0.8,12.40,M,40.00,M,10.0,0907*4D
2021:01:22:11:37:22.012000,1611311842.012,$GPGGA,103721.00,6342.682297,N,01058.742393,E,2,12,0.8,12.39,M,40.00,M,11.0,0907*48
2021:01:22:11:37:23.012000,1611311843.012,$GPGGA,103722.00,6342.682303,N,01058.742365,E,2,12,0.8,12.37,M,40.00,M,7.0,0907*77
2021:01:22:11:37:24.012000,1611311844.012,$GPGGA,103723.00,6342.682301,N,01058.742383,E,2,12,0.8,12.39,M,40.00,M,8.0,0907*7D
2021:01:22:11:37:25.012000,1611311845.012,$GPGGA,103724.00,6342.682282,N,01058.742417,E,2,12,0.8,12.40,M,40.00,M,9.0,0907*75
2021:01:22:11:37:26.012000,1611311846.012,$GPGGA,103725.00,6342.682285,N,01058.742402,E,2,12,0.8,12.39,M,40.00,M,10.0,0907*41
2021:01:22:11:37:27.012000,1611311847.012,$GPGGA,103726.00,6342.682297,N,01058.742365,E,2,12,0.8,12.36,M,40.00,M,11.0,0907*49
2021:01:22:11:37:28.012000,1611311848.012,$GPGGA,103727.00,6342.682271,N,01058.742356,E,2,12,0.8,12.39,M,40.00,M,12.0,0907*4C
2021:01:22:11:37:29.012000,1611311849.012,$GPGGA,103728.00,6342.682241,N,01058.742352,E,2,12,0.8,12.41,M,40.00,M,7.0,0907*7F
2021:01:22:11:37:30.012000,1611311850.012,$GPGGA,103729.00,6342.682257,N,01058.742348,E,2,12,0.8,12.39,M,40.00,M,8.0,0907*72
2021:01:22:11:37:32.012000,1611311852.012,$GPGGA,103731.00,6342.682224,N,01058.742279,E,2,12,0.8,12.37,M,40.00,M,10.0,0907*4B
2021:01:22:11:37:33.012000,1611311853.012,$GPGGA,103732.00,6342.682197,N,01058.742291,E,2,12,0.8,12.41,M,40.00,M,6.0,0907*73
2021:01:22:11:37:34.012000,1611311854.012,$GPGGA,103733.00,6342.682202,N,01058.742258,E,2,12,0.8,12.39,M,40.00,M,7.0,0907*76
2021:01:22:11:37:36.013000,1611311856.013,$GPGGA,103735.00,6342.682166,N,01058.742183,E,2,12,0.8,12.39,M,40.00,M,9.0,0907*7A
2021:01:22:11:37:37.013000,1611311857.013,$GPGGA,103736.00,6342.682136,N,01058.742170,E,2,12,0.7,12.41,M,40.00,M,10.0,0907*48
2021:01:22:11:37:38.013000,1611311858.013,$GPGGA,103737.00,6342.682130,N,01058.742078,E,2,12,0.7,12.40,M,40.00,M,11.0,0907*46
2021:01:22:11:37:40.013000,1611311860.013,$GPGGA,103739.00,6342.682104,N,01058.742090,E,2,12,0.8,12.42,M,40.00,M,8.0,0907*7C
2021:01:22:11:37:41.013000,1611311861.013,$GPGGA,103740.00,6342.682078,N,01058.742037,E,2,12,0.8,12.43,M,40.00,M,9.0,0907*75
2021:01:22:11:37:42.013000,1611311862.013,$GPGGA,103741.00,6342.682064,N,01058.741992,E,2,12,0.8,12.42,M,40.00,M,10.0,0907*45
2021:01:22:11:37:43.013000,1611311863.013,$GPGGA,103742.00,6342.682068,N,01058.742001,E,2,12,0.8,12.41,M,40.00,M,6.0,0907*7E
2021:01:22:11:37:44.013000,1611311864.013,$GPGGA,103743.00,6342.682049,N,01058.741979,E,2,12,0.8,12.42,M,40.00,M,7.0,0907*7B
2021:01:22:11:37:45.013000,1611311865.013,$GPGGA,103744.00,6342.682020,N,01058.741933,E,2,12,0.8,12.42,M,40.00,M,8.0,0907*72
2021:01:22:11:37:46.012000,1611311866.012,$GPGGA,103745.00,6342.682011,N,01058.741978,E,2,12,0.7,12.43,M,40.00,M,9.0,0907*71
2021:01:22:11:37:48.012000,1611311868.012,$GPGGA,103747.00,6342.682015,N,01058.741978,E,2,12,0.8,12.39,M,40.00,M,11.0,0907*4C
2021:01:22:11:37:49.012000,1611311869.012,$GPGGA,103748.00,6342.681994,N,01058.742002,E,2,12,0.8,12.40,M,40.00,M,7.0,0907*7E
2021:01:22:11:37:50.012000,1611311870.012,$GPGGA,103749.00,6342.681997,N,01058.742042,E,2,12,0.8,12.42,M,40.00,M,8.0,0907*75
2021:01:22:11:37:51.013000,1611311871.013,$GPGGA,103750.00,6342.681996,N,01058.742008,E,2,12,0.7,12.41,M,40.00,M,9.0,0907*7F
2021:01:22:11:37:53.013000,1611311873.013,$GPGGA,103752.00,6342.682013,N,01058.742070,E,2,12,0.8,12.42,M,40.00,M,11.0,0907*40
2021:01:22:11:37:54.013000,1611311874.013,$GPGGA,103753.00,6342.682012,N,01058.742130,E,2,12,0.8,12.44,M,40.00,M,12.0,0907*40
2021:01:22:11:37:55.013000,1611311875.013,$GPGGA,103754.00,6342.682015,N,01058.742113,E,2,12,0.8,12.41,M,40.00,M,13.0,0907*45
2021:01:22:11:37:57.013000,1611311877.013,$GPGGA,103756.00,6342.682049,N,01058.742244,E,2,12,0.8,12.44,M,40.00,M,15.0,0907*4C
2021:01:22:11:37:58.013000,1611311878.013,$GPGGA,103757.00,6342.682067,N,01058.742300,E,2,12,0.8,12.45,M,40.00,M,16.0,0907*42
2021:01:22:11:37:59.013000,1611311879.013,$GPGGA,103758.00,6342.682076,N,01058.742318,E,2,12,0.8,12.42,M,40.00,M,17.0,0907*42
2021:01:22:11:38:01.013000,1611311881.013,$GPGGA,103800.00,6342.682099,N,01058.742423,E,2,12,0.8,12.43,M,40.00,M,9.0,0907*70
2021:01:22:11:38:02.013000,1611311882.013,$GPGGA,103801.00,6342.682123,N,01058.742472,E,2,12,0.8,12.42,M,40.00,M,10.0,0907*4C
2021:01:22:11:38:03.013000,1611311883.013,$GPGGA,103802.00,6342.682138,N,01058.742506,E,2,12,0.8,12.41,M,40.00,M,11.0,0907*45
2021:01:22:11:38:05.013000,1611311885.013,$GPGGA,103804.00,6342.682167,N,01058.742619,E,2,12,0.8,12.43,M,40.00,M,13.0,0907*44
2021:01:22:11:38:06.014000,1611311886.014,$GPGGA,103805.00,6342.682196,N,01058.742632,E,2,12,0.8,12.37,M,40.00,M,6.0,0907*75
2021:01:22:11:38:07.014000,1611311887.014,$GPGGA,103806.00,6342.682193,N,01058.742677,E,2,12,0.8,12.38,M,40.00,M,7.0,0907*7C
2021:01:22:11:38:08.014000,1611311888.014,$GPGGA,103807.00,6342.682198,N,01058.742769,E,2,12,0.8,12.42,M,40.00,M,8.0,0907*7A
2021:01:22:11:38:09.014000,1611311889.014,$GPGGA,103808.00,6342.682244,N,01058.742832,E,2,12,0.8,12.41,M,40.00,M,9.0,0907*74
2021:01:22:11:38:10.014000,1611311890.014,$GPGGA,103809.00,6342.682274,N,01058.742853,E,2,12,0.8,12.37,M,40.00,M,5.0,0907*7C
2021:01:22:11:38:11.014000,1611311891.014,$GPGGA,103810.00,6342.682253,N,01058.742883,E,2,12,0.8,12.39,M,40.00,M,6.0,0907*71
2021:01:22:11:38:12.014000,1611311892.014,$GPGGA,103811.00,6342.682253,N,01058.742937,E,2,12,0.8,12.41,M,40.00,M,7.0,0907*70
2021:01:22:11:38:13.013000,1611311893.013,$GPGGA,103812.00,6342.682314,N,01058.743005,E,2,12,0.8,12.38,M,40.00,M,8.0,0907*79
2021:01:22:11:38:14.013000,1611311894.013,$GPGGA,103813.00,6342.682325,N,01058.743054,E,2,12,0.8,12.37,M,40.00,M,9.0,0907*70
2021:01:22:11:38:15.013000,1611311895.013,$GPGGA,103814.00,6342.682289,N,01058.743064,E,2,12,0.8,12.40,M,40.00,M,10.0,0907*4B
2021:01:22:11:38:18.013000,1611311898.013,$GPGGA,103817.00,6342.682339,N,01058.743178,E,2,12,0.8,12.39,M,40.00,M,7.0,0907*76
2021:01:22:11:38:19.013000,1611311899.013,$GPGGA,103818.00,6342.682359,N,01058.743229,E,2,12,0.8,12.38,M,40.00,M,8.0,0907*76
2021:01:22:11:38:20.014000,1611311900.014,$GPGGA,103819.00,6342.682387,N,01058.743256,E,2,12,0.8,12.35,M,40.00,M,9.0,0907*70
2021:01:22:11:38:21.014000,1611311901.014,$GPGGA,103820.00,6342.682395,N,01058.743283,E,2,12,0.8,12.38,M,40.00,M,10.0,0907*44
2021:01:22:11:38:22.014000,1611311902.014,$GPGGA,103821.00,6342.682406,N,01058.743349,E,2,12,0.8,12.38,M,40.00,M,11.0,0907*4E
2021:01:22:11:38:23.014000,1611311903.014,$GPGGA,103822.00,6342.682432,N,01058.743376,E,2,12,0.8,12.38,M,40.00,M,7.0,0907*71
2021:01:22:11:38:24.014000,1611311904.014,$GPGGA,103823.00,6342.682465,N,01058.743433,E,2,12,0.8,12.37,M,40.00,M,8.0,0907*74
2021:01:22:11:38:26.014000,1611311906.014,$GPGGA,103825.00,6342.682490,N,01058.743520,E,2,12,0.7,12.39,M,40.00,M,5.0,0907*77
2021:01:22:11:38:27.014000,1611311907.014,$GPGGA,103826.00,6342.682534,N,01058.743538,E,2,12,0.7,12.36,M,40.00,M,6.0,0907*7E
2021:01:22:11:38:28.014000,1611311908.014,$GPGGA,103827.00,6342.682518,N,01058.743560,E,2,12,0.7,12.37,M,40.00,M,7.0,0907*7C
2021:01:22:11:38:30.014000,1611311910.014,$GPGGA,103829.00,6342.682586,N,01058.743631,E,2,12,0.7,12.34,M,40.00,M,9.0,0907*7F
2021:01:22:11:38:31.014000,1611311911.014,$GPGGA,103830.00,6342.682600,N,01058.743660,E,2,12,0.7,12.35,M,40.00,M,10.0,0907*47
2021:01:22:11:38:32.014000,1611311912.014,$GPGGA,103831.00,6342.682599,N,01058.743697,E,2,12,0.7,12.37,M,40.00,M,11.0,0907*4E
2021:01:22:11:38:33.014000,1611311913.014,$GPGGA,103832.00,6342.682629,N,01058.743694,E,2,12,0.7,12.36,M,40.00,M,6.0,0907*71
2021:01:22:11:38:34.014000,1611311914.014,$GPGGA,103833.00,6342.682665,N,01058.743692,E,2,12,0.7,12.35,M,40.00,M,7.0,0907*7C
2021:01:22:11:38:35.015000,1611311915.015,$GPGGA,103834.00,6342.682677,N,01058.743697,E,2,12,0.8,12.36,M,40.00,M,8.0,0907*7E
2021:01:22:11:38:36.015000,1611311916.015,$GPGGA,103835.00,6342.682688,N,01058.743705,E,2,12,0.8,12.36,M,40.00,M,9.0,0907*74
2021:01:22:11:38:38.015000,1611311918.015,$GPGGA,103837.00,6342.682741,N,01058.743752,E,2,12,0.8,12.36,M,40.00,M,11.0,0907*49
2021:01:22:11:38:39.015000,1611311919.015,$GPGGA,103838.00,6342.682761,N,01058.743766,E,2,12,0.7,12.37,M,40.00,M,7.0,0907*7A
2021:01:22:11:38:40.015000,1611311920.015,$GPGGA,103839.00,6342.682751,N,01058.743663,E,2,12,0.7,12.35,M,40.00,M,8.0,0907*71
2021:01:22:11:38:42.015000,1611311922.015,$GPGGA,103841.00,6342.682790,N,01058.743736,E,2,12,0.8,12.37,M,40.00,M,10.0,0907*46
2021:01:22:11:38:43.015000,1611311923.015,$GPGGA,103842.00,6342.682787,N,01058.743663,E,2,12,0.8,12.36,M,40.00,M,6.0,0907*74
2021:01:22:11:38:44.014000,1611311924.014,$GPGGA,103843.00,6342.682796,N,01058.743664,E,2,12,0.7,12.36,M,40.00,M,7.0,0907*7C
2021:01:22:11:38:46.014000,1611311926.014,$GPGGA,103845.00,6342.682811,N,01058.743655,E,2,12,0.7,12.36,M,40.00,M,9.0,0907*76
2021:01:22:11:38:47.014000,1611311927.014,$GPGGA,103846.00,6342.682811,N,01058.743616,E,2,12,0.7,12.34,M,40.00,M,10.0,0907*48
2021:01:22:11:38:48.014000,1611311928.014,$GPGGA,103847.00,6342.682833,N,01058.743650,E,2,12,0.7,12.36,M,40.00,M,11.0,0907*48
2021:01:22:11:38:51.015000,1611311931.015,$GPGGA,103850.00,6342.682859,N,01058.743604,E,2,12,0.7,12.36,M,40.00,M,9.0,0907*7A
2021:01:22:11:38:52.015000,1611311932.015,$GPGGA,103851.00,6342.682865,N,01058.743623,E,2,12,0.7,12.37,M,40.00,M,10.0,0907*48
2021:01:22:11:38:53.015000,1611311933.015,$GPGGA,103852.00,6342.682871,N,01058.743619,E,2,12,0.7,12.34,M,40.00,M,11.0,0907*45
2021:01:22:11:38:55.015000,1611311935.015,$GPGGA,103854.00,6342.682901,N,01058.743628,E,2,12,0.8,12.37,M,40.00,M,13.0,0907*49
2021:01:22:11:38:56.015000,1611311936.015,$GPGGA,103855.00,6342.682899,N,01058.743555,E,2,12,0.8,12.34,M,40.00,M,14.0,0907*45
2021:01:22:11:38:57.015000,1611311937.015,$GPGGA,103856.00,6342.682907,N,01058.743508,E,2,12,0.8,12.34,M,40.00,M,9.0,0907*74
2021:01:22:11:38:58.015000,1611311938.015,$GPGGA,103857.00,6342.682911,N,01058.743492,E,2,12,0.8,12.37,M,40.00,M,10.0,0907*4B
2021:01:22:11:38:59.015000,1611311939.015,$GPGGA,103858.00,6342.682917,N,01058.743469,E,2,12,0.8,12.38,M,40.00,M,11.0,0907*48
2021:01:22:11:39:00.015000,1611311940.015,$GPGGA,103859.00,6342.682932,N,01058.743500,E,2,12,0.8,12.37,M,40.00,M,12.0,0907*4C
2021:01:22:11:39:01.015000,1611311941.015,$GPGGA,103900.00,6342.682936,N,01058.743472,E,2,12,0.8,12.37,M,40.00,M,13.0,0907*40
2021:01:22:11:39:03.015000,1611311943.015,$GPGGA,103902.00,6342.682915,N,01058.743339,E,2,12,0.8,12.39,M,40.00,M,5.0,0907*72
2021:01:22:11:39:04.016000,1611311944.016,$GPGGA,103903.00,6342.682934,N,01058.743352,E,2,12,0.8,12.39,M,40.00,M,6.0,0907*7E
2021:01:22:11:39:05.016000,1611311945.016,$GPGGA,103904.00,6342.682924,N,01058.743324,E,2,12,0.8,12.38,M,40.00,M,7.0,0907*79
2021:01:22:11:39:06.016000,1611311946.016,$GPGGA,103905.00,6342.682900,N,01058.743307,E,2,12,0.8,12.40,M,40.00,M,8.0,0907*7F
2021:01:22:11:39:07.016000,1611311947.016,$GPGGA,103906.00,6342.682906,N,01058.743286,E,2,12,0.8,12.41,M,40.00,M,9.0,0907*72
2021:01:22:11:39:08.016000,1611311948.016,$GPGGA,103907.00,6342.682898,N,01058.743223,E,2,12,0.8,12.38,M,40.00,M,10.0,0907*4C
2021:01:22:11:39:09.016000,1611311949.016,$GPGGA,103908.00,6342.682865,N,01058.743206,E,2,12,0.8,12.38,M,40.00,M,11.0,0907*47
2021:01:22:11:39:11.016000,1611311951.016,$GPGGA,103910.00,6342.682868,N,01058.743199,E,2,12,0.8,12.38,M,40.00,M,7.0,0907*71
2021:01:22:11:39:12.016000,1611311952.016,$GPGGA,103911.00,6342.682840,N,01058.743163,E,2,12,0.8,12.40,M,40.00,M,8.0,0907*7F
2021:01:22:11:39:13.015000,1611311953.015,$GPGGA,103912.00,6342.682816,N,01058.743106,E,2,12,0.8,12.39,M,40.00,M,9.0,0907*73
2021:01:22:11:39:15.015000,1611311955.015,$GPGGA,103914.00,6342.682807,N,01058.743116,E,2,12,0.8,12.37,M,40.00,M,6.0,0907*75
2021:01:22:11:39:16.015000,1611311956.015,$GPGGA,103915.00,6342.682796,N,01058.743155,E,2,12,0.8,12.39,M,40.00,M,7.0,0907*7B
2021:01:22:11:39:17.015000,1611311957.015,$GPGGA,103916.00,6342.682777,N,01058.743119,E,2,12,0.8,12.39,M,40.00,M,8.0,0907*70
2021:01:22:11:39:18.015000,1611311958.015,$GPGGA,103917.00,6342.682751,N,01058.743036,E,2,12,0.8,12.36,M,40.00,M,9.0,0907*77
2021:01:22:11:39:20.016000,1611311960.016,$GPGGA,103919.00,6342.682747,N,01058.743089,E,2,12,0.8,12.37,M,40.00,M,6.0,0907*74
2021:01:22:11:39:21.016000,1611311961.016,$GPGGA,103920.00,6342.682727,N,01058.743092,E,2,12,0.8,12.37,M,40.00,M,7.0,0907*73
2021:01:22:11:39:23.016000,1611311963.016,$GPGGA,103922.00,6342.682700,N,01058.743070,E,2,12,0.8,12.37,M,40.00,M,9.0,0907*76
2021:01:22:11:39:24.016000,1611311964.016,$GPGGA,103923.00,6342.682679,N,01058.743037,E,2,12,0.8,12.37,M,40.00,M,5.0,0907*77
2021:01:22:11:39:25.016000,1611311965.016,$GPGGA,103924.00,6342.682652,N,01058.743037,E,2,12,0.8,12.36,M,40.00,M,6.0,0907*7B
2021:01:22:11:39:26.016000,1611311966.016,$GPGGA,103925.00,6342.682668,N,01058.743090,E,2,12,0.8,12.37,M,40.00,M,7.0,0907*7E
2021:01:22:11:39:28.016000,1611311968.016,$GPGGA,103927.00,6342.682634,N,01058.743086,E,2,12,0.8,12.36,M,40.00,M,9.0,0907*7D
2021:01:22:11:39:29.016000,1611311969.016,$GPGGA,103928.00,6342.682633,N,01058.743068,E,2,12,0.8,12.34,M,40.00,M,10.0,0907*4F
2021:01:22:11:39:30.016000,1611311970.016,$GPGGA,103929.00,6342.682646,N,01058.743106,E,2,12,0.8,12.35,M,40.00,M,5.0,0907*70
2021:01:22:11:39:32.016000,1611311972.016,$GPGGA,103931.00,6342.682638,N,01058.743153,E,2,12,0.8,12.36,M,40.00,M,7.0,0907*71
2021:01:22:11:39:33.016000,1611311973.016,$GPGGA,103932.00,6342.682640,N,01058.743123,E,2,12,0.8,12.36,M,40.00,M,8.0,0907*75
2021:01:22:11:39:34.017000,1611311974.017,$GPGGA,103933.00,6342.682633,N,01058.743086,E,2,12,0.7,12.36,M,40.00,M,9.0,0907*70
2021:01:22:11:39:36.017000,1611311976.017,$GPGGA,103935.00,6342.682637,N,01058.743070,E,2,12,0.7,12.36,M,40.00,M,11.0,0907*42
2021:01:22:11:39:37.017000,1611311977.017,$GPGGA,103936.00,6342.682632,N,01058.743114,E,2,12,0.7,12.38,M,40.00,M,12.0,0907*4A
2021:01:22:11:39:38.017000,1611311978.017,$GPGGA,103937.00,6342.682632,N,01058.743086,E,2,12,0.7,12.39,M,40.00,M,8.0,0907*7B
2021:01:22:11:39:40.017000,1611311980.017,$GPGGA,103939.00,6342.682620,N,01058.742992,E,2,12,0.7,12.40,M,40.00,M,10.0,0907*4C
2021:01:22:11:39:41.017000,1611311981.017,$GPGGA,103940.00,6342.682612,N,01058.743009,E,2,12,0.7,12.42,M,40.00,M,11.0,0907*4A
2021:01:22:11:39:42.016000,1611311982.016,$GPGGA,103941.00,6342.682634,N,01058.743007,E,2,12,0.7,12.40,M,40.00,M,12.0,0907*40
2021:01:22:11:39:43.016000,1611311983.016,$GPGGA,103942.00,6342.682641,N,01058.743039,E,2,12,0.7,12.41,M,40.00,M,13.0,0907*4C
2021:01:22:11:39:44.016000,1611311984.016,$GPGGA,103943.00,6342.682611,N,01058.743005,E,2,12,0.8,12.41,M,40.00,M,9.0,0907*73
2021:01:22:11:39:45.016000,1611311985.016,$GPGGA,103944.00,6342.682605,N,01058.742956,E,2,12,0.8,12.39,M,40.00,M,10.0,0907*48
2021:01:22:11:39:46.016000,1611311986.016,$GPGGA,103945.00,6342.682615,N,01058.742983,E,2,12,0.8,12.39,M,40.00,M,11.0,0907*41
2021:01:22:11:39:48.017000,1611311988.017,$GPGGA,103947.00,6342.682604,N,01058.743004,E,2,12,0.8,12.38,M,40.00,M,8.0,0907*7D
2021:01:22:11:39:49.017000,1611311989.017,$GPGGA,103948.00,6342.682601,N,01058.743060,E,2,12,0.8,12.38,M,40.00,M,9.0,0907*74
2021:01:22:11:39:50.017000,1611311990.017,$GPGGA,103949.00,6342.682610,N,01058.743066,E,2,12,0.8,12.40,M,40.00,M,10.0,0907*44
2021:01:22:11:39:51.017000,1611311991.017,$GPGGA,103950.00,6342.682607,N,01058.743018,E,2,12,0.7,12.37,M,40.00,M,11.0,0907*4D
2021:01:22:11:39:53.017000,1611311993.017,$GPGGA,103952.00,6342.682604,N,01058.743140,E,2,12,0.7,12.37,M,40.00,M,8.0,0907*78
2021:01:22:11:39:54.017000,1611311994.017,$GPGGA,103953.00,6342.682636,N,01058.743201,E,2,12,0.7,12.37,M,40.00,M,9.0,0907*7F
2021:01:22:11:39:55.017000,1611311995.017,$GPGGA,103954.00,6342.682628,N,01058.743200,E,2,12,0.7,12.37,M,40.00,M,10.0,0907*4E
2021:01:22:11:39:57.017000,1611311997.017,$GPGGA,103956.00,6342.682660,N,01058.743269,E,2,12,0.8,12.37,M,40.00,M,12.0,0907*42
2021:01:22:11:39:58.017000,1611311998.017,$GPGGA,103957.00,6342.682668,N,01058.743260,E,2,12,0.8,12.35,M,40.00,M,13.0,0907*41
2021:01:22:11:39:59.017000,1611311999.017,$GPGGA,103958.00,6342.682656,N,01058.743329,E,2,12,0.8,12.37,M,40.00,M,14.0,0907*4A
2021:01:22:11:40:00.017000,1611312000.017,$GPGGA,103959.00,6342.682675,N,01058.743348,E,2,12,0.8,12.37,M,40.00,M,15.0,0907*4C
2021:01:22:11:40:01.017000,1611312001.017,$GPGGA,104000.00,6342.682684,N,01058.743281,E,2,12,0.8,12.33,M,40.00,M,9.0,0907*7D
2021:01:22:11:40:02.017000,1611312002.017,$GPGGA,104001.00,6342.682672,N,01058.743277,E,2,12,0.8,12.33,M,40.00,M,10.0,0907*44
2021:01:22:11:40:03.018000,1611312003.018,$GPGGA,104002.00,6342.682675,N,01058.743331,E,2,12,0.7,12.35,M,40.00,M,6.0,0907*7D
2021:01:22:11:40:05.018000,1611312005.018,$GPGGA,104004.00,6342.682688,N,01058.743279,E,2,12,0.8,12.30,M,40.00,M,8.0,0907*70
2021:01:22:11:40:06.018000,1611312006.018,$GPGGA,104005.00,6342.682659,N,01058.743216,E,2,12,0.8,12.32,M,40.00,M,9.0,0907*77
2021:01:22:11:40:07.018000,1611312007.018,$GPGGA,104006.00,6342.682676,N,01058.743267,E,2,12,0.8,12.35,M,40.00,M,10.0,0907*40
2021:01:22:11:40:08.018000,1611312008.018,$GPGGA,104007.00,6342.682697,N,01058.743272,E,2,12,0.8,12.34,M,40.00,M,11.0,0907*4A
2021:01:22:11:40:09.018000,1611312009.018,$GPGGA,104008.00,6342.682673,N,01058.743189,E,2,12,0.8,12.31,M,40.00,M,12.0,0907*4E
2021:01:22:11:40:10.018000,1611312010.018,$GPGGA,104009.00,6342.682660,N,01058.743238,E,2,12,0.8,12.34,M,40.00,M,13.0,0907*40
2021:01:22:11:40:11.018000,1611312011.018,$GPGGA,104010.00,6342.682687,N,01058.743269,E,2,12,0.8,12.35,M,40.00,M,8.0,0907*7E
2021:01:22:11:40:13.018000,1611312013.018,$GPGGA,104012.00,6342.682678,N,01058.743250,E,2,12,0.8,12.34,M,40.00,M,10.0,0907*4E
2021:01:22:11:40:14.017000,1611312014.017,$GPGGA,104013.00,6342.682676,N,01058.743245,E,2,12,0.8,12.35,M,40.00,M,6.0,0907*73
2021:01:22:11:40:15.017000,1611312015.017,$GPGGA,104014.00,6342.682677,N,01058.743256,E,2,12,0.8,12.37,M,40.00,M,7.0,0907*74
2021:01:22:11:40:17.017000,1611312017.017,$GPGGA,104016.00,6342.682682,N,01058.743189,E,2,12,0.8,12.32,M,40.00,M,9.0,0907*76
2021:01:22:11:40:18.018000,1611312018.018,$GPGGA,104017.00,6342.682670,N,01058.743253,E,2,12,0.8,12.36,M,40.00,M,10.0,0907*42
2021:01:22:11:40:19.018000,1611312019.018,$GPGGA,104018.00,6342.682697,N,01058.743317,E,2,12,0.8,12.37,M,40.00,M,11.0,0907*45
2021:01:22:11:40:22.018000,1611312022.018,$GPGGA,104021.00,6342.682691,N,01058.743319,E,2,12,0.8,12.38,M,40.00,M,9.0,0907*71
2021:01:22:11:40:23.018000,1611312023.018,$GPGGA,104022.00,6342.682727,N,01058.743347,E,2,12,0.8,12.37,M,40.00,M,10.0,0907*42
2021:01:22:11:40:26.018000,1611312026.018,$GPGGA,104025.00,6342.682728,N,01058.743373,E,2,12,0.8,12.38,M,40.00,M,7.0,0907*74
2021:01:22:11:40:27.018000,1611312027.018,$GPGGA,104026.00,6342.682734,N,01058.743409,E,2,12,0.8,12.38,M,40.00,M,8.0,0907*7F
2021:01:22:11:40:28.018000,1611312028.018,$GPGGA,104027.00,6342.682725,N,01058.743368,E,2,12,0.8,12.35,M,40.00,M,9.0,0907*72
2021:01:22:11:40:30.018000,1611312030.018,$GPGGA,104029.00,6342.682738,N,01058.743414,E,2,12,0.7,12.37,M,40.00,M,6.0,0907*7E
2021:01:22:11:40:31.018000,1611312031.018,$GPGGA,104030.00,6342.682736,N,01058.743398,E,2,12,0.7,12.35,M,40.00,M,7.0,0907*78
2021:01:22:11:40:32.018000,1611312032.018,$GPGGA,104031.00,6342.682754,N,01058.743439,E,2,12,0.7,12.34,M,40.00,M,8.0,0907*7F
2021:01:22:11:40:33.019000,1611312033.019,$GPGGA,104032.00,6342.682759,N,01058.743500,E,2,12,0.7,12.35,M,40.00,M,9.0,0907*7A
2021:01:22:11:40:34.019000,1611312034.019,$GPGGA,104033.00,6342.682756,N,01058.743438,E,2,12,0.7,12.34,M,40.00,M,10.0,0907*47
2021:01:22:11:40:35.019000,1611312035.019,$GPGGA,104034.00,6342.682777,N,01058.743471,E,2,12,0.7,12.34,M,40.00,M,11.0,0907*4F
2021:01:22:11:40:36.019000,1611312036.019,$GPGGA,104035.00,6342.682782,N,01058.743549,E,2,12,0.7,12.36,M,40.00,M,12.0,0907*4F
2021:01:22:11:40:38.019000,1611312038.019,$GPGGA,104037.00,6342.682803,N,01058.743568,E,2,12,0.7,12.31,M,40.00,M,8.0,0907*74
2021:01:22:11:40:39.019000,1611312039.019,$GPGGA,104038.00,6342.682811,N,01058.743576,E,2,12,0.7,12.32,M,40.00,M,9.0,0907*75
2021:01:22:11:40:40.019000,1611312040.019,$GPGGA,104039.00,6342.682811,N,01058.743545,E,2,12,0.7,12.31,M,40.00,M,5.0,0907*7B
2021:01:22:11:40:42.019000,1611312042.019,$GPGGA,104041.00,6342.682843,N,01058.743687,E,2,12,0.8,12.34,M,40.00,M,7.0,0907*76
2021:01:22:11:40:43.018000,1611312043.018,$GPGGA,104042.00,6342.682855,N,01058.743657,E,2,12,0.8,12.29,M,40.00,M,8.0,0907*7C
2021:01:22:11:40:44.018000,1611312044.018,$GPGGA,104043.00,6342.682858,N,01058.743624,E,2,12,0.8,12.29,M,40.00,M,4.0,0907*78
2021:01:22:11:40:45.018000,1611312045.018,$GPGGA,104044.00,6342.682854,N,01058.743683,E,2,12,0.8,12.35,M,40.00,M,5.0,0907*72
2021:01:22:11:40:46.018000,1611312046.018,$GPGGA,104045.00,6342.682889,N,01058.743731,E,2,12,0.7,12.34,M,40.00,M,6.0,0907*76
2021:01:22:11:40:47.018000,1611312047.018,$GPGGA,104046.00,6342.682906,N,01058.743725,E,2,12,0.7,12.29,M,40.00,M,7.0,0907*7B
2021:01:22:11:40:48.019000,1611312048.019,$GPGGA,104047.00,6342.682887,N,01058.743723,E,2,12,0.7,12.30,M,40.00,M,8.0,0907*73
2021:01:22:11:40:50.019000,1611312050.019,$GPGGA,104049.00,6342.682924,N,01058.743685,E,2,12,0.8,12.30,M,40.00,M,10.0,0907*4E
2021:01:22:11:40:51.019000,1611312051.019,$GPGGA,104050.00,6342.682925,N,01058.743712,E,2,12,0.8,12.29,M,40.00,M,11.0,0907*41
2021:01:22:11:40:52.019000,1611312052.019,$GPGGA,104051.00,6342.682918,N,01058.743775,E,2,12,0.8,12.33,M,40.00,M,12.0,0907*47
2021:01:22:11:40:53.019000,1611312053.019,$GPGGA,104052.00,6342.682937,N,01058.743751,E,2,12,0.7,12.32,M,40.00,M,13.0,0907*40
2021:01:22:11:40:54.019000,1611312054.019,$GPGGA,104053.00,6342.682947,N,01058.743667,E,2,12,0.7,12.30,M,40.00,M,9.0,0907*7B
2021:01:22:11:40:55.019000,1611312055.019,$GPGGA,104054.00,6342.682937,N,01058.743660,E,2,12,0.7,12.31,M,40.00,M,10.0,0907*45
2021:01:22:11:40:56.019000,1611312056.019,$GPGGA,104055.00,6342.682945,N,01058.743739,E,2,12,0.7,12.33,M,40.00,M,11.0,0907*4F
2021:01:22:11:40:57.019000,1611312057.019,$GPGGA,104056.00,6342.682964,N,01058.743766,E,2,12,0.7,12.33,M,40.00,M,12.0,0907*46
2021:01:22:11:40:58.019000,1611312058.019,$GPGGA,104057.00,6342.682973,N,01058.743740,E,2,12,0.7,12.31,M,40.00,M,8.0,0907*7C
2021:01:22:11:40:59.019000,1611312059.019,$GPGGA,104058.00,6342.682970,N,01058.743718,E,2,12,0.7,12.32,M,40.00,M,9.0,0907*7F
2021:01:22:11:41:00.019000,1611312060.019,$GPGGA,104059.00,6342.682958,N,01058.743737,E,2,12,0.7,12.33,M,40.00,M,10.0,0907*40
2021:01:22:11:41:01.019000,1611312061.019,$GPGGA,104100.00,6342.682978,N,01058.743757,E,2,12,0.7,12.34,M,40.00,M,5.0,0907*7A
2021:01:22:11:41:03.020000,1611312063.02,$GPGGA,104102.00,6342.682991,N,01058.743823,E,2,12,0.7,12.35,M,40.00,M,7.0,0907*70
2021:01:22:11:41:04.020000,1611312064.02,$GPGGA,104103.00,6342.682989,N,01058.743798,E,2,12,0.7,12.35,M,40.00,M,8.0,0907*78
2021:01:22:11:41:05.020000,1611312065.02,$GPGGA,104104.00,6342.683016,N,01058.743779,E,2,12,0.7,12.33,M,40.00,M,9.0,0907*79
2021:01:22:11:41:07.020000,1611312067.02,$GPGGA,104106.00,6342.683005,N,01058.743793,E,2,12,0.8,12.35,M,40.00,M,11.0,0907*4D
2021:01:22:11:41:08.020000,1611312068.02,$GPGGA,104107.00,6342.683036,N,01058.743810,E,2,12,0.8,12.34,M,40.00,M,7.0,0907*7E
2021:01:22:11:41:09.020000,1611312069.02,$GPGGA,104108.00,6342.683034,N,01058.743782,E,2,12,0.8,12.33,M,40.00,M,8.0,0907*7F
2021:01:22:11:41:10.020000,1611312070.02,$GPGGA,104109.00,6342.683022,N,01058.743770,E,2,12,0.8,12.33,M,40.00,M,9.0,0907*75
2021:01:22:11:41:11.020000,1611312071.02,$GPGGA,104110.00,6342.683057,N,01058.743833,E,2,12,0.8,12.35,M,40.00,M,5.0,0907*7D
2021:01:22:11:41:12.019000,1611312072.019,$GPGGA,104111.00,6342.683065,N,01058.743826,E,2,12,0.7,12.32,M,40.00,M,6.0,0907*72
2021:01:22:11:41:13.019000,1611312073.019,$GPGGA,104112.00,6342.683064,N,01058.743824,E,2,12,0.7,12.30,M,40.00,M,7.0,0907*71
2021:01:22:11:41:15.019000,1611312075.019,$GPGGA,104114.00,6342.683103,N,01058.743900,E,2,12,0.7,12.33,M,40.00,M,9.0,0907*7D
2021:01:22:11:41:16.019000,1611312076.019,$GPGGA,104115.00,6342.683095,N,01058.743917,E,2,12,0.7,12.33,M,40.00,M,10.0,0907*4C
2021:01:22:11:41:17.020000,1611312077.02,$GPGGA,104116.00,6342.683115,N,01058.743950,E,2,12,0.7,12.35,M,40.00,M,5.0,0907*77
2021:01:22:11:41:18.020000,1611312078.02,$GPGGA,104117.00,6342.683141,N,01058.743942,E,2,12,0.7,12.35,M,40.00,M,6.0,0907*77
2021:01:22:11:41:19.020000,1611312079.02,$GPGGA,104118.00,6342.683111,N,01058.743903,E,2,12,0.7,12.34,M,40.00,M,7.0,0907*78
2021:01:22:11:41:20.020000,1611312080.02,$GPGGA,104119.00,6342.683110,N,01058.743913,E,2,12,0.7,12.34,M,40.00,M,8.0,0907*76
2021:01:22:11:41:21.020000,1611312081.02,$GPGGA,104120.00,6342.683151,N,01058.743963,E,2,12,0.7,12.34,M,40.00,M,9.0,0907*7F
2021:01:22:11:41:23.020000,1611312083.02,$GPGGA,104122.00,6342.683107,N,01058.743941,E,2,12,0.7,12.36,M,40.00,M,11.0,0907*45
2021:01:22:11:41:24.020000,1611312084.02,$GPGGA,104123.00,6342.683139,N,01058.743947,E,2,12,0.7,12.36,M,40.00,M,12.0,0907*4C
2021:01:22:11:41:25.020000,1611312085.02,$GPGGA,104124.00,6342.683133,N,01058.743899,E,2,12,0.7,12.33,M,40.00,M,8.0,0907*7D
2021:01:22:11:41:28.020000,1611312088.02,$GPGGA,104127.00,6342.683108,N,01058.743834,E,2,12,0.7,12.31,M,40.00,M,6.0,0907*7D
2021:01:22:11:41:29.020000,1611312089.02,$GPGGA,104128.00,6342.683067,N,01058.743805,E,2,12,0.7,12.32,M,40.00,M,7.0,0907*7A
2021:01:22:11:41:30.020000,1611312090.02,$GPGGA,104129.00,6342.683034,N,01058.743746,E,2,12,0.7,12.32,M,40.00,M,8.0,0907*7A
2021:01:22:11:41:32.021000,1611312092.021,$GPGGA,104131.00,6342.683019,N,01058.743675,E,2,12,0.7,12.31,M,40.00,M,10.0,0907*47
2021:01:22:11:41:33.021000,1611312093.021,$GPGGA,104132.00,6342.682964,N,01058.743550,E,2,12,0.7,12.29,M,40.00,M,11.0,0907*4A
2021:01:22:11:41:34.021000,1611312094.021,$GPGGA,104133.00,6342.682955,N,01058.743520,E,2,12,0.7,12.30,M,40.00,M,12.0,0907*45
2021:01:22:11:41:35.021000,1611312095.021,$GPGGA,104134.00,6342.682928,N,01058.743419,E,2,12,0.7,12.30,M,40.00,M,7.0,0907*77
2021:01:22:11:41:36.021000,1611312096.021,$GPGGA,104135.00,6342.682888,N,01058.743329,E,2,12,0.7,12.29,M,40.00,M,8.0,0907*7E
2021:01:22:11:41:37.021000,1611312097.021,$GPGGA,104136.00,6342.682872,N,01058.743336,E,2,12,0.7,12.30,M,40.00,M,9.0,0907*7F
2021:01:22:11:41:38.021000,1611312098.021,$GPGGA,104137.00,6342.682867,N,01058.743294,E,2,12,0.7,12.30,M,40.00,M,10.0,0907*4B
2021:01:22:11:41:39.021000,1611312099.021,$GPGGA,104138.00,6342.682845,N,01058.743221,E,2,12,0.7,12.29,M,40.00,M,11.0,0907*43
2021:01:22:11:41:40.021000,1611312100.021,$GPGGA,104139.00,6342.682800,N,01058.743129,E,2,12,0.7,12.30,M,40.00,M,12.0,0907*43
2021:01:22:11:41:41.020000,1611312101.02,$GPGGA,104140.00,6342.682792,N,01058.743044,E,2,12,0.7,12.29,M,40.00,M,8.0,0907*70
2021:01:22:11:41:42.020000,1611312102.02,$GPGGA,104141.00,6342.682793,N,01058.743002,E,2,12,0.7,12.29,M,40.00,M,9.0,0907*73
2021:01:22:11:41:43.020000,1611312103.02,$GPGGA,104142.00,6342.682761,N,01058.742961,E,2,12,0.7,12.30,M,40.00,M,10.0,0907*40
2021:01:22:11:41:44.020000,1611312104.02,$GPGGA,104143.00,6342.682751,N,01058.742939,E,2,12,0.7,12.29,M,40.00,M,11.0,0907*46
2021:01:22:11:41:45.020000,1611312105.02,$GPGGA,104144.00,6342.682759,N,01058.742863,E,2,12,0.7,12.29,M,40.00,M,6.0,0907*71
2021:01:22:11:41:46.020000,1611312106.02,$GPGGA,104145.00,6342.682745,N,01058.742844,E,2,12,0.7,12.30,M,40.00,M,7.0,0907*71
2021:01:22:11:41:48.021000,1611312108.021,$GPGGA,104147.00,6342.682737,N,01058.742765,E,2,12,0.7,12.24,M,40.00,M,9.0,0907*71
2021:01:22:11:41:49.021000,1611312109.021,$GPGGA,104148.00,6342.682727,N,01058.742700,E,2,12,0.7,12.26,M,40.00,M,10.0,0907*46
2021:01:22:11:41:50.021000,1611312110.021,$GPGGA,104149.00,6342.682696,N,01058.742685,E,2,12,0.7,12.28,M,40.00,M,11.0,0907*4F
2021:01:22:11:41:52.021000,1611312112.021,$GPGGA,104151.00,6342.682737,N,01058.742713,E,2,12,0.7,12.24,M,40.00,M,13.0,0907*4C
2021:01:22:11:41:53.021000,1611312113.021,$GPGGA,104152.00,6342.682699,N,01058.742694,E,2,12,0.7,12.24,M,40.00,M,14.0,0907*43
2021:01:22:11:41:54.021000,1611312114.021,$GPGGA,104153.00,6342.682701,N,01058.742735,E,2,12,0.7,12.29,M,40.00,M,10.0,0907*41
2021:01:22:11:41:55.021000,1611312115.021,$GPGGA,104154.00,6342.682743,N,01058.742794,E,2,12,0.7,12.28,M,40.00,M,11.0,0907*4B
2021:01:22:11:41:57.021000,1611312117.021,$GPGGA,104156.00,6342.682704,N,01058.742798,E,2,12,0.7,12.26,M,40.00,M,13.0,0907*4A
2021:01:22:11:41:58.021000,1611312118.021,$GPGGA,104157.00,6342.682724,N,01058.742892,E,2,12,0.7,12.31,M,40.00,M,14.0,0907*4D
2021:01:22:11:41:59.021000,1611312119.021,$GPGGA,104158.00,6342.682765,N,01058.742914,E,2,12,0.7,12.27,M,40.00,M,15.0,0907*4E
2021:01:22:11:42:00.021000,1611312120.021,$GPGGA,104159.00,6342.682742,N,01058.742951,E,2,12,0.7,12.26,M,40.00,M,16.0,0907*49
2021:01:22:11:42:01.022000,1611312121.022,$GPGGA,104200.00,6342.682731,N,01058.743050,E,2,12,0.7,12.31,M,40.00,M,17.0,0907*4C
2021:01:22:11:42:02.022000,1611312122.022,$GPGGA,104201.00,6342.682773,N,01058.743082,E,2,12,0.7,12.28,M,40.00,M,18.0,0907*43
2021:01:22:11:42:03.022000,1611312123.022,$GPGGA,104202.00,6342.682784,N,01058.743126,E,2,12,0.7,12.25,M,40.00,M,19.0,0907*4B
2021:01:22:11:42:05.022000,1611312125.022,$GPGGA,104204.00,6342.682804,N,01058.743277,E,2,12,0.7,12.30,M,40.00,M,9.0,0907*78
2021:01:22:11:42:06.022000,1611312126.022,$GPGGA,104205.00,6342.682836,N,01058.743346,E,2,12,0.7,12.29,M,40.00,M,10.0,0907*4B
2021:01:22:11:42:07.022000,1611312127.022,$GPGGA,104206.00,6342.682823,N,01058.743403,E,2,12,0.7,12.31,M,40.00,M,11.0,0907*42
2021:01:22:11:42:08.022000,1611312128.022,$GPGGA,104207.00,6342.682840,N,01058.743456,E,2,12,0.7,12.32,M,40.00,M,12.0,0907*46
2021:01:22:11:42:09.022000,1611312129.022,$GPGGA,104208.00,6342.682875,N,01058.743501,E,2,12,0.7,12.30,M,40.00,M,13.0,0907*4F
2021:01:22:11:42:10.021000,1611312130.021,$GPGGA,104209.00,6342.682880,N,01058.743596,E,2,12,0.7,12.33,M,40.00,M,14.0,0907*4E
2021:01:22:11:42:11.021000,1611312131.021,$GPGGA,104210.00,6342.682895,N,01058.743669,E,2,12,0.7,12.32,M,40.00,M,15.0,0907*41
2021:01:22:11:42:13.021000,1611312133.021,$GPGGA,104212.00,6342.682939,N,01058.743804,E,2,12,0.7,12.34,M,40.00,M,10.0,0907*42
2021:01:22:11:42:14.021000,1611312134.021,$GPGGA,104213.00,6342.682944,N,01058.743909,E,2,12,0.7,12.34,M,40.00,M,6.0,0907*72
2021:01:22:11:42:15.021000,1611312135.021,$GPGGA,104214.00,6342.682961,N,01058.743955,E,2,12,0.7,12.30,M,40.00,M,7.0,0907*7E
2021:01:22:11:42:17.022000,1611312137.022,$GPGGA,104216.00,6342.683014,N,01058.744109,E,2,12,0.7,12.30,M,40.00,M,9.0,0907*7E
2021:01:22:11:42:18.022000,1611312138.022,$GPGGA,104217.00,6342.682994,N,01058.744119,E,2,12,0.7,12.30,M,40.00,M,5.0,0907*72
2021:01:22:11:42:19.022000,1611312139.022,$GPGGA,104218.00,6342.683023,N,01058.744202,E,2,12,0.7,12.31,M,40.00,M,6.0,0907*72
2021:01:22:11:42:20.022000,1611312140.022,$GPGGA,104219.00,6342.683059,N,01058.744269,E,2,12,0.7,12.31,M,40.00,M,7.0,0907*72
2021:01:22:11:42:21.022000,1611312141.022,$GPGGA,104220.00,6342.683060,N,01058.744303,E,2,12,0.7,12.30,M,40.00,M,8.0,0907*71
2021:01:22:11:42:22.022000,1611312142.022,$GPGGA,104221.00,6342.683074,N,01058.744338,E,2,12,0.7,12.29,M,40.00,M,9.0,0907*74
2021:01:22:11:42:23.022000,1611312143.022,$GPGGA,104222.00,6342.683091,N,01058.744397,E,2,12,0.7,12.31,M,40.00,M,10.0,0907*48
2021:01:22:11:42:24.022000,1611312144.022,$GPGGA,104223.00,6342.683108,N,01058.744428,E,2,12,0.7,12.32,M,40.00,M,11.0,0907*49
2021:01:22:11:42:25.022000,1611312145.022,$GPGGA,104224.00,6342.683115,N,01058.744384,E,2,12,0.7,12.30,M,40.00,M,7.0,0907*76
2021:01:22:11:42:26.022000,1611312146.022,$GPGGA,104225.00,6342.683116,N,01058.744367,E,2,12,0.7,12.29,M,40.00,M,8.0,0907*7E
2021:01:22:11:42:27.022000,1611312147.022,$GPGGA,104226.00,6342.683125,N,01058.744415,E,2,12,0.7,12.31,M,40.00,M,9.0,0907*77
2021:01:22:11:42:28.022000,1611312148.022,$GPGGA,104227.00,6342.683138,N,01058.744459,E,2,12,0.7,12.33,M,40.00,M,5.0,0907*7C
2021:01:22:11:42:30.022000,1611312150.022,$GPGGA,104229.00,6342.683107,N,01058.744268,E,2,12,0.7,12.27,M,40.00,M,7.0,0907*7D
2021:01:22:11:42:31.023000,1611312151.023,$GPGGA,104230.00,6342.683114,N,01058.744332,E,2,12,0.7,12.31,M,40.00,M,8.0,0907*71
2021:01:22:11:42:32.023000,1611312152.023,$GPGGA,104231.00,6342.683135,N,01058.744393,E,2,12,0.7,12.32,M,40.00,M,9.0,0907*7A
2021:01:22:11:42:33.023000,1611312153.023,$GPGGA,104232.00,6342.683101,N,01058.744292,E,2,12,0.7,12.29,M,40.00,M,10.0,0907*4C
2021:01:22:11:42:34.023000,1611312154.023,$GPGGA,104233.00,6342.683081,N,01058.744241,E,2,12,0.7,12.30,M,40.00,M,11.0,0907*43
2021:01:22:11:42:35.023000,1611312155.023,$GPGGA,104234.00,6342.683100,N,01058.744304,E,2,12,0.7,12.33,M,40.00,M,7.0,0907*78
2021:01:22:11:42:36.023000,1611312156.023,$GPGGA,104235.00,6342.683069,N,01058.744227,E,2,12,0.7,12.32,M,40.00,M,8.0,0907*79
2021:01:22:11:42:38.023000,1611312158.023,$GPGGA,104237.00,6342.683066,N,01058.744285,E,2,12,0.7,12.34,M,40.00,M,10.0,0907*43
2021:01:22:11:42:39.023000,1611312159.023,$GPGGA,104238.00,6342.683029,N,01058.744254,E,2,12,0.7,12.34,M,40.00,M,6.0,0907*7C
2021:01:22:11:42:40.023000,1611312160.023,$GPGGA,104239.00,6342.683009,N,01058.744201,E,2,12,0.7,12.30,M,40.00,M,7.0,0907*7A
2021:01:22:11:42:42.022000,1611312162.022,$GPGGA,104241.00,6342.682965,N,01058.744214,E,2,12,0.7,12.33,M,40.00,M,9.0,0907*7E
2021:01:22:11:42:43.022000,1611312163.022,$GPGGA,104242.00,6342.682941,N,01058.744216,E,2,12,0.7,12.31,M,40.00,M,10.0,0907*43
2021:01:22:11:42:44.022000,1611312164.022,$GPGGA,104243.00,6342.682918,N,01058.744219,E,2,12,0.7,12.31,M,40.00,M,11.0,0907*40
2021:01:22:11:42:45.022000,1611312165.022,$GPGGA,104244.00,6342.682864,N,01058.744172,E,2,12,0.7,12.33,M,40.00,M,7.0,0907*76
2021:01:22:11:42:46.023000,1611312166.023,$GPGGA,104245.00,6342.682830,N,01058.744164,E,2,12,0.7,12.32,M,40.00,M,8.0,0907*7F
2021:01:22:11:42:47.023000,1611312167.023,$GPGGA,104246.00,6342.682801,N,01058.744143,E,2,12,0.7,12.30,M,40.00,M,9.0,0907*78
2021:01:22:11:42:48.023000,1611312168.023,$GPGGA,104247.00,6342.682754,N,01058.744109,E,2,12,0.7,12.29,M,40.00,M,10.0,0907*48
2021:01:22:11:42:50.023000,1611312170.023,$GPGGA,104249.00,6342.682700,N,01058.744120,E,2,12,0.7,12.31,M,40.00,M,12.0,0907*47
2021:01:22:11:42:51.023000,1611312171.023,$GPGGA,104250.00,6342.682682,N,01058.744082,E,2,12,0.7,12.28,M,40.00,M,7.0,0907*71
2021:01:22:11:42:52.023000,1611312172.023,$GPGGA,104251.00,6342.682629,N,01058.744056,E,2,12,0.7,12.30,M,40.00,M,8.0,0907*7E
2021:01:22:11:42:53.023000,1611312173.023,$GPGGA,104252.00,6342.682611,N,01058.744065,E,2,12,0.7,12.29,M,40.00,M,9.0,0907*7F
2021:01:22:11:42:54.023000,1611312174.023,$GPGGA,104253.00,6342.682629,N,01058.744128,E,2,12,0.7,12.30,M,40.00,M,10.0,0907*4D
2021:01:22:11:42:55.023000,1611312175.023,$GPGGA,104254.00,6342.682619,N,01058.744095,E,2,12,0.7,12.28,M,40.00,M,11.0,0907*46
2021:01:22:11:42:56.023000,1611312176.023,$GPGGA,104255.00,6342.682579,N,01058.744042,E,2,12,0.7,12.29,M,40.00,M,12.0,0907*4A
2021:01:22:11:42:58.023000,1611312178.023,$GPGGA,104257.00,6342.682592,N,01058.744061,E,2,12,0.7,12.29,M,40.00,M,14.0,0907*4A
2021:01:22:11:42:59.023000,1611312179.023,$GPGGA,104258.00,6342.682593,N,01058.744046,E,2,12,0.7,12.27,M,40.00,M,10.0,0907*4B
2021:01:22:11:43:00.024000,1611312180.024,$GPGGA,104259.00,6342.682581,N,01058.744041,E,2,12,0.7,12.29,M,40.00,M,11.0,0907*41
2021:01:22:11:43:01.024000,1611312181.024,$GPGGA,104300.00,6342.682592,N,01058.744062,E,2,12,0.7,12.32,M,40.00,M,12.0,0907*46
2021:01:22:11:43:03.024000,1611312183.024,$GPGGA,104302.00,6342.682599,N,01058.743918,E,2,12,0.7,12.29,M,40.00,M,14.0,0907*40
2021:01:22:11:43:04.024000,1611312184.024,$GPGGA,104303.00,6342.682605,N,01058.743948,E,2,12,0.7,12.32,M,40.00,M,15.0,0907*49
2021:01:22:11:43:05.024000,1611312185.024,$GPGGA,104304.00,6342.682616,N,01058.743932,E,2,12,0.7,12.32,M,40.00,M,5.0,0907*70
2021:01:22:11:43:07.024000,1611312187.024,$GPGGA,104306.00,6342.682621,N,01058.743742,E,2,12,0.7,12.31,M,40.00,M,7.0,0907*7E
2021:01:22:11:43:08.024000,1611312188.024,$GPGGA,104307.00,6342.682623,N,01058.743757,E,2,12,0.7,12.35,M,40.00,M,8.0,0907*72
2021:01:22:11:43:09.023000,1611312189.023,$GPGGA,104308.00,6342.682646,N,01058.743721,E,2,12,0.7,12.32,M,40.00,M,9.0,0907*79
2021:01:22:11:43:10.024000,1611312190.024,$GPGGA,104309.00,6342.682648,N,01058.743636,E,2,12,0.7,12.31,M,40.00,M,10.0,0907*4A
2021:01:22:11:43:11.023000,1611312191.023,$GPGGA,104310.00,6342.682641,N,01058.743608,E,2,12,0.7,12.35,M,40.00,M,11.0,0907*43
2021:01:22:11:43:12.023000,1611312192.023,$GPGGA,104311.00,6342.682653,N,01058.743571,E,2,12,0.7,12.36,M,40.00,M,7.0,0907*78
2021:01:22:11:43:13.023000,1611312193.023,$GPGGA,104312.00,6342.682671,N,01058.743525,E,2,12,0.7,12.32,M,40.00,M,8.0,0907*71
2021:01:22:11:43:15.024000,1611312195.024,$GPGGA,104314.00,6342.682659,N,01058.743478,E,2,12,0.7,12.35,M,40.00,M,5.0,0907*7E
2021:01:22:11:43:16.024000,1611312196.024,$GPGGA,104315.00,6342.682679,N,01058.743437,E,2,12,0.7,12.33,M,40.00,M,6.0,0907*73
2021:01:22:11:43:17.024000,1611312197.024,$GPGGA,104316.00,6342.682692,N,01058.743439,E,2,12,0.7,12.33,M,40.00,M,7.0,0907*7A
2021:01:22:11:43:18.024000,1611312198.024,$GPGGA,104317.00,6342.682692,N,01058.743420,E,2,12,0.7,12.34,M,40.00,M,8.0,0907*7B
2021:01:22:11:43:19.024000,1611312199.024,$GPGGA,104318.00,6342.682677,N,01058.743375,E,2,12,0.7,12.36,M,40.00,M,9.0,0907*7B
2021:01:22:11:43:20.024000,1611312200.024,$GPGGA,104319.00,6342.682674,N,01058.743360,E,2,12,0.7,12.37,M,40.00,M,10.0,0907*44
2021:01:22:11:43:21.024000,1611312201.024,$GPGGA,104320.00,6342.682695,N,01058.743294,E,2,12,0.7,12.34,M,40.00,M,11.0,0907*49
2021:01:22:11:43:23.024000,1611312203.024,$GPGGA,104322.00,6342.682631,N,01058.743164,E,2,12,0.7,12.38,M,40.00,M,13.0,0907*47
2021:01:22:11:43:24.024000,1611312204.024,$GPGGA,104323.00,6342.682673,N,01058.743200,E,2,12,0.7,12.38,M,40.00,M,14.0,0907*46
2021:01:22:11:43:25.024000,1611312205.024,$GPGGA,104324.00,6342.682661,N,01058.743099,E,2,12,0.7,12.33,M,40.00,M,15.0,0907*4A
2021:01:22:11:43:27.024000,1611312207.024,$GPGGA,104326.00,6342.682645,N,01058.743077,E,2,12,0.7,12.31,M,40.00,M,6.0,0907*7E
2021:01:22:11:43:28.024000,1611312208.024,$GPGGA,104327.00,6342.682675,N,01058.743049,E,2,12,0.7,12.29,M,40.00,M,7.0,0907*79
2021:01:22:11:43:29.024000,1611312209.024,$GPGGA,104328.00,6342.682636,N,01058.742947,E,2,12,0.7,12.28,M,40.00,M,8.0,0907*79
2021:01:22:11:43:30.025000,1611312210.025,$GPGGA,104329.00,6342.682633,N,01058.742895,E,2,12,0.7,12.29,M,40.00,M,9.0,0907*73
2021:01:22:11:43:32.025000,1611312212.025,$GPGGA,104331.00,6342.682675,N,01058.742873,E,2,12,0.7,12.31,M,40.00,M,6.0,0907*76
2021:01:22:11:43:33.025000,1611312213.025,$GPGGA,104332.00,6342.682674,N,01058.742847,E,2,12,0.7,12.31,M,40.00,M,7.0,0907*72
2021:01:22:11:43:34.025000,1611312214.025,$GPGGA,104333.00,6342.682691,N,01058.742846,E,2,12,0.7,12.30,M,40.00,M,8.0,0907*77
2021:01:22:11:43:35.025000,1611312215.025,$GPGGA,104334.00,6342.682698,N,01058.742819,E,2,12,0.7,12.31,M,40.00,M,9.0,0907*73
2021:01:22:11:43:36.025000,1611312216.025,$GPGGA,104335.00,6342.682702,N,01058.742799,E,2,12,0.7,12.30,M,40.00,M,10.0,0907*4E
2021:01:22:11:43:37.025000,1611312217.025,$GPGGA,104336.00,6342.682716,N,01058.742853,E,2,12,0.7,12.33,M,40.00,M,11.0,0907*43
2021:01:22:11:43:38.025000,1611312218.025,$GPGGA,104337.00,6342.682734,N,01058.742842,E,2,12,0.7,12.32,M,40.00,M,12.0,0907*40
2021:01:22:11:43:40.025000,1611312220.025,$GPGGA,104339.00,6342.682732,N,01058.742871,E,2,12,0.7,12.32,M,40.00,M,8.0,0907*73
2021:01:22:11:43:41.024000,1611312221.024,$GPGGA,104340.00,6342.682749,N,01058.742850,E,2,12,0.7,12.30,M,40.00,M,9.0,0907*71
2021:01:22:11:43:42.024000,1611312222.024,$GPGGA,104341.00,6342.682757,N,01058.742918,E,2,12,0.7,12.29,M,40.00,M,5.0,0907*76
2021:01:22:11:43:44.024000,1611312224.024,$GPGGA,104343.00,6342.682746,N,01058.742906,E,2,12,0.7,12.26,M,40.00,M,7.0,0907*76
2021:01:22:11:43:45.025000,1611312225.025,$GPGGA,104344.00,6342.682752,N,01058.742956,E,2,12,0.7,12.28,M,40.00,M,8.0,0907*70
2021:01:22:11:43:46.025000,1611312226.025,$GPGGA,104345.00,6342.682748,N,01058.743026,E,2,12,0.7,12.29,M,40.00,M,9.0,0907*75
2021:01:22:11:43:48.025000,1611312228.025,$GPGGA,104347.00,6342.682737,N,01058.743135,E,2,12,0.7,12.26,M,40.00,M,11.0,0907*4A
2021:01:22:11:43:49.025000,1611312229.025,$GPGGA,104348.00,6342.682742,N,01058.743186,E,2,12,0.7,12.28,M,40.00,M,7.0,0907*76
2021:01:22:11:43:50.025000,1611312230.025,$GPGGA,104349.00,6342.682723,N,01058.743226,E,2,12,0.7,12.29,M,40.00,M,8.0,0907*77
2021:01:22:11:43:52.025000,1611312232.025,$GPGGA,104351.00,6342.682718,N,01058.743349,E,2,12,0.7,12.26,M,40.00,M,4.0,0907*7D
2021:01:22:11:43:53.025000,1611312233.025,$GPGGA,104352.00,6342.682692,N,01058.743350,E,2,12,0.7,12.27,M,40.00,M,5.0,0907*75
2021:01:22:11:43:54.025000,1611312234.025,$GPGGA,104353.00,6342.682695,N,01058.743426,E,2,12,0.7,12.29,M,40.00,M,6.0,0907*78
2021:01:22:11:43:55.025000,1611312235.025,$GPGGA,104354.00,6342.682711,N,01058.743524,E,2,12,0.7,12.28,M,40.00,M,7.0,0907*71
2021:01:22:11:43:56.025000,1611312236.025,$GPGGA,104355.00,6342.682682,N,01058.743517,E,2,12,0.7,12.26,M,40.00,M,8.0,0907*7A
2021:01:22:11:43:57.025000,1611312237.025,$GPGGA,104356.00,6342.682658,N,01058.743538,E,2,12,0.7,12.28,M,40.00,M,9.0,0907*7C
2021:01:22:11:43:58.025000,1611312238.025,$GPGGA,104357.00,6342.682684,N,01058.743604,E,2,12,0.7,12.29,M,40.00,M,10.0,0907*49
2021:01:22:11:44:00.026000,1611312240.026,$GPGGA,104359.00,6342.682679,N,01058.743686,E,2,12,0.7,12.29,M,40.00,M,12.0,0907*4D
2021:01:22:11:44:01.026000,1611312241.026,$GPGGA,104400.00,6342.682665,N,01058.743727,E,2,12,0.7,12.32,M,40.00,M,13.0,0907*4A
2021:01:22:11:44:02.026000,1611312242.026,$GPGGA,104401.00,6342.682709,N,01058.743695,E,2,12,0.7,12.27,M,40.00,M,14.0,0907*4B
2021:01:22:11:44:03.026000,1611312243.026,$GPGGA,104402.00,6342.682714,N,01058.743762,E,2,12,0.7,12.27,M,40.00,M,10.0,0907*49
2021:01:22:11:44:05.026000,1611312245.026,$GPGGA,104404.00,6342.682725,N,01058.743841,E,2,12,0.7,12.31,M,40.00,M,6.0,0907*73
2021:01:22:11:44:06.026000,1611312246.026,$GPGGA,104405.00,6342.682754,N,01058.743882,E,2,12,0.7,12.28,M,40.00,M,7.0,0907*72
2021:01:22:11:44:07.026000,1611312247.026,$GPGGA,104406.00,6342.682725,N,01058.743913,E,2,12,0.7,12.31,M,40.00,M,8.0,0907*79
2021:01:22:11:44:09.026000,1611312249.026,$GPGGA,104408.00,6342.682762,N,01058.743946,E,2,12,0.7,12.31,M,40.00,M,10.0,0907*4D
2021:01:22:11:44:10.025000,1611312250.025,$GPGGA,104409.00,6342.682770,N,01058.743998,E,2,12,0.7,12.34,M,40.00,M,11.0,0907*48
2021:01:22:11:44:11.025000,1611312251.025,$GPGGA,104410.00,6342.682755,N,01058.744017,E,2,12,0.7,12.34,M,40.00,M,12.0,0907*4D
2021:01:22:11:44:12.025000,1611312252.025,$GPGGA,104411.00,6342.682765,N,01058.744036,E,2,12,0.7,12.32,M,40.00,M,13.0,0907*4B
2021:01:22:11:44:13.025000,1611312253.025,$GPGGA,104412.00,6342.682810,N,01058.744111,E,2,12,0.7,12.31,M,40.00,M,9.0,0907*79
2021:01:22:11:44:14.026000,1611312254.026,$GPGGA,104413.00,6342.682813,N,01058.744166,E,2,12,0.7,12.31,M,40.00,M,10.0,0907*43
2021:01:22:11:44:15.026000,1611312255.026,$GPGGA,104414.00,6342.682788,N,01058.744209,E,2,12,0.7,12.31,M,40.00,M,5.0,0907*77
2021:01:22:11:44:17.026000,1611312257.026,$GPGGA,104416.00,6342.682851,N,01058.744316,E,2,12,0.7,12.27,M,40.00,M,7.0,0907*74
2021:01:22:11:44:18.026000,1611312258.026,$GPGGA,104417.00,6342.682833,N,01058.744321,E,2,12,0.7,12.27,M,40.00,M,8.0,0907*7A
2021:01:22:11:44:19.026000,1611312259.026,$GPGGA,104418.00,6342.682834,N,01058.744353,E,2,12,0.7,12.29,M,40.00,M,9.0,0907*78
2021:01:22:11:44:20.026000,1611312260.026,$GPGGA,104419.00,6342.682849,N,01058.744447,E,2,12,0.7,12.31,M,40.00,M,10.0,0907*40
2021:01:22:11:44:21.026000,1611312261.026,$GPGGA,104420.00,6342.682855,N,01058.744442,E,2,12,0.7,12.27,M,40.00,M,11.0,0907*44
2021:01:22:11:44:22.026000,1611312262.026,$GPGGA,104421.00,6342.682858,N,01058.744405,E,2,12,0.7,12.22,M,40.00,M,12.0,0907*4D
2021:01:22:11:44:23.026000,1611312263.026,$GPGGA,104422.00,6342.682828,N,01058.744445,E,2,12,0.7,12.28,M,40.00,M,8.0,0907*7C
2021:01:22:11:44:25.026000,1611312265.026,$GPGGA,104424.00,6342.682861,N,01058.744485,E,2,12,0.7,12.24,M,40.00,M,10.0,0907*4E
2021:01:22:11:44:26.026000,1611312266.026,$GPGGA,104425.00,6342.682843,N,01058.744469,E,2,12,0.7,12.25,M,40.00,M,6.0,0907*7B
2021:01:22:11:44:27.026000,1611312267.026,$GPGGA,104426.00,6342.682804,N,01058.744501,E,2,12,0.7,12.29,M,40.00,M,7.0,0907*79
2021:01:22:11:44:29.027000,1611312269.027,$GPGGA,104428.00,6342.682837,N,01058.744458,E,2,12,0.7,12.27,M,40.00,M,4.0,0907*77
2021:01:22:11:44:30.027000,1611312270.027,$GPGGA,104429.00,6342.682820,N,01058.744486,E,2,12,0.7,12.29,M,40.00,M,5.0,0907*7C
2021:01:22:11:44:31.027000,1611312271.027,$GPGGA,104430.00,6342.682802,N,01058.744458,E,2,12,0.7,12.28,M,40.00,M,6.0,0907*75
2021:01:22:11:44:32.027000,1611312272.027,$GPGGA,104431.00,6342.682801,N,01058.744424,E,2,12,0.7,12.26,M,40.00,M,7.0,0907*73
2021:01:22:11:44:34.027000,1611312274.027,$GPGGA,104433.00,6342.682808,N,01058.744416,E,2,12,0.7,12.29,M,40.00,M,9.0,0907*78
2021:01:22:11:44:35.027000,1611312275.027,$GPGGA,104434.00,6342.682802,N,01058.744394,E,2,12,0.7,12.27,M,40.00,M,10.0,0907*4E
2021:01:22:11:44:36.027000,1611312276.027,$GPGGA,104435.00,6342.682801,N,01058.744339,E,2,12,0.7,12.25,M,40.00,M,6.0,0907*7E
2021:01:22:11:44:38.026000,1611312278.026,$GPGGA,104437.00,6342.682780,N,01058.744246,E,2,12,0.7,12.27,M,40.00,M,8.0,0907*7F
2021:01:22:11:44:39.026000,1611312279.026,$GPGGA,104438.00,6342.682802,N,01058.744316,E,2,12,0.7,12.30,M,40.00,M,9.0,0907*76
2021:01:22:11:44:40.026000,1611312280.026,$GPGGA,104439.00,6342.682806,N,01058.744281,E,2,12,0.7,12.26,M,40.00,M,10.0,0907*43
2021:01:22:11:44:42.026000,1611312282.026,$GPGGA,104441.00,6342.682765,N,01058.744178,E,2,12,0.7,12.31,M,40.00,M,6.0,0907*72
2021:01:22:11:44:43.027000,1611312283.027,$GPGGA,104442.00,6342.682784,N,01058.744208,E,2,12,0.7,12.30,M,40.00,M,7.0,0907*7A
2021:01:22:11:44:44.027000,1611312284.027,$GPGGA,104443.00,6342.682774,N,01058.744111,E,2,12,0.7,12.24,M,40.00,M,8.0,0907*75
2021:01:22:11:44:45.027000,1611312285.027,$GPGGA,104444.00,6342.682748,N,01058.744125,E,2,12,0.7,12.25,M,40.00,M,9.0,0907*7A
2021:01:22:11:44:46.027000,1611312286.027,$GPGGA,104445.00,6342.682777,N,01058.744183,E,2,12,0.7,12.28,M,40.00,M,5.0,0907*7A
2021:01:22:11:44:47.027000,1611312287.027,$GPGGA,104446.00,6342.682795,N,01058.744174,E,2,12,0.7,12.26,M,40.00,M,6.0,0907*70
2021:01:22:11:44:48.027000,1611312288.027,$GPGGA,104447.00,6342.682767,N,01058.744181,E,2,12,0.7,12.27,M,40.00,M,7.0,0907*76
2021:01:22:11:44:50.027000,1611312290.027,$GPGGA,104449.00,6342.682816,N,01058.744201,E,2,12,0.7,12.24,M,40.00,M,9.0,0907*77
2021:01:22:11:44:51.027000,1611312291.027,$GPGGA,104450.00,6342.682814,N,01058.744260,E,2,12,0.7,12.28,M,40.00,M,10.0,0907*4E
2021:01:22:11:44:52.027000,1611312292.027,$GPGGA,104451.00,6342.682802,N,01058.744295,E,2,12,0.7,12.31,M,40.00,M,6.0,0907*7D
2021:01:22:11:44:54.027000,1611312294.027,$GPGGA,104453.00,6342.682824,N,01058.744278,E,2,12,0.7,12.27,M,40.00,M,8.0,0907*71
2021:01:22:11:44:55.027000,1611312295.027,$GPGGA,104454.00,6342.682805,N,01058.744316,E,2,12,0.7,12.29,M,40.00,M,9.0,0907*73
2021:01:22:11:44:56.027000,1611312296.027,$GPGGA,104455.00,6342.682827,N,01058.744319,E,2,12,0.7,12.27,M,40.00,M,5.0,0907*7F
2021:01:22:11:44:57.027000,1611312297.027,$GPGGA,104456.00,6342.682815,N,01058.744306,E,2,12,0.7,12.26,M,40.00,M,6.0,0907*71
2021:01:22:11:44:58.028000,1611312298.028,$GPGGA,104457.00,6342.682771,N,01058.744312,E,2,12,0.7,12.29,M,40.00,M,7.0,0907*76
2021:01:22:11:44:59.028000,1611312299.028,$GPGGA,104458.00,6342.682777,N,01058.744275,E,2,12,0.7,12.26,M,40.00,M,8.0,0907*7F
2021:01:22:11:45:00.028000,1611312300.028,$GPGGA,104459.00,6342.682763,N,01058.744244,E,2,12,0.7,12.23,M,40.00,M,9.0,0907*7D
2021:01:22:11:45:03.028000,1611312303.028,$GPGGA,104502.00,6342.682696,N,01058.744315,E,2,12,0.7,12.23,M,40.00,M,12.0,0907*46
2021:01:22:11:45:04.028000,1611312304.028,$GPGGA,104503.00,6342.682665,N,01058.744324,E,2,12,0.7,12.25,M,40.00,M,13.0,0907*4E
2021:01:22:11:45:05.028000,1611312305.028,$GPGGA,104504.00,6342.682638,N,01058.744339,E,2,12,0.7,12.24,M,40.00,M,14.0,0907*4B
2021:01:22:11:45:06.028000,1611312306.028,$GPGGA,104505.00,6342.682615,N,01058.744366,E,2,12,0.7,12.23,M,40.00,M,9.0,0907*74
2021:01:22:11:45:07.027000,1611312307.027,$GPGGA,104506.00,6342.682579,N,01058.744421,E,2,12,0.7,12.26,M,40.00,M,10.0,0907*47
2021:01:22:11:45:08.027000,1611312308.027,$GPGGA,104507.00,6342.682546,N,01058.744460,E,2,12,0.7,12.27,M,40.00,M,11.0,0907*4F
2021:01:22:11:45:09.027000,1611312309.027,$GPGGA,104508.00,6342.682522,N,01058.744508,E,2,12,0.7,12.25,M,40.00,M,12.0,0907*4C
2021:01:22:11:45:10.027000,1611312310.027,$GPGGA,104509.00,6342.682505,N,01058.744513,E,2,12,0.7,12.25,M,40.00,M,8.0,0907*79
2021:01:22:11:45:11.027000,1611312311.027,$GPGGA,104510.00,6342.682474,N,01058.744560,E,2,12,0.7,12.28,M,40.00,M,9.0,0907*7E
2021:01:22:11:45:12.028000,1611312312.028,$GPGGA,104511.00,6342.682442,N,01058.744617,E,2,12,0.7,12.29,M,40.00,M,10.0,0907*40
2021:01:22:11:45:13.028000,1611312313.028,$GPGGA,104512.00,6342.682444,N,01058.744573,E,2,12,0.7,12.27,M,40.00,M,6.0,0907*7D
2021:01:22:11:45:15.028000,1611312315.028,$GPGGA,104514.00,6342.682397,N,01058.744582,E,2,12,0.7,12.30,M,40.00,M,8.0,0907*74
2021:01:22:11:45:16.028000,1611312316.028,$GPGGA,104515.00,6342.682385,N,01058.744530,E,2,12,0.7,12.28,M,40.00,M,9.0,0907*77
2021:01:22:11:45:17.028000,1611312317.028,$GPGGA,104516.00,6342.682372,N,01058.744517,E,2,12,0.7,12.28,M,40.00,M,10.0,0907*41
2021:01:22:11:45:19.028000,1611312319.028,$GPGGA,104518.00,6342.682323,N,01058.744399,E,2,12,0.7,12.29,M,40.00,M,12.0,0907*48
2021:01:22:11:45:20.028000,1611312320.028,$GPGGA,104519.00,6342.682295,N,01058.744320,E,2,12,0.7,12.31,M,40.00,M,7.0,0907*7A
2021:01:22:11:45:21.028000,1611312321.028,$GPGGA,104520.00,6342.682278,N,01058.744302,E,2,12,0.7,12.33,M,40.00,M,8.0,0907*7E
2021:01:22:11:45:23.028000,1611312323.028,$GPGGA,104522.00,6342.682218,N,01058.744187,E,2,12,0.7,12.33,M,40.00,M,10.0,0907*4C
2021:01:22:11:45:24.028000,1611312324.028,$GPGGA,104523.00,6342.682196,N,01058.744194,E,2,12,0.7,12.35,M,40.00,M,11.0,0907*4D
2021:01:22:11:45:25.028000,1611312325.028,$GPGGA,104524.00,6342.682178,N,01058.744079,E,2,12,0.7,12.30,M,40.00,M,12.0,0907*4E
2021:01:22:11:45:27.029000,1611312327.029,$GPGGA,104526.00,6342.682106,N,01058.744064,E,2,12,0.7,12.34,M,40.00,M,9.0,0907*77
2021:01:22:11:45:28.029000,1611312328.029,$GPGGA,104527.00,6342.682078,N,01058.744004,E,2,12,0.7,12.33,M,40.00,M,10.0,0907*47
2021:01:22:11:45:29.029000,1611312329.029,$GPGGA,104528.00,6342.682082,N,01058.744009,E,2,12,0.7,12.29,M,40.00,M,6.0,0907*7C
2021:01:22:11:45:30.029000,1611312330.029,$GPGGA,104529.00,6342.682034,N,01058.743947,E,2,12,0.7,12.29,M,40.00,M,7.0,0907*75
2021:01:22:11:45:31.029000,1611312331.029,$GPGGA,104530.00,6342.681982,N,01058.743881,E,2,12,0.7,12.32,M,40.00,M,8.0,0907*74
2021:01:22:11:45:32.029000,1611312332.029,$GPGGA,104531.00,6342.681996,N,01058.743921,E,2,12,0.7,12.34,M,40.00,M,9.0,0907*7C
2021:01:22:11:45:33.029000,1611312333.029,$GPGGA,104532.00,6342.681989,N,01058.743875,E,2,12,0.7,12.33,M,40.00,M,5.0,0907*7A
2021:01:22:11:45:35.029000,1611312335.029,$GPGGA,104534.00,6342.681930,N,01058.743730,E,2,12,0.7,12.33,M,40.00,M,7.0,0907*72
2021:01:22:11:45:36.029000,1611312336.029,$GPGGA,104535.00,6342.681927,N,01058.743661,E,2,12,0.7,12.34,M,40.00,M,8.0,0907*78
2021:01:22:11:45:37.028000,1611312337.028,$GPGGA,104536.00,6342.681915,N,01058.743664,E,2,12,0.7,12.36,M,40.00,M,9.0,0907*7C
2021:01:22:11:45:38.028000,1611312338.028,$GPGGA,104537.00,6342.681919,N,01058.743695,E,2,12,0.7,12.36,M,40.00,M,10.0,0907*47
2021:01:22:11:45:40.028000,1611312340.028,$GPGGA,104539.00,6342.681876,N,01058.743559,E,2,12,0.7,12.37,M,40.00,M,12.0,0907*41
2021:01:22:11:45:41.029000,1611312341.029,$GPGGA,104540.00,6342.681869,N,01058.743554,E,2,12,0.7,12.37,M,40.00,M,8.0,0907*77
2021:01:22:11:45:42.029000,1611312342.029,$GPGGA,104541.00,6342.681882,N,01058.743516,E,2,12,0.7,12.33,M,40.00,M,9.0,0907*70
2021:01:22:11:45:44.029000,1611312344.029,$GPGGA,104543.00,6342.681821,N,01058.743470,E,2,12,0.7,12.33,M,40.00,M,5.0,0907*76
2021:01:22:11:45:45.029000,1611312345.029,$GPGGA,104544.00,6342.681837,N,01058.743482,E,2,12,0.7,12.34,M,40.00,M,6.0,0907*7F
2021:01:22:11:45:46.029000,1611312346.029,$GPGGA,104545.00,6342.681841,N,01058.743463,E,2,12,0.7,12.32,M,40.00,M,7.0,0907*77
2021:01:22:11:45:48.029000,1611312348.029,$GPGGA,104547.00,6342.681789,N,01058.743440,E,2,12,0.7,12.36,M,40.00,M,9.0,0907*75
2021:01:22:11:45:49.029000,1611312349.029,$GPGGA,104548.00,6342.681801,N,01058.743404,E,2,12,0.7,12.34,M,40.00,M,10.0,0907*4F
2021:01:22:11:45:50.030000,1611312350.03,$GPGGA,104549.00,6342.681809,N,01058.743385,E,2,12,0.7,12.32,M,40.00,M,6.0,0907*79
2021:01:22:11:45:51.029000,1611312351.029,$GPGGA,104550.00,6342.681777,N,01058.743340,E,2,12,0.7,12.34,M,40.00,M,7.0,0907*79
2021:01:22:11:45:52.029000,1611312352.029,$GPGGA,104551.00,6342.681767,N,01058.743333,E,2,12,0.7,12.35,M,40.00,M,8.0,0907*73
2021:01:22:11:45:53.029000,1611312353.029,$GPGGA,104552.00,6342.681773,N,01058.743333,E,2,12,0.7,12.34,M,40.00,M,4.0,0907*78
2021:01:22:11:45:54.029000,1611312354.029,$GPGGA,104553.00,6342.681780,N,01058.743354,E,2,12,0.7,12.34,M,40.00,M,5.0,0907*75
2021:01:22:11:45:55.029000,1611312355.029,$GPGGA,104554.00,6342.681787,N,01058.743342,E,2,12,0.7,12.33,M,40.00,M,6.0,0907*76
2021:01:22:11:45:56.030000,1611312356.03,$GPGGA,104555.00,6342.681775,N,01058.743315,E,2,12,0.7,12.33,M,40.00,M,7.0,0907*79
2021:01:22:11:45:57.030000,1611312357.03,$GPGGA,104556.00,6342.681764,N,01058.743315,E,2,12,0.7,12.35,M,40.00,M,8.0,0907*73
2021:01:22:11:45:58.030000,1611312358.03,$GPGGA,104557.00,6342.681781,N,01058.743313,E,2,12,0.7,12.35,M,40.00,M,9.0,0907*7E
2021:01:22:11:46:00.030000,1611312360.03,$GPGGA,104559.00,6342.681794,N,01058.743373,E,2,12,0.7,12.30,M,40.00,M,5.0,0907*7B
2021:01:22:11:46:01.030000,1611312361.03,$GPGGA,104600.00,6342.681798,N,01058.743414,E,2,12,0.7,12.34,M,40.00,M,6.0,0907*79
2021:01:22:11:46:02.030000,1611312362.03,$GPGGA,104601.00,6342.681829,N,01058.743393,E,2,12,0.7,12.33,M,40.00,M,7.0,0907*73
2021:01:22:11:46:05.030000,1611312365.03,$GPGGA,104604.00,6342.681864,N,01058.743391,E,2,12,0.7,12.32,M,40.00,M,10.0,0907*4A
2021:01:22:11:46:06.029000,1611312366.029,$GPGGA,104605.00,6342.681872,N,01058.743456,E,2,12,0.7,12.35,M,40.00,M,6.0,0907*70
2021:01:22:11:46:09.029000,1611312369.029,$GPGGA,104608.00,6342.681930,N,01058.743445,E,2,12,0.7,12.31,M,40.00,M,9.0,0907*73
2021:01:22:11:46:10.030000,1611312370.03,$GPGGA,104609.00,6342.681946,N,01058.743554,E,2,12,0.7,12.37,M,40.00,M,10.0,0907*4C
2021:01:22:11:46:11.030000,1611312371.03,$GPGGA,104610.00,6342.682009,N,01058.743568,E,2,12,0.7,12.33,M,40.00,M,11.0,0907*4F
2021:01:22:11:46:13.030000,1611312373.03,$GPGGA,104612.00,6342.682045,N,01058.743663,E,2,12,0.7,12.34,M,40.00,M,13.0,0907*48
2021:01:22:11:46:14.030000,1611312374.03,$GPGGA,104613.00,6342.682101,N,01058.743671,E,2,12,0.7,12.32,M,40.00,M,8.0,0907*77
2021:01:22:11:46:15.030000,1611312375.03,$GPGGA,104614.00,6342.682157,N,01058.743735,E,2,12,0.7,12.30,M,40.00,M,9.0,0907*71
2021:01:22:11:46:17.030000,1611312377.03,$GPGGA,104616.00,6342.682227,N,01058.743812,E,2,12,0.7,12.33,M,40.00,M,6.0,0907*71
2021:01:22:11:46:18.030000,1611312378.03,$GPGGA,104617.00,6342.682263,N,01058.743812,E,2,12,0.7,12.30,M,40.00,M,7.0,0907*72
2021:01:22:11:46:19.030000,1611312379.03,$GPGGA,104618.00,6342.682326,N,01058.743851,E,2,12,0.7,12.29,M,40.00,M,8.0,0907*7D
2021:01:22:11:46:20.030000,1611312380.03,$GPGGA,104619.00,6342.682381,N,01058.743972,E,2,12,0.7,12.34,M,40.00,M,9.0,0907*7C
2021:01:22:11:46:21.030000,1611312381.03,$GPGGA,104620.00,6342.682382,N,01058.743955,E,2,12,0.7,12.33,M,40.00,M,10.0,0907*4F
2021:01:22:11:46:22.030000,1611312382.03,$GPGGA,104621.00,6342.682418,N,01058.743883,E,2,12,0.7,12.28,M,40.00,M,11.0,0907*4B
2021:01:22:11:46:23.030000,1611312383.03,$GPGGA,104622.00,6342.682476,N,01058.743957,E,2,12,0.7,12.30,M,40.00,M,12.0,0907*42
2021:01:22:11:46:25.031000,1611312385.031,$GPGGA,104624.00,6342.682471,N,01058.743953,E,2,12,0.7,12.32,M,40.00,M,8.0,0907*7E
2021:01:22:11:46:26.031000,1611312386.031,$GPGGA,104625.00,6342.682496,N,01058.743949,E,2,12,0.7,12.31,M,40.00,M,9.0,0907*7F
2021:01:22:11:46:27.031000,1611312387.031,$GPGGA,104626.00,6342.682526,N,01058.743952,E,2,12,0.7,12.31,M,40.00,M,5.0,0907*70
2021:01:22:11:46:29.031000,1611312389.031,$GPGGA,104628.00,6342.682488,N,01058.743962,E,2,12,0.7,12.36,M,40.00,M,7.0,0907*7D
2021:01:22:11:46:30.031000,1611312390.031,$GPGGA,104629.00,6342.682497,N,01058.743902,E,2,12,0.7,12.31,M,40.00,M,8.0,0907*7C
2021:01:22:11:46:31.031000,1611312391.031,$GPGGA,104630.00,6342.682488,N,01058.743810,E,2,12,0.7,12.29,M,40.00,M,9.0,0907*70
2021:01:22:11:46:33.031000,1611312393.031,$GPGGA,104632.00,6342.682435,N,01058.743810,E,2,12,0.7,12.35,M,40.00,M,6.0,0907*76
2021:01:22:11:46:34.031000,1611312394.031,$GPGGA,104633.00,6342.682434,N,01058.743741,E,2,12,0.7,12.30,M,40.00,M,7.0,0907*79
2021:01:22:11:46:35.031000,1611312395.031,$GPGGA,104634.00,6342.682388,N,01058.743722,E,2,12,0.7,12.34,M,40.00,M,8.0,0907*70
2021:01:22:11:46:36.031000,1611312396.031,$GPGGA,104635.00,6342.682362,N,01058.743676,E,2,12,0.7,12.38,M,40.00,M,9.0,0907*78
2021:01:22:11:46:38.031000,1611312398.031,$GPGGA,104637.00,6342.682346,N,01058.743655,E,2,12,0.7,12.35,M,40.00,M,11.0,0907*49
2021:01:22:11:46:39.030000,1611312399.03,$GPGGA,104638.00,6342.682306,N,01058.743618,E,2,12,0.7,12.38,M,40.00,M,12.0,0907*45
2021:01:22:11:46:40.031000,1611312400.031,$GPGGA,104639.00,6342.682316,N,01058.743639,E,2,12,0.7,12.40,M,40.00,M,13.0,0907*48
2021:01:22:11:46:42.031000,1611312402.031,$GPGGA,104641.00,6342.682298,N,01058.743665,E,2,12,0.7,12.43,M,40.00,M,9.0,0907*71
2021:01:22:11:46:43.031000,1611312403.031,$GPGGA,104642.00,6342.682268,N,01058.743623,E,2,12,0.7,12.38,M,40.00,M,5.0,0907*7F
2021:01:22:11:46:44.031000,1611312404.031,$GPGGA,104643.00,6342.682261,N,01058.743545,E,2,12,0.7,12.36,M,40.00,M,6.0,0907*79
2021:01:22:11:46:45.031000,1611312405.031,$GPGGA,104644.00,6342.682258,N,01058.743545,E,2,12,0.7,12.39,M,40.00,M,7.0,0907*7A
2021:01:22:11:46:46.031000,1611312406.031,$GPGGA,104645.00,6342.682256,N,01058.743555,E,2,12,0.7,12.41,M,40.00,M,8.0,0907*74
2021:01:22:11:46:47.031000,1611312407.031,$GPGGA,104646.00,6342.682254,N,01058.743549,E,2,12,0.7,12.40,M,40.00,M,9.0,0907*78
2021:01:22:11:46:48.031000,1611312408.031,$GPGGA,104647.00,6342.682236,N,01058.743482,E,2,12,0.7,12.40,M,40.00,M,10.0,0907*43
2021:01:22:11:46:50.031000,1611312410.031,$GPGGA,104649.00,6342.682220,N,01058.743408,E,2,12,0.7,12.43,M,40.00,M,12.0,0907*49
2021:01:22:11:46:51.031000,1611312411.031,$GPGGA,104650.00,6342.682207,N,01058.743408,E,2,12,0.7,12.39,M,40.00,M,8.0,0907*72
2021:01:22:11:46:52.031000,1611312412.031,$GPGGA,104651.00,6342.682202,N,01058.743361,E,2,12,0.7,12.38,M,40.00,M,9.0,0907*7E
2021:01:22:11:46:54.031000,1611312414.031,$GPGGA,104653.00,6342.682171,N,01058.743189,E,2,12,0.7,12.39,M,40.00,M,11.0,0907*47
2021:01:22:11:46:55.032000,1611312415.032,$GPGGA,104654.00,6342.682172,N,01058.743211,E,2,12,0.7,12.42,M,40.00,M,12.0,0907*4E
2021:01:22:11:46:56.032000,1611312416.032,$GPGGA,104655.00,6342.682168,N,01058.743192,E,2,12,0.7,12.40,M,40.00,M,13.0,0907*4F
2021:01:22:11:46:58.032000,1611312418.032,$GPGGA,104657.00,6342.682128,N,01058.743043,E,2,12,0.7,12.35,M,40.00,M,8.0,0907*7C
2021:01:22:11:46:59.032000,1611312419.032,$GPGGA,104658.00,6342.682118,N,01058.743027,E,2,12,0.7,12.38,M,40.00,M,9.0,0907*7E
2021:01:22:11:47:00.032000,1611312420.032,$GPGGA,104659.00,6342.682134,N,01058.743021,E,2,12,0.7,12.35,M,40.00,M,10.0,0907*42
2021:01:22:11:47:02.032000,1611312422.032,$GPGGA,104701.00,6342.682100,N,01058.742934,E,2,12,0.7,12.34,M,40.00,M,7.0,0907*72
2021:01:22:11:47:03.032000,1611312423.032,$GPGGA,104702.00,6342.682097,N,01058.742895,E,2,12,0.7,12.34,M,40.00,M,8.0,0907*7B
2021:01:22:11:47:04.032000,1611312424.032,$GPGGA,104703.00,6342.682116,N,01058.742862,E,2,12,0.7,12.33,M,40.00,M,9.0,0907*7C
2021:01:22:11:47:05.031000,1611312425.031,$GPGGA,104704.00,6342.682125,N,01058.742817,E,2,12,0.7,12.32,M,40.00,M,10.0,0907*40
2021:01:22:11:47:07.031000,1611312427.031,$GPGGA,104706.00,6342.682097,N,01058.742745,E,2,12,0.7,12.34,M,40.00,M,6.0,0907*73
2021:01:22:11:47:08.032000,1611312428.032,$GPGGA,104707.00,6342.682125,N,01058.742628,E,2,12,0.7,12.31,M,40.00,M,7.0,0907*74
2021:01:22:11:47:09.032000,1611312429.032,$GPGGA,104708.00,6342.682139,N,01058.742617,E,2,12,0.7,12.32,M,40.00,M,8.0,0907*76
2021:01:22:11:47:10.032000,1611312430.032,$GPGGA,104709.00,6342.682118,N,01058.742652,E,2,12,0.7,12.35,M,40.00,M,9.0,0907*73
2021:01:22:11:47:11.032000,1611312431.032,$GPGGA,104710.00,6342.682123,N,01058.742566,E,2,12,0.7,12.34,M,40.00,M,5.0,0907*7A
2021:01:22:11:47:12.032000,1611312432.032,$GPGGA,104711.00,6342.682170,N,01058.742493,E,2,12,0.7,12.30,M,40.00,M,6.0,0907*71
2021:01:22:11:47:13.032000,1611312433.032,$GPGGA,104712.00,6342.682161,N,01058.742451,E,2,12,0.7,12.31,M,40.00,M,7.0,0907*7C
2021:01:22:11:47:15.032000,1611312435.032,$GPGGA,104714.00,6342.682187,N,01058.742507,E,2,12,0.7,12.32,M,40.00,M,9.0,0907*7D
2021:01:22:11:47:16.032000,1611312436.032,$GPGGA,104715.00,6342.682216,N,01058.742509,E,2,12,0.7,12.30,M,40.00,M,10.0,0907*43
2021:01:22:11:47:17.032000,1611312437.032,$GPGGA,104716.00,6342.682201,N,01058.742435,E,2,12,0.7,12.31,M,40.00,M,6.0,0907*7E
2021:01:22:11:47:19.032000,1611312439.032,$GPGGA,104718.00,6342.682226,N,01058.742453,E,2,12,0.7,12.32,M,40.00,M,8.0,0907*78
2021:01:22:11:47:20.032000,1611312440.032,$GPGGA,104719.00,6342.682241,N,01058.742404,E,2,12,0.7,12.30,M,40.00,M,9.0,0907*79
2021:01:22:11:47:21.032000,1611312441.032,$GPGGA,104720.00,6342.682267,N,01058.742393,E,2,12,0.7,12.29,M,40.00,M,10.0,0907*4E
2021:01:22:11:47:23.032000,1611312443.032,$GPGGA,104722.00,6342.682274,N,01058.742437,E,2,12,0.7,12.32,M,40.00,M,12.0,0907*4F
2021:01:22:11:47:24.033000,1611312444.033,$GPGGA,104723.00,6342.682305,N,01058.742365,E,2,12,0.7,12.28,M,40.00,M,8.0,0907*79
2021:01:22:11:47:25.033000,1611312445.033,$GPGGA,104724.00,6342.682324,N,01058.742438,E,2,12,0.7,12.31,M,40.00,M,9.0,0907*7B
2021:01:22:11:47:27.033000,1611312447.033,$GPGGA,104726.00,6342.682370,N,01058.742500,E,2,12,0.7,12.30,M,40.00,M,11.0,0907*4A
2021:01:22:11:47:28.033000,1611312448.033,$GPGGA,104727.00,6342.682372,N,01058.742480,E,2,12,0.7,12.29,M,40.00,M,7.0,0907*7F
2021:01:22:11:47:29.033000,1611312449.033,$GPGGA,104728.00,6342.682417,N,01058.742532,E,2,12,0.7,12.31,M,40.00,M,8.0,0907*7A
2021:01:22:11:47:30.033000,1611312450.033,$GPGGA,104729.00,6342.682445,N,01058.742572,E,2,12,0.7,12.30,M,40.00,M,9.0,0907*78
2021:01:22:11:47:31.033000,1611312451.033,$GPGGA,104730.00,6342.682449,N,01058.742621,E,2,12,0.7,12.30,M,40.00,M,10.0,0907*41
2021:01:22:11:47:32.033000,1611312452.033,$GPGGA,104731.00,6342.682490,N,01058.742663,E,2,12,0.7,12.28,M,40.00,M,11.0,0907*4A
2021:01:22:11:47:33.033000,1611312453.033,$GPGGA,104732.00,6342.682528,N,01058.742698,E,2,12,0.7,12.28,M,40.00,M,12.0,0907*4C
2021:01:22:11:47:34.033000,1611312454.033,$GPGGA,104733.00,6342.682543,N,01058.742760,E,2,12,0.7,12.31,M,40.00,M,7.0,0907*7A
2021:01:22:11:47:35.033000,1611312455.033,$GPGGA,104734.00,6342.682573,N,01058.742795,E,2,12,0.7,12.30,M,40.00,M,8.0,0907*7A
2021:01:22:11:47:36.032000,1611312456.032,$GPGGA,104735.00,6342.682604,N,01058.742838,E,2,12,0.7,12.28,M,40.00,M,9.0,0907*78
2021:01:22:11:47:37.032000,1611312457.032,$GPGGA,104736.00,6342.682636,N,01058.742934,E,2,12,0.7,12.30,M,40.00,M,10.0,0907*46
2021:01:22:11:47:38.032000,1611312458.032,$GPGGA,104737.00,6342.682674,N,01058.742978,E,2,12,0.7,12.32,M,40.00,M,6.0,0907*7C
2021:01:22:11:47:39.033000,1611312459.033,$GPGGA,104738.00,6342.682698,N,01058.743006,E,2,12,0.7,12.31,M,40.00,M,7.0,0907*72
2021:01:22:11:47:40.033000,1611312460.033,$GPGGA,104739.00,6342.682719,N,01058.743057,E,2,12,0.7,12.31,M,40.00,M,8.0,0907*70
2021:01:22:11:47:41.033000,1611312461.033,$GPGGA,104740.00,6342.682756,N,01058.743095,E,2,12,0.7,12.30,M,40.00,M,9.0,0907*7B
2021:01:22:11:47:42.033000,1611312462.033,$GPGGA,104741.00,6342.682792,N,01058.743193,E,2,12,0.7,12.31,M,40.00,M,10.0,0907*4C
2021:01:22:11:47:43.033000,1611312463.033,$GPGGA,104742.00,6342.682808,N,01058.743227,E,2,12,0.7,12.30,M,40.00,M,11.0,0907*4F
2021:01:22:11:47:44.033000,1611312464.033,$GPGGA,104743.00,6342.682845,N,01058.743245,E,2,12,0.7,12.28,M,40.00,M,7.0,0907*7D
2021:01:22:11:47:45.033000,1611312465.033,$GPGGA,104744.00,6342.682856,N,01058.743307,E,2,12,0.7,12.28,M,40.00,M,8.0,0907*70
2021:01:22:11:47:46.033000,1611312466.033,$GPGGA,104745.00,6342.682871,N,01058.743397,E,2,12,0.7,12.31,M,40.00,M,9.0,0907*74
2021:01:22:11:47:47.033000,1611312467.033,$GPGGA,104746.00,6342.682918,N,01058.743437,E,2,12,0.7,12.29,M,40.00,M,10.0,0907*45
2021:01:22:11:47:48.033000,1611312468.033,$GPGGA,104747.00,6342.682921,N,01058.743407,E,2,12,0.7,12.27,M,40.00,M,11.0,0907*42
2021:01:22:11:47:49.033000,1611312469.033,$GPGGA,104748.00,6342.682898,N,01058.743499,E,2,12,0.7,12.30,M,40.00,M,12.0,0907*4C
2021:01:22:11:47:50.033000,1611312470.033,$GPGGA,104749.00,6342.682919,N,01058.743560,E,2,12,0.7,12.30,M,40.00,M,13.0,0907*43
2021:01:22:11:47:51.033000,1611312471.033,$GPGGA,104750.00,6342.682961,N,01058.743578,E,2,12,0.7,12.27,M,40.00,M,7.0,0907*7E
2021:01:22:11:47:52.033000,1611312472.033,$GPGGA,104751.00,6342.682940,N,01058.743622,E,2,12,0.7,12.27,M,40.00,M,8.0,0907*7F
2021:01:22:11:47:53.033000,1611312473.033,$GPGGA,104752.00,6342.682924,N,01058.743708,E,2,12,0.7,12.30,M,40.00,M,9.0,0907*70
2021:01:22:11:47:54.034000,1611312474.034,$GPGGA,104753.00,6342.682946,N,01058.743767,E,2,12,0.7,12.31,M,40.00,M,5.0,0907*71
2021:01:22:11:47:55.034000,1611312475.034,$GPGGA,104754.00,6342.682960,N,01058.743776,E,2,12,0.7,12.28,M,40.00,M,6.0,0907*79
2021:01:22:11:47:56.034000,1611312476.034,$GPGGA,104755.00,6342.682937,N,01058.743763,E,2,12,0.7,12.28,M,40.00,M,7.0,0907*7F
2021:01:22:11:47:57.034000,1611312477.034,$GPGGA,104756.00,6342.682936,N,01058.743792,E,2,12,0.7,12.30,M,40.00,M,8.0,0907*75
2021:01:22:11:47:58.034000,1611312478.034,$GPGGA,104757.00,6342.682950,N,01058.743877,E,2,12,0.7,12.31,M,40.00,M,9.0,0907*70
2021:01:22:11:47:59.034000,1611312479.034,$GPGGA,104758.00,6342.682949,N,01058.743853,E,2,12,0.7,12.27,M,40.00,M,10.0,0907*4E
2021:01:22:11:48:00.034000,1611312480.034,$GPGGA,104759.00,6342.682942,N,01058.743856,E,2,12,0.7,12.27,M,40.00,M,11.0,0907*40
2021:01:22:11:48:01.034000,1611312481.034,$GPGGA,104800.00,6342.682922,N,01058.743900,E,2,12,0.7,12.31,M,40.00,M,6.0,0907*76
2021:01:22:11:48:02.034000,1611312482.034,$GPGGA,104801.00,6342.682939,N,01058.743914,E,2,12,0.7,12.31,M,40.00,M,7.0,0907*79
2021:01:22:11:48:03.034000,1611312483.034,$GPGGA,104802.00,6342.682953,N,01058.743917,E,2,12,0.7,12.27,M,40.00,M,8.0,0907*7D
2021:01:22:11:48:04.034000,1611312484.034,$GPGGA,104803.00,6342.682911,N,01058.743916,E,2,12,0.7,12.28,M,40.00,M,9.0,0907*75
2021:01:22:11:48:05.033000,1611312485.033,$GPGGA,104804.00,6342.682898,N,01058.743906,E,2,12,0.7,12.32,M,40.00,M,10.0,0907*40
2021:01:22:11:48:06.033000,1611312486.033,$GPGGA,104805.00,6342.682911,N,01058.743918,E,2,12,0.7,12.32,M,40.00,M,11.0,0907*4F
2021:01:22:11:48:07.033000,1611312487.033,$GPGGA,104806.00,6342.682918,N,01058.743909,E,2,12,0.7,12.28,M,40.00,M,7.0,0907*79
2021:01:22:11:48:09.034000,1611312489.034,$GPGGA,104808.00,6342.682890,N,01058.743947,E,2,12,0.7,12.33,M,40.00,M,9.0,0907*78
2021:01:22:11:48:10.034000,1611312490.034,$GPGGA,104809.00,6342.682890,N,01058.743870,E,2,12,0.7,12.29,M,40.00,M,10.0,0907*4F
2021:01:22:11:48:11.034000,1611312491.034,$GPGGA,104810.00,6342.682896,N,01058.743833,E,2,12,0.7,12.27,M,40.00,M,11.0,0907*49
2021:01:22:11:48:13.034000,1611312493.034,$GPGGA,104812.00,6342.682893,N,01058.743763,E,2,12,0.7,12.27,M,40.00,M,13.0,0907*46
2021:01:22:11:48:14.034000,1611312494.034,$GPGGA,104813.00,6342.682897,N,01058.743693,E,2,12,0.7,12.23,M,40.00,M,14.0,0907*4E
2021:01:22:11:48:15.034000,1611312495.034,$GPGGA,104814.00,6342.682924,N,01058.743787,E,2,12,0.7,12.34,M,40.00,M,5.0,0907*72
2021:01:22:11:48:17.034000,1611312497.034,$GPGGA,104816.00,6342.682954,N,01058.743680,E,2,12,0.7,12.28,M,40.00,M,7.0,0907*7E
2021:01:22:11:48:18.034000,1611312498.034,$GPGGA,104817.00,6342.682946,N,01058.743639,E,2,12,0.7,12.29,M,40.00,M,8.0,0907*70
2021:01:22:11:48:19.034000,1611312499.034,$GPGGA,104818.00,6342.682954,N,01058.743709,E,2,12,0.7,12.36,M,40.00,M,9.0,0907*71
2021:01:22:11:48:20.034000,1611312500.034,$GPGGA,104819.00,6342.682995,N,01058.743710,E,2,12,0.7,12.32,M,40.00,M,10.0,0907*49
2021:01:22:11:48:21.034000,1611312501.034,$GPGGA,104820.00,6342.682995,N,01058.743630,E,2,12,0.7,12.28,M,40.00,M,11.0,0907*4A
2021:01:22:11:48:22.034000,1611312502.034,$GPGGA,104821.00,6342.682976,N,01058.743663,E,2,12,0.7,12.34,M,40.00,M,12.0,0907*4E
2021:01:22:11:48:23.035000,1611312503.035,$GPGGA,104822.00,6342.683007,N,01058.743713,E,2,12,0.7,12.35,M,40.00,M,13.0,0907*45
2021:01:22:11:48:24.035000,1611312504.035,$GPGGA,104823.00,6342.683036,N,01058.743665,E,2,12,0.7,12.28,M,40.00,M,8.0,0907*70
2021:01:22:11:48:25.035000,1611312505.035,$GPGGA,104824.00,6342.683019,N,01058.743669,E,2,12,0.7,12.30,M,40.00,M,9.0,0907*7E
2021:01:22:11:48:26.035000,1611312506.035,$GPGGA,104825.00,6342.683006,N,01058.743727,E,2,12,0.7,12.36,M,40.00,M,10.0,0907*44
2021:01:22:11:48:27.035000,1611312507.035,$GPGGA,104826.00,6342.683046,N,01058.743722,E,2,12,0.7,12.33,M,40.00,M,11.0,0907*42
2021:01:22:11:48:29.035000,1611312509.035,$GPGGA,104828.00,6342.683031,N,01058.743743,E,2,12,0.7,12.32,M,40.00,M,8.0,0907*72
2021:01:22:11:48:30.035000,1611312510.035,$GPGGA,104829.00,6342.683035,N,01058.743803,E,2,12,0.7,12.33,M,40.00,M,9.0,0907*7C
2021:01:22:11:48:31.035000,1611312511.035,$GPGGA,104830.00,6342.683063,N,01058.743797,E,2,12,0.7,12.27,M,40.00,M,5.0,0907*7C
2021:01:22:11:48:33.035000,1611312513.035,$GPGGA,104832.00,6342.683054,N,01058.743900,E,2,12,0.7,12.32,M,40.00,M,7.0,0907*7C
2021:01:22:11:48:34.035000,1611312514.035,$GPGGA,104833.00,6342.683056,N,01058.743829,E,2,12,0.7,12.29,M,40.00,M,8.0,0907*70
2021:01:22:11:48:35.035000,1611312515.035,$GPGGA,104834.00,6342.683071,N,01058.743828,E,2,12,0.7,12.28,M,40.00,M,9.0,0907*73
2021:01:22:11:48:37.034000,1611312517.034,$GPGGA,104836.00,6342.683045,N,01058.743835,E,2,12,0.7,12.27,M,40.00,M,11.0,0907*4C
2021:01:22:11:48:38.036000,1611312518.036,$GPGGA,104837.00,6342.683050,N,01058.743805,E,2,12,0.7,12.25,M,40.00,M,6.0,0907*7E
2021:01:22:11:48:39.035000,1611312519.035,$GPGGA,104838.00,6342.683061,N,01058.743912,E,2,12,0.7,12.31,M,40.00,M,7.0,0907*70
2021:01:22:11:48:40.036000,1611312520.036,$GPGGA,104839.00,6342.683045,N,01058.743887,E,2,12,0.7,12.29,M,40.00,M,8.0,0907*7C
2021:01:22:11:48:41.035000,1611312521.035,$GPGGA,104840.00,6342.683015,N,01058.743799,E,2,12,0.7,12.25,M,40.00,M,9.0,0907*7A
2021:01:22:11:48:42.035000,1611312522.035,$GPGGA,104841.00,6342.683022,N,01058.743857,E,2,12,0.7,12.28,M,40.00,M,5.0,0907*73
2021:01:22:11:48:43.035000,1611312523.035,$GPGGA,104842.00,6342.683028,N,01058.743917,E,2,12,0.7,12.31,M,40.00,M,6.0,0907*74
2021:01:22:11:48:44.035000,1611312524.035,$GPGGA,104843.00,6342.682986,N,01058.743839,E,2,12,0.7,12.28,M,40.00,M,7.0,0907*7D
2021:01:22:11:48:45.035000,1611312525.035,$GPGGA,104844.00,6342.682965,N,01058.743795,E,2,12,0.7,12.26,M,40.00,M,8.0,0907*7F
2021:01:22:11:48:46.035000,1611312526.035,$GPGGA,104845.00,6342.682979,N,01058.743781,E,2,12,0.7,12.26,M,40.00,M,9.0,0907*77
2021:01:22:11:48:47.035000,1611312527.035,$GPGGA,104846.00,6342.682949,N,01058.743795,E,2,12,0.7,12.28,M,40.00,M,10.0,0907*44
2021:01:22:11:48:48.035000,1611312528.035,$GPGGA,104847.00,6342.682927,N,01058.743835,E,2,12,0.7,12.33,M,40.00,M,6.0,0907*75
2021:01:22:11:48:49.035000,1611312529.035,$GPGGA,104848.00,6342.682939,N,01058.743777,E,2,12,0.7,12.29,M,40.00,M,7.0,0907*76
2021:01:22:11:48:50.035000,1611312530.035,$GPGGA,104849.00,6342.682920,N,01058.743688,E,2,12,0.7,12.26,M,40.00,M,8.0,0907*7E
2021:01:22:11:48:51.035000,1611312531.035,$GPGGA,104850.00,6342.682893,N,01058.743719,E,2,12,0.7,12.31,M,40.00,M,9.0,0907*71
2021:01:22:11:48:52.035000,1611312532.035,$GPGGA,104851.00,6342.682912,N,01058.743785,E,2,12,0.7,12.33,M,40.00,M,10.0,0907*47
2021:01:22:11:48:53.036000,1611312533.036,$GPGGA,104852.00,6342.682917,N,01058.743783,E,2,12,0.7,12.27,M,40.00,M,11.0,0907*43
2021:01:22:11:48:54.036000,1611312534.036,$GPGGA,104853.00,6342.682903,N,01058.743737,E,2,12,0.7,12.28,M,40.00,M,7.0,0907*70
2021:01:22:11:48:55.036000,1611312535.036,$GPGGA,104854.00,6342.682920,N,01058.743759,E,2,12,0.7,12.31,M,40.00,M,8.0,0907*79
2021:01:22:11:48:56.036000,1611312536.036,$GPGGA,104855.00,6342.682946,N,01058.743818,E,2,12,0.7,12.33,M,40.00,M,9.0,0907*71
2021:01:22:11:48:57.036000,1611312537.036,$GPGGA,104856.00,6342.682922,N,01058.743743,E,2,12,0.7,12.30,M,40.00,M,10.0,0907*4A
2021:01:22:11:48:58.036000,1611312538.036,$GPGGA,104857.00,6342.682923,N,01058.743718,E,2,12,0.7,12.30,M,40.00,M,11.0,0907*45
2021:01:22:11:48:59.036000,1611312539.036,$GPGGA,104858.00,6342.682942,N,01058.743768,E,2,12,0.7,12.34,M,40.00,M,12.0,0907*4D
2021:01:22:11:49:00.036000,1611312540.036,$GPGGA,104859.00,6342.682918,N,01058.743704,E,2,12,0.7,12.32,M,40.00,M,13.0,0907*4E
2021:01:22:11:49:01.036000,1611312541.036,$GPGGA,104900.00,6342.682918,N,01058.743694,E,2,12,0.7,12.29,M,40.00,M,14.0,0907*46
2021:01:22:11:49:02.036000,1611312542.036,$GPGGA,104901.00,6342.682914,N,01058.743711,E,2,12,0.7,12.31,M,40.00,M,9.0,0907*72
2021:01:22:11:49:03.036000,1611312543.036,$GPGGA,104902.00,6342.682894,N,01058.743709,E,2,12,0.7,12.33,M,40.00,M,10.0,0907*4B
2021:01:22:11:49:04.036000,1611312544.036,$GPGGA,104903.00,6342.682885,N,01058.743699,E,2,12,0.7,12.33,M,40.00,M,11.0,0907*43
2021:01:22:11:49:05.036000,1611312545.036,$GPGGA,104904.00,6342.682858,N,01058.743617,E,2,12,0.7,12.30,M,40.00,M,12.0,0907*42
2021:01:22:11:49:06.035000,1611312546.035,$GPGGA,104905.00,6342.682834,N,01058.743527,E,2,12,0.7,12.28,M,40.00,M,13.0,0907*41
2021:01:22:11:49:07.035000,1611312547.035,$GPGGA,104906.00,6342.682803,N,01058.743557,E,2,12,0.7,12.33,M,40.00,M,14.0,0907*4C
2021:01:22:11:49:08.036000,1611312548.036,$GPGGA,104907.00,6342.682769,N,01058.743544,E,2,12,0.7,12.34,M,40.00,M,10.0,0907*4F
2021:01:22:11:49:09.036000,1611312549.036,$GPGGA,104908.00,6342.682765,N,01058.743439,E,2,12,0.7,12.29,M,40.00,M,11.0,0907*4A
2021:01:22:11:49:10.036000,1611312550.036,$GPGGA,104909.00,6342.682737,N,01058.743392,E,2,12,0.7,12.27,M,40.00,M,12.0,0907*47
2021:01:22:11:49:11.036000,1611312551.036,$GPGGA,104910.00,6342.682679,N,01058.743332,E,2,12,0.7,12.33,M,40.00,M,8.0,0907*70
2021:01:22:11:49:12.036000,1611312552.036,$GPGGA,104911.00,6342.682664,N,01058.743295,E,2,12,0.7,12.33,M,40.00,M,9.0,0907*70
2021:01:22:11:49:13.036000,1611312553.036,$GPGGA,104912.00,6342.682668,N,01058.743245,E,2,12,0.7,12.30,M,40.00,M,10.0,0907*49
2021:01:22:11:49:14.036000,1611312554.036,$GPGGA,104913.00,6342.682633,N,01058.743169,E,2,12,0.7,12.30,M,40.00,M,11.0,0907*4A
2021:01:22:11:49:15.036000,1611312555.036,$GPGGA,104914.00,6342.682592,N,01058.743126,E,2,12,0.7,12.31,M,40.00,M,6.0,0907*79
2021:01:22:11:49:16.036000,1611312556.036,$GPGGA,104915.00,6342.682586,N,01058.743177,E,2,12,0.7,12.33,M,40.00,M,7.0,0907*7A
2021:01:22:11:49:17.036000,1611312557.036,$GPGGA,104916.00,6342.682593,N,01058.743146,E,2,12,0.7,12.32,M,40.00,M,8.0,0907*71
2021:01:22:11:49:18.036000,1611312558.036,$GPGGA,104917.00,6342.682566,N,01058.742999,E,2,12,0.7,12.26,M,40.00,M,9.0,0907*75
2021:01:22:11:49:19.036000,1611312559.036,$GPGGA,104918.00,6342.682537,N,01058.742996,E,2,12,0.7,12.31,M,40.00,M,10.0,0907*4F
2021:01:22:11:49:20.036000,1611312560.036,$GPGGA,104919.00,6342.682535,N,01058.743031,E,2,12,0.7,12.36,M,40.00,M,11.0,0907*4F
2021:01:22:11:49:21.036000,1611312561.036,$GPGGA,104920.00,6342.682539,N,01058.742927,E,2,12,0.7,12.30,M,40.00,M,6.0,0907*76
2021:01:22:11:49:23.037000,1611312563.037,$GPGGA,104922.00,6342.682533,N,01058.742862,E,2,12,0.7,12.32,M,40.00,M,8.0,0907*72
2021:01:22:11:49:24.037000,1611312564.037,$GPGGA,104923.00,6342.682532,N,01058.742852,E,2,12,0.7,12.34,M,40.00,M,9.0,0907*76
2021:01:22:11:49:25.037000,1611312565.037,$GPGGA,104924.00,6342.682538,N,01058.742831,E,2,12,0.7,12.30,M,40.00,M,5.0,0907*76
2021:01:22:11:49:27.037000,1611312567.037,$GPGGA,104926.00,6342.682550,N,01058.742687,E,2,12,0.7,12.28,M,40.00,M,7.0,0907*72
2021:01:22:11:49:28.037000,1611312568.037,$GPGGA,104927.00,6342.682544,N,01058.742698,E,2,12,0.7,12.32,M,40.00,M,8.0,0907*7C
2021:01:22:11:49:29.037000,1611312569.037,$GPGGA,104928.00,6342.682559,N,01058.742706,E,2,12,0.7,12.30,M,40.00,M,9.0,0907*7A
2021:01:22:11:49:30.037000,1611312570.037,$GPGGA,104929.00,6342.682564,N,01058.742628,E,2,12,0.7,12.26,M,40.00,M,10.0,0907*47
2021:01:22:11:49:31.037000,1611312571.037,$GPGGA,104930.00,6342.682565,N,01058.742580,E,2,12,0.7,12.28,M,40.00,M,5.0,0907*75
2021:01:22:11:49:32.037000,1611312572.037,$GPGGA,104931.00,6342.682565,N,01058.742579,E,2,12,0.7,12.31,M,40.00,M,6.0,0907*79
2021:01:22:11:49:33.037000,1611312573.037,$GPGGA,104932.00,6342.682559,N,01058.742554,E,2,12,0.7,12.31,M,40.00,M,7.0,0907*7B
2021:01:22:11:49:34.036000,1611312574.036,$GPGGA,104933.00,6342.682565,N,01058.742480,E,2,12,0.7,12.27,M,40.00,M,8.0,0907*75
2021:01:22:11:49:35.037000,1611312575.037,$GPGGA,104934.00,6342.682567,N,01058.742452,E,2,12,0.7,12.27,M,40.00,M,9.0,0907*7E
2021:01:22:11:49:36.037000,1611312576.037,$GPGGA,104935.00,6342.682545,N,01058.742502,E,2,12,0.7,12.33,M,40.00,M,10.0,0907*46
2021:01:22:11:49:37.037000,1611312577.037,$GPGGA,104936.00,6342.682540,N,01058.742421,E,2,12,0.7,12.32,M,40.00,M,11.0,0907*40
2021:01:22:11:49:39.037000,1611312579.037,$GPGGA,104938.00,6342.682525,N,01058.742401,E,2,12,0.7,12.30,M,40.00,M,8.0,0907*75
2021:01:22:11:49:40.038000,1611312580.038,$GPGGA,104939.00,6342.682499,N,01058.742420,E,2,12,0.7,12.34,M,40.00,M,9.0,0907*74
2021:01:22:11:49:41.037000,1611312581.037,$GPGGA,104940.00,6342.682519,N,01058.742379,E,2,12,0.7,12.29,M,40.00,M,10.0,0907*4C
2021:01:22:11:49:43.037000,1611312583.037,$GPGGA,104942.00,6342.682448,N,01058.742226,E,2,12,0.7,12.31,M,40.00,M,12.0,0907*4B
2021:01:22:11:49:44.037000,1611312584.037,$GPGGA,104943.00,6342.682452,N,01058.742236,E,2,12,0.7,12.32,M,40.00,M,13.0,0907*42
2021:01:22:11:49:45.037000,1611312585.037,$GPGGA,104944.00,6342.682460,N,01058.742259,E,2,12,0.7,12.30,M,40.00,M,9.0,0907*74
2021:01:22:11:49:46.037000,1611312586.037,$GPGGA,104945.00,6342.682435,N,01058.742257,E,2,12,0.7,12.29,M,40.00,M,10.0,0907*4B
2021:01:22:11:49:47.037000,1611312587.037,$GPGGA,104946.00,6342.682408,N,01058.742160,E,2,12,0.7,12.28,M,40.00,M,11.0,0907*41
2021:01:22:11:49:48.037000,1611312588.037,$GPGGA,104947.00,6342.682422,N,01058.742163,E,2,12,0.7,12.29,M,40.00,M,7.0,0907*7D
2021:01:22:11:49:49.037000,1611312589.037,$GPGGA,104948.00,6342.682409,N,01058.742225,E,2,12,0.7,12.30,M,40.00,M,8.0,0907*7D
2021:01:22:11:49:50.037000,1611312590.037,$GPGGA,104949.00,6342.682391,N,01058.742187,E,2,12,0.7,12.27,M,40.00,M,9.0,0907*76
2021:01:22:11:49:51.038000,1611312591.038,$GPGGA,104950.00,6342.682405,N,01058.742161,E,2,12,0.7,12.26,M,40.00,M,10.0,0907*45
2021:01:22:11:49:52.038000,1611312592.038,$GPGGA,104951.00,6342.682406,N,01058.742163,E,2,12,0.7,12.28,M,40.00,M,11.0,0907*4A
2021:01:22:11:49:53.038000,1611312593.038,$GPGGA,104952.00,6342.682394,N,01058.742144,E,2,12,0.7,12.28,M,40.00,M,12.0,0907*43
2021:01:22:11:49:54.038000,1611312594.038,$GPGGA,104953.00,6342.682399,N,01058.742127,E,2,12,0.7,12.27,M,40.00,M,13.0,0907*44
2021:01:22:11:49:55.038000,1611312595.038,$GPGGA,104954.00,6342.682425,N,01058.742136,E,2,12,0.7,12.26,M,40.00,M,9.0,0907*79
2021:01:22:11:49:56.038000,1611312596.038,$GPGGA,104955.00,6342.682451,N,01058.742206,E,2,12,0.7,12.29,M,40.00,M,10.0,0907*4C
2021:01:22:11:49:57.038000,1611312597.038,$GPGGA,104956.00,6342.682448,N,01058.742216,E,2,12,0.7,12.30,M,40.00,M,11.0,0907*4F
2021:01:22:11:49:58.038000,1611312598.038,$GPGGA,104957.00,6342.682461,N,01058.742147,E,2,12,0.7,12.26,M,40.00,M,6.0,0907*73
2021:01:22:11:49:59.038000,1611312599.038,$GPGGA,104958.00,6342.682477,N,01058.742124,E,2,12,0.7,12.25,M,40.00,M,7.0,0907*7C
2021:01:22:11:50:00.038000,1611312600.038,$GPGGA,104959.00,6342.682481,N,01058.742136,E,2,12,0.7,12.28,M,40.00,M,8.0,0907*75
2021:01:22:11:50:01.038000,1611312601.038,$GPGGA,105000.00,6342.682504,N,01058.742197,E,2,12,0.7,12.30,M,40.00,M,9.0,0907*7E
2021:01:22:11:50:02.038000,1611312602.038,$GPGGA,105001.00,6342.682513,N,01058.742175,E,2,12,0.7,12.26,M,40.00,M,5.0,0907*7E
2021:01:22:11:50:03.038000,1611312603.038,$GPGGA,105002.00,6342.682516,N,01058.742133,E,2,12,0.7,12.26,M,40.00,M,6.0,0907*79
2021:01:22:11:50:04.038000,1611312604.038,$GPGGA,105003.00,6342.682516,N,01058.742124,E,2,12,0.7,12.27,M,40.00,M,7.0,0907*7E
2021:01:22:11:50:05.038000,1611312605.038,$GPGGA,105004.00,6342.682515,N,01058.742114,E,2,12,0.7,12.27,M,40.00,M,8.0,0907*76
2021:01:22:11:50:06.038000,1611312606.038,$GPGGA,105005.00,6342.682513,N,01058.742085,E,2,12,0.7,12.26,M,40.00,M,9.0,0907*78
2021:01:22:11:50:07.038000,1611312607.038,$GPGGA,105006.00,6342.682529,N,01058.742106,E,2,12,0.7,12.26,M,40.00,M,10.0,0907*40
2021:01:22:11:50:08.038000,1611312608.038,$GPGGA,105007.00,6342.682530,N,01058.742117,E,2,12,0.7,12.27,M,40.00,M,11.0,0907*49
2021:01:22:11:50:09.038000,1611312609.038,$GPGGA,105008.00,6342.682512,N,01058.742055,E,2,12,0.7,12.29,M,40.00,M,12.0,0907*4C
2021:01:22:11:50:10.038000,1611312610.038,$GPGGA,105009.00,6342.682526,N,01058.742052,E,2,12,0.7,12.27,M,40.00,M,13.0,0907*42
2021:01:22:11:50:11.038000,1611312611.038,$GPGGA,105010.00,6342.682542,N,01058.742058,E,2,12,0.7,12.26,M,40.00,M,14.0,0907*44
2021:01:22:11:50:12.038000,1611312612.038,$GPGGA,105011.00,6342.682536,N,01058.742064,E,2,12,0.7,12.27,M,40.00,M,15.0,0907*49
2021:01:22:11:50:13.038000,1611312613.038,$GPGGA,105012.00,6342.682523,N,01058.742078,E,2,12,0.7,12.29,M,40.00,M,16.0,0907*4E
2021:01:22:11:50:14.038000,1611312614.038,$GPGGA,105013.00,6342.682533,N,01058.742068,E,2,12,0.7,12.28,M,40.00,M,17.0,0907*4F
2021:01:22:11:50:15.038000,1611312615.038,$GPGGA,105014.00,6342.682543,N,01058.742016,E,2,12,0.7,12.25,M,40.00,M,18.0,0907*44
2021:01:22:11:50:17.038000,1611312617.038,$GPGGA,105016.00,6342.682511,N,01058.742052,E,2,12,0.7,12.33,M,40.00,M,9.0,0907*76
2021:01:22:11:50:18.038000,1611312618.038,$GPGGA,105017.00,6342.682544,N,01058.742039,E,2,12,0.7,12.31,M,40.00,M,5.0,0907*74
2021:01:22:11:50:19.039000,1611312619.039,$GPGGA,105018.00,6342.682533,N,01058.742010,E,2,12,0.7,12.30,M,40.00,M,6.0,0907*72
2021:01:22:11:50:21.039000,1611312621.039,$GPGGA,105020.00,6342.682516,N,01058.742030,E,2,12,0.7,12.34,M,40.00,M,8.0,0907*76
2021:01:22:11:50:22.039000,1611312622.039,$GPGGA,105021.00,6342.682524,N,01058.742090,E,2,12,0.7,12.34,M,40.00,M,9.0,0907*7D
2021:01:22:11:50:23.039000,1611312623.039,$GPGGA,105022.00,6342.682498,N,01058.742039,E,2,12,0.7,12.32,M,40.00,M,10.0,0907*45
2021:01:22:11:50:24.039000,1611312624.039,$GPGGA,105023.00,6342.682502,N,01058.742045,E,2,12,0.7,12.32,M,40.00,M,11.0,0907*4C
2021:01:22:11:50:25.039000,1611312625.039,$GPGGA,105024.00,6342.682519,N,01058.742168,E,2,12,0.7,12.35,M,40.00,M,6.0,0907*7E
2021:01:22:11:50:26.039000,1611312626.039,$GPGGA,105025.00,6342.682525,N,01058.742221,E,2,12,0.7,12.35,M,40.00,M,7.0,0907*7F
2021:01:22:11:50:27.039000,1611312627.039,$GPGGA,105026.00,6342.682523,N,01058.742197,E,2,12,0.7,12.32,M,40.00,M,8.0,0907*7C
2021:01:22:11:50:29.039000,1611312629.039,$GPGGA,105028.00,6342.682527,N,01058.742265,E,2,12,0.7,12.36,M,40.00,M,10.0,0907*45
2021:01:22:11:50:30.039000,1611312630.039,$GPGGA,105029.00,6342.682546,N,01058.742372,E,2,12,0.7,12.36,M,40.00,M,11.0,0907*45
2021:01:22:11:50:31.039000,1611312631.039,$GPGGA,105030.00,6342.682529,N,01058.742296,E,2,12,0.7,12.31,M,40.00,M,12.0,0907*4B
2021:01:22:11:50:33.040000,1611312633.04,$GPGGA,105032.00,6342.682551,N,01058.742410,E,2,12,0.7,12.36,M,40.00,M,9.0,0907*73
2021:01:22:11:50:34.040000,1611312634.04,$GPGGA,105033.00,6342.682563,N,01058.742430,E,2,12,0.7,12.32,M,40.00,M,10.0,0907*4D
2021:01:22:11:50:35.039000,1611312635.039,$GPGGA,105034.00,6342.682565,N,01058.742502,E,2,12,0.7,12.31,M,40.00,M,6.0,0907*78
2021:01:22:11:50:37.039000,1611312637.039,$GPGGA,105036.00,6342.682598,N,01058.742589,E,2,12,0.7,12.35,M,40.00,M,8.0,0907*71
2021:01:22:11:50:38.039000,1611312638.039,$GPGGA,105037.00,6342.682592,N,01058.742616,E,2,12,0.7,12.33,M,40.00,M,9.0,0907*78
2021:01:22:11:50:39.039000,1611312639.039,$GPGGA,105038.00,6342.682596,N,01058.742651,E,2,12,0.7,12.34,M,40.00,M,10.0,0907*4F
2021:01:22:11:50:41.039000,1611312641.039,$GPGGA,105040.00,6342.682646,N,01058.742791,E,2,12,0.7,12.35,M,40.00,M,12.0,0907*40
2021:01:22:11:50:42.039000,1611312642.039,$GPGGA,105041.00,6342.682625,N,01058.742813,E,2,12,0.7,12.36,M,40.00,M,13.0,0907*43
2021:01:22:11:50:43.039000,1611312643.039,$GPGGA,105042.00,6342.682643,N,01058.742798,E,2,12,0.7,12.30,M,40.00,M,8.0,0907*70
2021:01:22:11:50:44.039000,1611312644.039,$GPGGA,105043.00,6342.682677,N,01058.742872,E,2,12,0.7,12.31,M,40.00,M,9.0,0907*7D
2021:01:22:11:50:45.039000,1611312645.039,$GPGGA,105044.00,6342.682649,N,01058.742906,E,2,12,0.7,12.34,M,40.00,M,5.0,0907*7C
2021:01:22:11:50:46.039000,1611312646.039,$GPGGA,105045.00,6342.682660,N,01058.742910,E,2,12,0.7,12.33,M,40.00,M,6.0,0907*75
2021:01:22:11:50:47.040000,1611312647.04,$GPGGA,105046.00,6342.682697,N,01058.742945,E,2,12,0.7,12.31,M,40.00,M,7.0,0907*7D
2021:01:22:11:50:48.040000,1611312648.04,$GPGGA,105047.00,6342.682696,N,01058.743009,E,2,12,0.7,12.34,M,40.00,M,8.0,0907*77
2021:01:22:11:50:49.040000,1611312649.04,$GPGGA,105048.00,6342.682676,N,01058.743006,E,2,12,0.7,12.33,M,40.00,M,9.0,0907*7F
2021:01:22:11:50:50.040000,1611312650.04,$GPGGA,105049.00,6342.682686,N,01058.742993,E,2,12,0.7,12.29,M,40.00,M,10.0,0907*46
2021:01:22:11:50:51.040000,1611312651.04,$GPGGA,105050.00,6342.682711,N,01058.743045,E,2,12,0.7,12.30,M,40.00,M,11.0,0907*4B
2021:01:22:11:50:52.040000,1611312652.04,$GPGGA,105051.00,6342.682706,N,01058.743053,E,2,12,0.7,12.30,M,40.00,M,12.0,0907*48
2021:01:22:11:50:53.040000,1611312653.04,$GPGGA,105052.00,6342.682701,N,01058.743068,E,2,12,0.7,12.27,M,40.00,M,8.0,0907*79
2021:01:22:11:50:54.040000,1611312654.04,$GPGGA,105053.00,6342.682720,N,01058.743082,E,2,12,0.7,12.27,M,40.00,M,9.0,0907*7E
2021:01:22:11:50:55.040000,1611312655.04,$GPGGA,105054.00,6342.682727,N,01058.743071,E,2,12,0.7,12.30,M,40.00,M,5.0,0907*78
2021:01:22:11:50:56.040000,1611312656.04,$GPGGA,105055.00,6342.682710,N,01058.743076,E,2,12,0.7,12.31,M,40.00,M,6.0,0907*78
2021:01:22:11:50:57.040000,1611312657.04,$GPGGA,105056.00,6342.682735,N,01058.743100,E,2,12,0.7,12.28,M,40.00,M,7.0,0907*75
2021:01:22:11:50:58.040000,1611312658.04,$GPGGA,105057.00,6342.682757,N,01058.743145,E,2,12,0.7,12.26,M,40.00,M,8.0,0907*70
2021:01:22:11:50:59.040000,1611312659.04,$GPGGA,105058.00,6342.682749,N,01058.743205,E,2,12,0.7,12.30,M,40.00,M,9.0,0907*71
2021:01:22:11:51:00.040000,1611312660.04,$GPGGA,105059.00,6342.682739,N,01058.743171,E,2,12,0.7,12.28,M,40.00,M,10.0,0907*46
2021:01:22:11:51:01.040000,1611312661.04,$GPGGA,105100.00,6342.682745,N,01058.743116,E,2,12,0.7,12.24,M,40.00,M,11.0,0907*4C
2021:01:22:11:51:02.041000,1611312662.041,$GPGGA,105101.00,6342.682782,N,01058.743229,E,2,12,0.7,12.28,M,40.00,M,12.0,0907*46
2021:01:22:11:51:03.041000,1611312663.041,$GPGGA,105102.00,6342.682774,N,01058.743322,E,2,12,0.7,12.32,M,40.00,M,7.0,0907*79
2021:01:22:11:51:04.040000,1611312664.04,$GPGGA,105103.00,6342.682756,N,01058.743271,E,2,12,0.7,12.29,M,40.00,M,8.0,0907*7A
2021:01:22:11:51:05.040000,1611312665.04,$GPGGA,105104.00,6342.682768,N,01058.743198,E,2,12,0.7,12.26,M,40.00,M,9.0,0907*7A
2021:01:22:11:51:06.040000,1611312666.04,$GPGGA,105105.00,6342.682773,N,01058.743229,E,2,12,0.7,12.30,M,40.00,M,10.0,0907*47
2021:01:22:11:51:07.040000,1611312667.04,$GPGGA,105106.00,6342.682780,N,01058.743309,E,2,12,0.7,12.31,M,40.00,M,11.0,0907*4B
2021:01:22:11:51:08.040000,1611312668.04,$GPGGA,105107.00,6342.682783,N,01058.743345,E,2,12,0.7,12.28,M,40.00,M,12.0,0907*4A
2021:01:22:11:51:09.040000,1611312669.04,$GPGGA,105108.00,6342.682778,N,01058.743306,E,2,12,0.7,12.26,M,40.00,M,8.0,0907*73
2021:01:22:11:51:10.040000,1611312670.04,$GPGGA,105109.00,6342.682784,N,01058.743330,E,2,12,0.7,12.29,M,40.00,M,9.0,0907*7A
2021:01:22:11:51:11.040000,1611312671.04,$GPGGA,105110.00,6342.682808,N,01058.743452,E,2,12,0.7,12.31,M,40.00,M,10.0,0907*4B
2021:01:22:11:51:12.040000,1611312672.04,$GPGGA,105111.00,6342.682803,N,01058.743440,E,2,12,0.7,12.27,M,40.00,M,11.0,0907*44
2021:01:22:11:51:13.040000,1611312673.04,$GPGGA,105112.00,6342.682792,N,01058.743411,E,2,12,0.7,12.27,M,40.00,M,12.0,0907*47
2021:01:22:11:51:14.040000,1611312674.04,$GPGGA,105113.00,6342.682801,N,01058.743462,E,2,12,0.7,12.29,M,40.00,M,13.0,0907*48
2021:01:22:11:51:15.040000,1611312675.04,$GPGGA,105114.00,6342.682815,N,01058.743465,E,2,12,0.7,12.29,M,40.00,M,14.0,0907*4A
2021:01:22:11:51:16.041000,1611312676.041,$GPGGA,105115.00,6342.682827,N,01058.743463,E,2,12,0.7,12.29,M,40.00,M,9.0,0907*70
2021:01:22:11:51:17.041000,1611312677.041,$GPGGA,105116.00,6342.682815,N,01058.743456,E,2,12,0.7,12.28,M,40.00,M,10.0,0907*4D
2021:01:22:11:51:19.041000,1611312679.041,$GPGGA,105118.00,6342.682842,N,01058.743534,E,2,12,0.7,12.31,M,40.00,M,7.0,0907*7A
2021:01:22:11:51:20.041000,1611312680.041,$GPGGA,105119.00,6342.682843,N,01058.743516,E,2,12,0.7,12.29,M,40.00,M,8.0,0907*7C
2021:01:22:11:51:21.041000,1611312681.041,$GPGGA,105120.00,6342.682824,N,01058.743451,E,2,12,0.7,12.25,M,40.00,M,9.0,0907*78
2021:01:22:11:51:23.041000,1611312683.041,$GPGGA,105122.00,6342.682836,N,01058.743474,E,2,12,0.7,12.31,M,40.00,M,6.0,0907*74
2021:01:22:11:51:24.041000,1611312684.041,$GPGGA,105123.00,6342.682843,N,01058.743482,E,2,12,0.7,12.29,M,40.00,M,7.0,0907*76
2021:01:22:11:51:25.041000,1611312685.041,$GPGGA,105124.00,6342.682826,N,01058.743424,E,2,12,0.7,12.26,M,40.00,M,8.0,0907*7E
2021:01:22:11:51:27.041000,1611312687.041,$GPGGA,105126.00,6342.682857,N,01058.743516,E,2,12,0.7,12.30,M,40.00,M,10.0,0907*44
2021:01:22:11:51:28.041000,1611312688.041,$GPGGA,105127.00,6342.682842,N,01058.743483,E,2,12,0.7,12.28,M,40.00,M,11.0,0907*44
2021:01:22:11:51:29.041000,1611312689.041,$GPGGA,105128.00,6342.682854,N,01058.743457,E,2,12,0.7,12.26,M,40.00,M,12.0,0907*48
2021:01:22:11:51:31.042000,1611312691.042,$GPGGA,105130.00,6342.682868,N,01058.743502,E,2,12,0.7,12.28,M,40.00,M,9.0,0907*7B
2021:01:22:11:51:32.042000,1611312692.042,$GPGGA,105131.00,6342.682877,N,01058.743516,E,2,12,0.7,12.28,M,40.00,M,5.0,0907*7D
2021:01:22:11:51:33.041000,1611312693.041,$GPGGA,105132.00,6342.682873,N,01058.743525,E,2,12,0.7,12.29,M,40.00,M,6.0,0907*78
2021:01:22:11:51:34.041000,1611312694.041,$GPGGA,105133.00,6342.682884,N,01058.743552,E,2,12,0.7,12.28,M,40.00,M,7.0,0907*71
2021:01:22:11:51:35.041000,1611312695.041,$GPGGA,105134.00,6342.682888,N,01058.743565,E,2,12,0.7,12.29,M,40.00,M,8.0,0907*70
2021:01:22:11:51:36.041000,1611312696.041,$GPGGA,105135.00,6342.682882,N,01058.743505,E,2,12,0.7,12.28,M,40.00,M,9.0,0907*7D
2021:01:22:11:51:37.041000,1611312697.041,$GPGGA,105136.00,6342.682877,N,01058.743506,E,2,12,0.7,12.27,M,40.00,M,10.0,0907*40
2021:01:22:11:51:39.041000,1611312699.041,$GPGGA,105138.00,6342.682873,N,01058.743494,E,2,12,0.7,12.27,M,40.00,M,12.0,0907*42
2021:01:22:11:51:40.041000,1611312700.041,$GPGGA,105139.00,6342.682878,N,01058.743491,E,2,12,0.7,12.28,M,40.00,M,8.0,0907*79
2021:01:22:11:51:41.041000,1611312701.041,$GPGGA,105140.00,6342.682849,N,01058.743449,E,2,12,0.7,12.26,M,40.00,M,9.0,0907*7F
2021:01:22:11:51:42.041000,1611312702.041,$GPGGA,105141.00,6342.682841,N,01058.743384,E,2,12,0.7,12.26,M,40.00,M,10.0,0907*48
2021:01:22:11:51:43.041000,1611312703.041,$GPGGA,105142.00,6342.682863,N,01058.743480,E,2,12,0.7,12.29,M,40.00,M,5.0,0907*73
2021:01:22:11:51:44.041000,1611312704.041,$GPGGA,105143.00,6342.682867,N,01058.743513,E,2,12,0.7,12.30,M,40.00,M,6.0,0907*76
2021:01:22:11:51:45.041000,1611312705.041,$GPGGA,105144.00,6342.682832,N,01058.743380,E,2,12,0.7,12.25,M,40.00,M,7.0,0907*78
2021:01:22:11:51:47.042000,1611312707.042,$GPGGA,105146.00,6342.682833,N,01058.743441,E,2,12,0.7,12.32,M,40.00,M,9.0,0907*79
2021:01:22:11:51:48.042000,1611312708.042,$GPGGA,105147.00,6342.682842,N,01058.743429,E,2,12,0.7,12.29,M,40.00,M,10.0,0907*42
2021:01:22:11:51:49.042000,1611312709.042,$GPGGA,105148.00,6342.682830,N,01058.743431,E,2,12,0.7,12.27,M,40.00,M,6.0,0907*78
2021:01:22:11:51:50.042000,1611312710.042,$GPGGA,105149.00,6342.682811,N,01058.743451,E,2,12,0.7,12.32,M,40.00,M,7.0,0907*79
2021:01:22:11:51:51.042000,1611312711.042,$GPGGA,105150.00,6342.682809,N,01058.743437,E,2,12,0.7,12.32,M,40.00,M,8.0,0907*77
2021:01:22:11:51:52.042000,1611312712.042,$GPGGA,105151.00,6342.682841,N,01058.743488,E,2,12,0.7,12.32,M,40.00,M,9.0,0907*7F
2021:01:22:11:51:53.042000,1611312713.042,$GPGGA,105152.00,6342.682821,N,01058.743458,E,2,12,0.7,12.29,M,40.00,M,10.0,0907*45
2021:01:22:11:51:54.042000,1611312714.042,$GPGGA,105153.00,6342.682795,N,01058.743436,E,2,12,0.7,12.31,M,40.00,M,11.0,0907*44
2021:01:22:11:51:55.042000,1611312715.042,$GPGGA,105154.00,6342.682817,N,01058.743497,E,2,12,0.7,12.32,M,40.00,M,12.0,0907*4D
2021:01:22:11:51:56.042000,1611312716.042,$GPGGA,105155.00,6342.682829,N,01058.743525,E,2,12,0.7,12.31,M,40.00,M,7.0,0907*7E
2021:01:22:11:51:57.042000,1611312717.042,$GPGGA,105156.00,6342.682809,N,01058.743502,E,2,12,0.7,12.30,M,40.00,M,8.0,0907*74
2021:01:22:11:51:58.042000,1611312718.042,$GPGGA,105157.00,6342.682810,N,01058.743505,E,2,12,0.7,12.30,M,40.00,M,9.0,0907*7B
2021:01:22:11:51:59.042000,1611312719.042,$GPGGA,105158.00,6342.682822,N,01058.743532,E,2,12,0.7,12.33,M,40.00,M,10.0,0907*4A
2021:01:22:11:52:00.042000,1611312720.042,$GPGGA,105159.00,6342.682805,N,01058.743516,E,2,12,0.7,12.32,M,40.00,M,11.0,0907*48
2021:01:22:11:52:01.043000,1611312721.043,$GPGGA,105200.00,6342.682819,N,01058.743533,E,2,12,0.7,12.32,M,40.00,M,12.0,0907*4E
2021:01:22:11:52:02.043000,1611312722.043,$GPGGA,105201.00,6342.682843,N,01058.743552,E,2,12,0.7,12.31,M,40.00,M,13.0,0907*45
2021:01:22:11:52:03.043000,1611312723.043,$GPGGA,105202.00,6342.682807,N,01058.743523,E,2,12,0.7,12.33,M,40.00,M,9.0,0907*79
2021:01:22:11:52:04.043000,1611312724.043,$GPGGA,105203.00,6342.682806,N,01058.743519,E,2,12,0.7,12.32,M,40.00,M,10.0,0907*49
2021:01:22:11:52:05.042000,1611312725.042,$GPGGA,105204.00,6342.682853,N,01058.743566,E,2,12,0.7,12.30,M,40.00,M,11.0,0907*45
2021:01:22:11:52:06.042000,1611312726.042,$GPGGA,105205.00,6342.682855,N,01058.743607,E,2,12,0.7,12.34,M,40.00,M,12.0,0907*41
2021:01:22:11:52:07.042000,1611312727.042,$GPGGA,105206.00,6342.682830,N,01058.743613,E,2,12,0.7,12.34,M,40.00,M,8.0,0907*7F
2021:01:22:11:52:08.042000,1611312728.042,$GPGGA,105207.00,6342.682853,N,01058.743539,E,2,12,0.7,12.30,M,40.00,M,9.0,0907*75
2021:01:22:11:52:09.042000,1611312729.042,$GPGGA,105208.00,6342.682862,N,01058.743499,E,2,12,0.7,12.29,M,40.00,M,10.0,0907*43
2021:01:22:11:52:10.042000,1611312730.042,$GPGGA,105209.00,6342.682855,N,01058.743576,E,2,12,0.7,12.34,M,40.00,M,11.0,0907*4B
2021:01:22:11:52:11.042000,1611312731.042,$GPGGA,105210.00,6342.682871,N,01058.743618,E,2,12,0.7,12.34,M,40.00,M,12.0,0907*4D
2021:01:22:11:52:12.042000,1611312732.042,$GPGGA,105211.00,6342.682893,N,01058.743628,E,2,12,0.7,12.33,M,40.00,M,13.0,0907*45
2021:01:22:11:52:13.042000,1611312733.042,$GPGGA,105212.00,6342.682881,N,01058.743567,E,2,12,0.7,12.31,M,40.00,M,9.0,0907*74
2021:01:22:11:52:14.042000,1611312734.042,$GPGGA,105213.00,6342.682879,N,01058.743579,E,2,12,0.7,12.33,M,40.00,M,10.0,0907*47
2021:01:22:11:52:15.042000,1611312735.042,$GPGGA,105214.00,6342.682902,N,01058.743666,E,2,12,0.7,12.34,M,40.00,M,11.0,0907*46
2021:01:22:11:52:17.043000,1611312737.043,$GPGGA,105216.00,6342.682881,N,01058.743651,E,2,12,0.7,12.30,M,40.00,M,8.0,0907*76
2021:01:22:11:52:18.043000,1611312738.043,$GPGGA,105217.00,6342.682892,N,01058.743681,E,2,12,0.7,12.31,M,40.00,M,9.0,0907*78
2021:01:22:11:52:19.043000,1611312739.043,$GPGGA,105218.00,6342.682879,N,01058.743668,E,2,12,0.7,12.30,M,40.00,M,10.0,0907*4C
2021:01:22:11:52:21.043000,1611312741.043,$GPGGA,105220.00,6342.682875,N,01058.743704,E,2,12,0.7,12.29,M,40.00,M,12.0,0907*4A
2021:01:22:11:52:22.043000,1611312742.043,$GPGGA,105221.00,6342.682860,N,01058.743639,E,2,12,0.7,12.29,M,40.00,M,13.0,0907*41
2021:01:22:11:52:23.043000,1611312743.043,$GPGGA,105222.00,6342.682844,N,01058.743641,E,2,12,0.7,12.30,M,40.00,M,8.0,0907*79
2021:01:22:11:52:24.043000,1611312744.043,$GPGGA,105223.00,6342.682850,N,01058.743701,E,2,12,0.7,12.31,M,40.00,M,9.0,0907*78
2021:01:22:11:52:25.043000,1611312745.043,$GPGGA,105224.00,6342.682837,N,01058.743656,E,2,12,0.7,12.26,M,40.00,M,10.0,0907*43
2021:01:22:11:52:26.043000,1611312746.043,$GPGGA,105225.00,6342.682832,N,01058.743650,E,2,12,0.7,12.29,M,40.00,M,6.0,0907*79
2021:01:22:11:52:27.043000,1611312747.043,$GPGGA,105226.00,6342.682823,N,01058.743705,E,2,12,0.7,12.31,M,40.00,M,7.0,0907*73
2021:01:22:11:52:29.043000,1611312749.043,$GPGGA,105228.00,6342.682819,N,01058.743694,E,2,12,0.7,12.26,M,40.00,M,9.0,0907*75
2021:01:22:11:52:30.043000,1611312750.043,$GPGGA,105229.00,6342.682807,N,01058.743694,E,2,12,0.7,12.28,M,40.00,M,10.0,0907*4D
2021:01:22:11:52:31.044000,1611312751.044,$GPGGA,105230.00,6342.682801,N,01058.743775,E,2,12,0.7,12.31,M,40.00,M,11.0,0907*44
2021:01:22:11:52:33.044000,1611312753.044,$GPGGA,105232.00,6342.682826,N,01058.743790,E,2,12,0.7,12.29,M,40.00,M,8.0,0907*79
2021:01:22:11:52:34.044000,1611312754.044,$GPGGA,105233.00,6342.682817,N,01058.743824,E,2,12,0.7,12.31,M,40.00,M,9.0,0907*72
2021:01:22:11:52:35.044000,1611312755.044,$GPGGA,105234.00,6342.682811,N,01058.743817,E,2,12,0.7,12.31,M,40.00,M,10.0,0907*4B
2021:01:22:11:52:36.044000,1611312756.044,$GPGGA,105235.00,6342.682833,N,01058.743824,E,2,12,0.7,12.31,M,40.00,M,6.0,0907*7D
2021:01:22:11:52:37.044000,1611312757.044,$GPGGA,105236.00,6342.682847,N,01058.743822,E,2,12,0.7,12.30,M,40.00,M,7.0,0907*7B
2021:01:22:11:52:38.043000,1611312758.043,$GPGGA,105237.00,6342.682831,N,01058.743817,E,2,12,0.7,12.33,M,40.00,M,8.0,0907*71
2021:01:22:11:52:39.043000,1611312759.043,$GPGGA,105238.00,6342.682834,N,01058.743848,E,2,12,0.7,12.35,M,40.00,M,9.0,0907*76
2021:01:22:11:52:41.043000,1611312761.043,$GPGGA,105240.00,6342.682865,N,01058.743830,E,2,12,0.7,12.28,M,40.00,M,6.0,0907*71
2021:01:22:11:52:42.043000,1611312762.043,$GPGGA,105241.00,6342.682834,N,01058.743830,E,2,12,0.7,12.31,M,40.00,M,7.0,0907*7D
2021:01:22:11:52:43.043000,1611312763.043,$GPGGA,105242.00,6342.682869,N,01058.743851,E,2,12,0.7,12.31,M,40.00,M,8.0,0907*7E
2021:01:22:11:52:44.043000,1611312764.043,$GPGGA,105243.00,6342.682889,N,01058.743834,E,2,12,0.7,12.27,M,40.00,M,9.0,0907*74
2021:01:22:11:52:45.043000,1611312765.043,$GPGGA,105244.00,6342.682841,N,01058.743776,E,2,12,0.7,12.28,M,40.00,M,10.0,0907*49
2021:01:22:11:52:46.044000,1611312766.044,$GPGGA,105245.00,6342.682860,N,01058.743802,E,2,12,0.7,12.30,M,40.00,M,6.0,0907*79
2021:01:22:11:52:47.044000,1611312767.044,$GPGGA,105246.00,6342.682905,N,01058.743828,E,2,12,0.7,12.28,M,40.00,M,7.0,0907*78
2021:01:22:11:52:49.044000,1611312769.044,$GPGGA,105248.00,6342.682846,N,01058.743703,E,2,12,0.7,12.29,M,40.00,M,9.0,0907*79
2021:01:22:11:52:50.044000,1611312770.044,$GPGGA,105249.00,6342.682884,N,01058.743756,E,2,12,0.7,12.28,M,40.00,M,5.0,0907*7B
2021:01:22:11:52:51.044000,1611312771.044,$GPGGA,105250.00,6342.682911,N,01058.743769,E,2,12,0.7,12.28,M,40.00,M,6.0,0907*71
2021:01:22:11:52:52.044000,1611312772.044,$GPGGA,105251.00,6342.682875,N,01058.743681,E,2,12,0.7,12.27,M,40.00,M,7.0,0907*7A
2021:01:22:11:52:53.044000,1611312773.044,$GPGGA,105252.00,6342.682860,N,01058.743653,E,2,12,0.7,12.29,M,40.00,M,8.0,0907*73
2021:01:22:11:52:54.044000,1611312774.044,$GPGGA,105253.00,6342.682886,N,01058.743650,E,2,12,0.7,12.29,M,40.00,M,9.0,0907*78
2021:01:22:11:52:55.044000,1611312775.044,$GPGGA,105254.00,6342.682900,N,01058.743651,E,2,12,0.7,12.27,M,40.00,M,10.0,0907*47
2021:01:22:11:52:56.044000,1611312776.044,$GPGGA,105255.00,6342.682891,N,01058.743636,E,2,12,0.7,12.27,M,40.00,M,5.0,0907*7A
2021:01:22:11:52:57.044000,1611312777.044,$GPGGA,105256.00,6342.682871,N,01058.743614,E,2,12,0.7,12.29,M,40.00,M,6.0,0907*7A
2021:01:22:11:52:58.044000,1611312778.044,$GPGGA,105257.00,6342.682876,N,01058.743583,E,2,12,0.7,12.30,M,40.00,M,7.0,0907*78
2021:01:22:11:52:59.044000,1611312779.044,$GPGGA,105258.00,6342.682902,N,01058.743585,E,2,12,0.7,12.26,M,40.00,M,8.0,0907*7B
2021:01:22:11:53:00.044000,1611312780.044,$GPGGA,105259.00,6342.682897,N,01058.743598,E,2,12,0.7,12.26,M,40.00,M,9.0,0907*7A
2021:01:22:11:53:01.045000,1611312781.045,$GPGGA,105300.00,6342.682873,N,01058.743583,E,2,12,0.7,12.30,M,40.00,M,10.0,0907*48
2021:01:22:11:53:02.045000,1611312782.045,$GPGGA,105301.00,6342.682885,N,01058.743555,E,2,12,0.7,12.28,M,40.00,M,11.0,0907*43
2021:01:22:11:53:03.045000,1611312783.045,$GPGGA,105302.00,6342.682895,N,01058.743527,E,2,12,0.7,12.28,M,40.00,M,7.0,0907*73
2021:01:22:11:53:04.044000,1611312784.044,$GPGGA,105303.00,6342.682880,N,01058.743540,E,2,12,0.7,12.31,M,40.00,M,8.0,0907*70
2021:01:22:11:53:05.044000,1611312785.044,$GPGGA,105304.00,6342.682871,N,01058.743535,E,2,12,0.7,12.29,M,40.00,M,9.0,0907*73
2021:01:22:11:53:06.044000,1611312786.044,$GPGGA,105305.00,6342.682896,N,01058.743554,E,2,12,0.7,12.28,M,40.00,M,10.0,0907*45
2021:01:22:11:53:07.044000,1611312787.044,$GPGGA,105306.00,6342.682895,N,01058.743526,E,2,12,0.7,12.29,M,40.00,M,6.0,0907*76
2021:01:22:11:53:08.044000,1611312788.044,$GPGGA,105307.00,6342.682869,N,01058.743483,E,2,12,0.7,12.29,M,40.00,M,7.0,0907*7B
2021:01:22:11:53:09.044000,1611312789.044,$GPGGA,105308.00,6342.682882,N,01058.743504,E,2,12,0.7,12.29,M,40.00,M,8.0,0907*70
2021:01:22:11:53:10.044000,1611312790.044,$GPGGA,105309.00,6342.682895,N,01058.743522,E,2,12,0.7,12.30,M,40.00,M,9.0,0907*7A
2021:01:22:11:53:11.044000,1611312791.044,$GPGGA,105310.00,6342.682883,N,01058.743545,E,2,12,0.7,12.31,M,40.00,M,10.0,0907*4D
2021:01:22:11:53:12.044000,1611312792.044,$GPGGA,105311.00,6342.682878,N,01058.743495,E,2,12,0.7,12.28,M,40.00,M,11.0,0907*4D
2021:01:22:11:53:13.044000,1611312793.044,$GPGGA,105312.00,6342.682891,N,01058.743467,E,2,12,0.7,12.26,M,40.00,M,7.0,0907*7D
2021:01:22:11:53:14.044000,1611312794.044,$GPGGA,105313.00,6342.682880,N,01058.743486,E,2,12,0.7,12.29,M,40.00,M,8.0,0907*73
2021:01:22:11:53:15.044000,1611312795.044,$GPGGA,105314.00,6342.682890,N,01058.743513,E,2,12,0.7,12.30,M,40.00,M,9.0,0907*71
2021:01:22:11:53:16.045000,1611312796.045,$GPGGA,105315.00,6342.682901,N,01058.743507,E,2,12,0.7,12.27,M,40.00,M,10.0,0907*42
2021:01:22:11:53:17.045000,1611312797.045,$GPGGA,105316.00,6342.682893,N,01058.743480,E,2,12,0.7,12.30,M,40.00,M,11.0,0907*42
2021:01:22:11:53:19.045000,1611312799.045,$GPGGA,105318.00,6342.682923,N,01058.743489,E,2,12,0.7,12.31,M,40.00,M,13.0,0907*4C
2021:01:22:11:53:20.045000,1611312800.045,$GPGGA,105319.00,6342.682918,N,01058.743461,E,2,12,0.7,12.30,M,40.00,M,8.0,0907*78
2021:01:22:11:53:21.045000,1611312801.045,$GPGGA,105320.00,6342.682913,N,01058.743479,E,2,12,0.7,12.31,M,40.00,M,9.0,0907*70
2021:01:22:11:53:23.045000,1611312803.045,$GPGGA,105322.00,6342.682943,N,01058.743503,E,2,12,0.7,12.28,M,40.00,M,6.0,0907*7C
2021:01:22:11:53:24.045000,1611312804.045,$GPGGA,105323.00,6342.682916,N,01058.743424,E,2,12,0.7,12.27,M,40.00,M,7.0,0907*77
2021:01:22:11:53:25.045000,1611312805.045,$GPGGA,105324.00,6342.682922,N,01058.743487,E,2,12,0.7,12.29,M,40.00,M,8.0,0907*7F
2021:01:22:11:53:27.045000,1611312807.045,$GPGGA,105326.00,6342.682933,N,01058.743505,E,2,12,0.7,12.28,M,40.00,M,10.0,0907*4E
2021:01:22:11:53:28.049000,1611312808.049,$GPGGA,105327.00,6342.682920,N,01058.743507,E,2,12,0.7,12.30,M,40.00,M,11.0,0907*47
2021:01:22:11:53:29.045000,1611312809.045,$GPGGA,105328.00,6342.682931,N,01058.743532,E,2,12,0.7,12.30,M,40.00,M,12.0,0907*4D
2021:01:22:11:53:30.045000,1611312810.045,$GPGGA,105329.00,6342.682923,N,01058.743481,E,2,12,0.7,12.28,M,40.00,M,13.0,0907*4E
2021:01:22:11:53:31.046000,1611312811.046,$GPGGA,105330.00,6342.682903,N,01058.743485,E,2,12,0.7,12.27,M,40.00,M,8.0,0907*75
2021:01:22:11:53:32.046000,1611312812.046,$GPGGA,105331.00,6342.682914,N,01058.743566,E,2,12,0.7,12.29,M,40.00,M,9.0,0907*71
2021:01:22:11:53:33.046000,1611312813.046,$GPGGA,105332.00,6342.682924,N,01058.743534,E,2,12,0.7,12.24,M,40.00,M,5.0,0907*77
2021:01:22:11:53:34.045000,1611312814.045,$GPGGA,105333.00,6342.682895,N,01058.743491,E,2,12,0.7,12.24,M,40.00,M,6.0,0907*70
2021:01:22:11:53:35.045000,1611312815.045,$GPGGA,105334.00,6342.682882,N,01058.743551,E,2,12,0.7,12.27,M,40.00,M,7.0,0907*7E
2021:01:22:11:53:36.045000,1611312816.045,$GPGGA,105335.00,6342.682906,N,01058.743564,E,2,12,0.7,12.24,M,40.00,M,8.0,0907*78
2021:01:22:11:53:37.045000,1611312817.045,$GPGGA,105336.00,6342.682890,N,01058.743492,E,2,12,0.7,12.22,M,40.00,M,9.0,0907*7A
2021:01:22:11:53:39.045000,1611312819.045,$GPGGA,105338.00,6342.682899,N,01058.743618,E,2,12,0.7,12.26,M,40.00,M,11.0,0907*40
2021:01:22:11:53:40.045000,1611312820.045,$GPGGA,105339.00,6342.682893,N,01058.743543,E,2,12,0.7,12.20,M,40.00,M,12.0,0907*43
2021:01:22:11:53:41.045000,1611312821.045,$GPGGA,105340.00,6342.682848,N,01058.743496,E,2,12,0.7,12.22,M,40.00,M,7.0,0907*74
2021:01:22:11:53:43.045000,1611312823.045,$GPGGA,105342.00,6342.682887,N,01058.743595,E,2,12,0.7,12.24,M,40.00,M,9.0,0907*7F
2021:01:22:11:53:44.045000,1611312824.045,$GPGGA,105343.00,6342.682866,N,01058.743551,E,2,12,0.7,12.25,M,40.00,M,5.0,0907*74
2021:01:22:11:53:45.046000,1611312825.046,$GPGGA,105344.00,6342.682839,N,01058.743475,E,2,12,0.7,12.25,M,40.00,M,6.0,0907*7D
2021:01:22:11:53:47.046000,1611312827.046,$GPGGA,105346.00,6342.682854,N,01058.743426,E,2,12,0.7,12.24,M,40.00,M,8.0,0907*7D
2021:01:22:11:53:48.046000,1611312828.046,$GPGGA,105347.00,6342.682848,N,01058.743456,E,2,12,0.7,12.24,M,40.00,M,9.0,0907*77
2021:01:22:11:53:49.046000,1611312829.046,$GPGGA,105348.00,6342.682850,N,01058.743475,E,2,12,0.7,12.24,M,40.00,M,10.0,0907*48
2021:01:22:11:53:51.046000,1611312831.046,$GPGGA,105350.00,6342.682841,N,01058.743329,E,2,12,0.7,12.24,M,40.00,M,12.0,0907*4D
2021:01:22:11:53:52.046000,1611312832.046,$GPGGA,105351.00,6342.682858,N,01058.743392,E,2,12,0.7,12.25,M,40.00,M,13.0,0907*44
2021:01:22:11:53:53.046000,1611312833.046,$GPGGA,105352.00,6342.682871,N,01058.743396,E,2,12,0.7,12.23,M,40.00,M,14.0,0907*49
2021:01:22:11:53:54.046000,1611312834.046,$GPGGA,105353.00,6342.682874,N,01058.743308,E,2,12,0.7,12.23,M,40.00,M,5.0,0907*7A
2021:01:22:11:53:55.046000,1611312835.046,$GPGGA,105354.00,6342.682869,N,01058.743298,E,2,12,0.7,12.26,M,40.00,M,6.0,0907*7F
2021:01:22:11:53:56.046000,1611312836.046,$GPGGA,105355.00,6342.682906,N,01058.743392,E,2,12,0.7,12.28,M,40.00,M,7.0,0907*72
2021:01:22:11:53:57.046000,1611312837.046,$GPGGA,105356.00,6342.682929,N,01058.743365,E,2,12,0.7,12.23,M,40.00,M,8.0,0907*70
2021:01:22:11:53:58.046000,1611312838.046,$GPGGA,105357.00,6342.682907,N,01058.743377,E,2,12,0.7,12.24,M,40.00,M,9.0,0907*78
2021:01:22:11:53:59.046000,1611312839.046,$GPGGA,105358.00,6342.682910,N,01058.743450,E,2,12,0.7,12.26,M,40.00,M,10.0,0907*49
2021:01:22:11:54:00.047000,1611312840.047,$GPGGA,105359.00,6342.682933,N,01058.743454,E,2,12,0.7,12.26,M,40.00,M,6.0,0907*7A
2021:01:22:11:54:01.047000,1611312841.047,$GPGGA,105400.00,6342.682917,N,01058.743438,E,2,12,0.7,12.25,M,40.00,M,7.0,0907*7F
2021:01:22:11:54:02.047000,1611312842.047,$GPGGA,105401.00,6342.682903,N,01058.743455,E,2,12,0.7,12.24,M,40.00,M,8.0,0907*7E
2021:01:22:11:54:03.047000,1611312843.047,$GPGGA,105402.00,6342.682896,N,01058.743512,E,2,12,0.7,12.24,M,40.00,M,9.0,0907*73
2021:01:22:11:54:04.046000,1611312844.046,$GPGGA,105403.00,6342.682881,N,01058.743531,E,2,12,0.7,12.25,M,40.00,M,5.0,0907*78
2021:01:22:11:54:05.046000,1611312845.046,$GPGGA,105404.00,6342.682881,N,01058.743587,E,2,12,0.7,12.25,M,40.00,M,6.0,0907*71
2021:01:22:11:54:06.046000,1611312846.046,$GPGGA,105405.00,6342.682871,N,01058.743643,E,2,12,0.7,12.24,M,40.00,M,7.0,0907*74
2021:01:22:11:54:07.046000,1611312847.046,$GPGGA,105406.00,6342.682846,N,01058.743644,E,2,12,0.7,12.24,M,40.00,M,8.0,0907*7B
2021:01:22:11:54:08.046000,1611312848.046,$GPGGA,105407.00,6342.682818,N,01058.743631,E,2,12,0.7,12.24,M,40.00,M,9.0,0907*72
2021:01:22:11:54:09.046000,1611312849.046,$GPGGA,105408.00,6342.682808,N,01058.743634,E,2,12,0.7,12.24,M,40.00,M,10.0,0907*41
2021:01:22:11:54:10.046000,1611312850.046,$GPGGA,105409.00,6342.682800,N,01058.743694,E,2,12,0.7,12.26,M,40.00,M,6.0,0907*77
2021:01:22:11:54:11.046000,1611312851.046,$GPGGA,105410.00,6342.682781,N,01058.743716,E,2,12,0.7,12.25,M,40.00,M,7.0,0907*70
2021:01:22:11:54:12.046000,1611312852.046,$GPGGA,105411.00,6342.682770,N,01058.743673,E,2,12,0.7,12.22,M,40.00,M,8.0,0907*75
2021:01:22:11:54:13.046000,1611312853.046,$GPGGA,105412.00,6342.682753,N,01058.743705,E,2,12,0.7,12.23,M,40.00,M,9.0,0907*77
2021:01:22:11:54:14.046000,1611312854.046,$GPGGA,105413.00,6342.682745,N,01058.743798,E,2,12,0.7,12.28,M,40.00,M,5.0,0907*72
2021:01:22:11:54:15.047000,1611312855.047,$GPGGA,105414.00,6342.682755,N,01058.743772,E,2,12,0.7,12.25,M,40.00,M,6.0,0907*7E
2021:01:22:11:54:16.047000,1611312856.047,$GPGGA,105415.00,6342.682750,N,01058.743749,E,2,12,0.7,12.23,M,40.00,M,7.0,0907*75
2021:01:22:11:54:17.047000,1611312857.047,$GPGGA,105416.00,6342.682727,N,01058.743759,E,2,12,0.7,12.26,M,40.00,M,8.0,0907*7D
2021:01:22:11:54:18.047000,1611312858.047,$GPGGA,105417.00,6342.682720,N,01058.743697,E,2,12,0.7,12.26,M,40.00,M,9.0,0907*79
2021:01:22:11:54:19.047000,1611312859.047,$GPGGA,105418.00,6342.682733,N,01058.743690,E,2,12,0.7,12.24,M,40.00,M,10.0,0907*49
2021:01:22:11:54:21.047000,1611312861.047,$GPGGA,105420.00,6342.682721,N,01058.743747,E,2,12,0.7,12.26,M,40.00,M,12.0,0907*4A
2021:01:22:11:54:22.047000,1611312862.047,$GPGGA,105421.00,6342.682722,N,01058.743733,E,2,12,0.7,12.26,M,40.00,M,13.0,0907*4A
2021:01:22:11:54:23.047000,1611312863.047,$GPGGA,105422.00,6342.682715,N,01058.743681,E,2,12,0.7,12.25,M,40.00,M,14.0,0907*41
2021:01:22:11:54:24.047000,1611312864.047,$GPGGA,105423.00,6342.682696,N,01058.743627,E,2,12,0.7,12.23,M,40.00,M,9.0,0907*7C
2021:01:22:11:54:25.047000,1611312865.047,$GPGGA,105424.00,6342.682672,N,01058.743578,E,2,12,0.7,12.25,M,40.00,M,10.0,0907*46
2021:01:22:11:54:26.047000,1611312866.047,$GPGGA,105425.00,6342.682658,N,01058.743579,E,2,12,0.7,12.27,M,40.00,M,11.0,0907*4D
2021:01:22:11:54:27.047000,1611312867.047,$GPGGA,105426.00,6342.682642,N,01058.743539,E,2,12,0.7,12.24,M,40.00,M,7.0,0907*75
2021:01:22:11:54:29.047000,1611312869.047,$GPGGA,105428.00,6342.682573,N,01058.743442,E,2,12,0.7,12.24,M,40.00,M,9.0,0907*79
2021:01:22:11:54:30.048000,1611312870.048,$GPGGA,105429.00,6342.682560,N,01058.743430,E,2,12,0.7,12.23,M,40.00,M,10.0,0907*40
2021:01:22:11:54:31.048000,1611312871.048,$GPGGA,105430.00,6342.682558,N,01058.743393,E,2,12,0.7,12.21,M,40.00,M,6.0,0907*78
2021:01:22:11:54:33.047000,1611312873.047,$GPGGA,105432.00,6342.682465,N,01058.743332,E,2,12,0.7,12.24,M,40.00,M,8.0,0907*75
2021:01:22:11:54:34.047000,1611312874.047,$GPGGA,105433.00,6342.682482,N,01058.743327,E,2,12,0.7,12.24,M,40.00,M,9.0,0907*78
2021:01:22:11:54:35.047000,1611312875.047,$GPGGA,105434.00,6342.682448,N,01058.743309,E,2,12,0.7,12.22,M,40.00,M,10.0,0907*4B
2021:01:22:11:54:37.047000,1611312877.047,$GPGGA,105436.00,6342.682414,N,01058.743298,E,2,12,0.7,12.24,M,40.00,M,7.0,0907*79
2021:01:22:11:54:38.048000,1611312878.048,$GPGGA,105437.00,6342.682402,N,01058.743287,E,2,12,0.7,12.23,M,40.00,M,8.0,0907*79
2021:01:22:11:54:39.047000,1611312879.047,$GPGGA,105438.00,6342.682369,N,01058.743271,E,2,12,0.7,12.24,M,40.00,M,9.0,0907*73
2021:01:22:11:54:41.047000,1611312881.047,$GPGGA,105440.00,6342.682348,N,01058.743217,E,2,12,0.7,12.24,M,40.00,M,6.0,0907*70
2021:01:22:11:54:42.048000,1611312882.048,$GPGGA,105441.00,6342.682344,N,01058.743215,E,2,12,0.7,12.25,M,40.00,M,7.0,0907*7F
2021:01:22:11:54:43.047000,1611312883.047,$GPGGA,105442.00,6342.682320,N,01058.743250,E,2,12,0.7,12.27,M,40.00,M,8.0,0907*72
2021:01:22:11:54:44.047000,1611312884.047,$GPGGA,105443.00,6342.682308,N,01058.743206,E,2,12,0.7,12.26,M,40.00,M,9.0,0907*7A
2021:01:22:11:54:45.048000,1611312885.048,$GPGGA,105444.00,6342.682307,N,01058.743155,E,2,12,0.7,12.24,M,40.00,M,5.0,0907*79
2021:01:22:11:54:46.048000,1611312886.048,$GPGGA,105445.00,6342.682305,N,01058.743182,E,2,12,0.7,12.26,M,40.00,M,6.0,0907*71
2021:01:22:11:54:47.048000,1611312887.048,$GPGGA,105446.00,6342.682300,N,01058.743153,E,2,12,0.7,12.25,M,40.00,M,7.0,0907*79
2021:01:22:11:54:49.048000,1611312889.048,$GPGGA,105448.00,6342.682304,N,01058.743175,E,2,12,0.7,12.28,M,40.00,M,9.0,0907*74
2021:01:22:11:54:50.048000,1611312890.048,$GPGGA,105449.00,6342.682332,N,01058.743127,E,2,12,0.7,12.24,M,40.00,M,10.0,0907*43
2021:01:22:11:54:51.049000,1611312891.049,$GPGGA,105450.00,6342.682294,N,01058.743038,E,2,12,0.7,12.21,M,40.00,M,5.0,0907*78
2021:01:22:11:54:53.048000,1611312893.048,$GPGGA,105452.00,6342.682356,N,01058.743200,E,2,12,0.7,12.29,M,40.00,M,7.0,0907*76
2021:01:22:11:54:54.048000,1611312894.048,$GPGGA,105453.00,6342.682357,N,01058.743107,E,2,12,0.7,12.25,M,40.00,M,8.0,0907*71
2021:01:22:11:54:55.048000,1611312895.048,$GPGGA,105454.00,6342.682340,N,01058.742991,E,2,12,0.7,12.22,M,40.00,M,9.0,0907*70
2021:01:22:11:54:56.048000,1611312896.048,$GPGGA,105455.00,6342.682348,N,01058.742986,E,2,12,0.7,12.26,M,40.00,M,10.0,0907*43
2021:01:22:11:54:57.048000,1611312897.048,$GPGGA,105456.00,6342.682370,N,01058.743055,E,2,12,0.7,12.29,M,40.00,M,6.0,0907*75
2021:01:22:11:54:58.048000,1611312898.048,$GPGGA,105457.00,6342.682406,N,01058.743055,E,2,12,0.7,12.24,M,40.00,M,7.0,0907*7E
2021:01:22:11:54:59.048000,1611312899.048,$GPGGA,105458.00,6342.682407,N,01058.743005,E,2,12,0.7,12.23,M,40.00,M,8.0,0907*7D
2021:01:22:11:55:00.049000,1611312900.049,$GPGGA,105459.00,6342.682386,N,01058.742927,E,2,12,0.7,12.24,M,40.00,M,9.0,0907*7C
2021:01:22:11:55:01.049000,1611312901.049,$GPGGA,105500.00,6342.682433,N,01058.742941,E,2,12,0.7,12.26,M,40.00,M,10.0,0907*42
2021:01:22:11:55:02.049000,1611312902.049,$GPGGA,105501.00,6342.682470,N,01058.742998,E,2,12,0.7,12.27,M,40.00,M,11.0,0907*40
2021:01:22:11:55:03.049000,1611312903.049,$GPGGA,105502.00,6342.682458,N,01058.742921,E,2,12,0.7,12.24,M,40.00,M,12.0,0907*4B
2021:01:22:11:55:04.049000,1611312904.049,$GPGGA,105503.00,6342.682457,N,01058.742826,E,2,12,0.7,12.24,M,40.00,M,7.0,0907*77
2021:01:22:11:55:05.048000,1611312905.048,$GPGGA,105504.00,6342.682474,N,01058.742742,E,2,12,0.7,12.29,M,40.00,M,8.0,0907*7E
2021:01:22:11:55:06.049000,1611312906.049,$GPGGA,105505.00,6342.682478,N,01058.742654,E,2,12,0.7,12.28,M,40.00,M,9.0,0907*75
2021:01:22:11:55:07.049000,1611312907.049,$GPGGA,105506.00,6342.682478,N,01058.742630,E,2,12,0.7,12.27,M,40.00,M,10.0,0907*43
2021:01:22:11:55:08.049000,1611312908.049,$GPGGA,105507.00,6342.682501,N,01058.742680,E,2,12,0.7,12.26,M,40.00,M,6.0,0907*70
2021:01:22:11:55:09.048000,1611312909.048,$GPGGA,105508.00,6342.682524,N,01058.742704,E,2,12,0.7,12.27,M,40.00,M,7.0,0907*75
2021:01:22:11:55:10.049000,1611312910.049,$GPGGA,105509.00,6342.682506,N,01058.742683,E,2,12,0.7,12.27,M,40.00,M,8.0,0907*75
2021:01:22:11:55:11.049000,1611312911.049,$GPGGA,105510.00,6342.682527,N,01058.742738,E,2,12,0.7,12.28,M,40.00,M,9.0,0907*71
2021:01:22:11:55:12.048000,1611312912.048,$GPGGA,105511.00,6342.682554,N,01058.742753,E,2,12,0.7,12.27,M,40.00,M,10.0,0907*4E
2021:01:22:11:55:13.048000,1611312913.048,$GPGGA,105512.00,6342.682542,N,01058.742676,E,2,12,0.7,12.26,M,40.00,M,11.0,0907*4C
2021:01:22:11:55:14.049000,1611312914.049,$GPGGA,105513.00,6342.682532,N,01058.742642,E,2,12,0.7,12.25,M,40.00,M,7.0,0907*79
2021:01:22:11:55:15.050000,1611312915.05,$GPGGA,105514.00,6342.682542,N,01058.742693,E,2,12,0.7,12.28,M,40.00,M,8.0,0907*77
2021:01:22:11:55:16.049000,1611312916.049,$GPGGA,105515.00,6342.682556,N,01058.742717,E,2,12,0.7,12.26,M,40.00,M,9.0,0907*71
2021:01:22:11:55:17.050000,1611312917.05,$GPGGA,105516.00,6342.682570,N,01058.742684,E,2,12,0.7,12.22,M,40.00,M,10.0,0907*41
2021:01:22:11:55:18.049000,1611312918.049,$GPGGA,105517.00,6342.682544,N,01058.742675,E,2,12,0.7,12.24,M,40.00,M,11.0,0907*4E
2021:01:22:11:55:19.049000,1611312919.049,$GPGGA,105518.00,6342.682541,N,01058.742773,E,2,12,0.7,12.30,M,40.00,M,12.0,0907*45
2021:01:22:11:55:20.049000,1611312920.049,$GPGGA,105519.00,6342.682582,N,01058.742737,E,2,12,0.7,12.22,M,40.00,M,7.0,0907*7C
2021:01:22:11:55:21.049000,1611312921.049,$GPGGA,105520.00,6342.682564,N,01058.742638,E,2,12,0.7,12.18,M,40.00,M,8.0,0907*76
2021:01:22:11:55:23.049000,1611312923.049,$GPGGA,105522.00,6342.682554,N,01058.742778,E,2,12,0.7,12.27,M,40.00,M,10.0,0907*47
2021:01:22:11:55:24.049000,1611312924.049,$GPGGA,105523.00,6342.682590,N,01058.742768,E,2,12,0.7,12.20,M,40.00,M,6.0,0907*7F
2021:01:22:11:55:25.049000,1611312925.049,$GPGGA,105524.00,6342.682563,N,01058.742809,E,2,12,0.7,12.23,M,40.00,M,7.0,0907*7E
2021:01:22:11:55:27.049000,1611312927.049,$GPGGA,105526.00,6342.682577,N,01058.742870,E,2,12,0.7,12.26,M,40.00,M,9.0,0907*7C
2021:01:22:11:55:28.049000,1611312928.049,$GPGGA,105527.00,6342.682590,N,01058.742922,E,2,12,0.7,12.24,M,40.00,M,5.0,0907*7C
2021:01:22:11:55:29.050000,1611312929.05,$GPGGA,105528.00,6342.682567,N,01058.742904,E,2,12,0.7,12.23,M,40.00,M,6.0,0907*7B
2021:01:22:11:55:31.050000,1611312931.05,$GPGGA,105530.00,6342.682585,N,01058.743004,E,2,12,0.7,12.26,M,40.00,M,8.0,0907*7D
2021:01:22:11:55:32.050000,1611312932.05,$GPGGA,105531.00,6342.682586,N,01058.743070,E,2,12,0.7,12.24,M,40.00,M,9.0,0907*7F
2021:01:22:11:55:33.050000,1611312933.05,$GPGGA,105532.00,6342.682583,N,01058.743118,E,2,12,0.7,12.23,M,40.00,M,10.0,0907*49
2021:01:22:11:55:34.049000,1611312934.049,$GPGGA,105533.00,6342.682596,N,01058.743164,E,2,12,0.7,12.24,M,40.00,M,6.0,0907*77
2021:01:22:11:55:35.049000,1611312935.049,$GPGGA,105534.00,6342.682584,N,01058.743144,E,2,12,0.7,12.23,M,40.00,M,7.0,0907*77
2021:01:22:11:55:36.049000,1611312936.049,$GPGGA,105535.00,6342.682586,N,01058.743238,E,2,12,0.7,12.26,M,40.00,M,8.0,0907*76
2021:01:22:11:55:37.049000,1611312937.049,$GPGGA,105536.00,6342.682605,N,01058.743308,E,2,12,0.7,12.27,M,40.00,M,9.0,0907*7F
2021:01:22:11:55:39.049000,1611312939.049,$GPGGA,105538.00,6342.682621,N,01058.743403,E,2,12,0.7,12.26,M,40.00,M,11.0,0907*43
2021:01:22:11:55:40.049000,1611312940.049,$GPGGA,105539.00,6342.682601,N,01058.743422,E,2,12,0.7,12.29,M,40.00,M,12.0,0907*4F
2021:01:22:11:55:41.049000,1611312941.049,$GPGGA,105540.00,6342.682670,N,01058.743512,E,2,12,0.7,12.25,M,40.00,M,7.0,0907*7D
2021:01:22:11:55:43.049000,1611312943.049,$GPGGA,105542.00,6342.682639,N,01058.743636,E,2,12,0.7,12.29,M,40.00,M,9.0,0907*75
2021:01:22:11:55:44.050000,1611312944.05,$GPGGA,105543.00,6342.682683,N,01058.743725,E,2,12,0.7,12.28,M,40.00,M,10.0,0907*4F
2021:01:22:11:55:45.050000,1611312945.05,$GPGGA,105544.00,6342.682730,N,01058.743798,E,2,12,0.7,12.27,M,40.00,M,6.0,0907*7F
2021:01:22:11:55:47.050000,1611312947.05,$GPGGA,105546.00,6342.682694,N,01058.743912,E,2,12,0.7,12.30,M,40.00,M,8.0,0907*76
2021:01:22:11:55:48.050000,1611312948.05,$GPGGA,105547.00,6342.682723,N,01058.744043,E,2,12,0.7,12.28,M,40.00,M,9.0,0907*78
2021:01:22:11:55:49.050000,1611312949.05,$GPGGA,105548.00,6342.682746,N,01058.744072,E,2,12,0.7,12.26,M,40.00,M,10.0,0907*40
2021:01:22:11:55:51.050000,1611312951.05,$GPGGA,105550.00,6342.682731,N,01058.744213,E,2,12,0.7,12.29,M,40.00,M,7.0,0907*75
2021:01:22:11:55:52.050000,1611312952.05,$GPGGA,105551.00,6342.682739,N,01058.744193,E,2,12,0.7,12.24,M,40.00,M,8.0,0907*75
2021:01:22:11:55:53.050000,1611312953.05,$GPGGA,105552.00,6342.682747,N,01058.744252,E,2,12,0.7,12.25,M,40.00,M,9.0,0907*71
2021:01:22:11:55:54.050000,1611312954.05,$GPGGA,105553.00,6342.682749,N,01058.744350,E,2,12,0.7,12.29,M,40.00,M,10.0,0907*49
2021:01:22:11:55:55.050000,1611312955.05,$GPGGA,105554.00,6342.682767,N,01058.744357,E,2,12,0.7,12.24,M,40.00,M,5.0,0907*7C
2021:01:22:11:55:56.050000,1611312956.05,$GPGGA,105555.00,6342.682771,N,01058.744365,E,2,12,0.7,12.21,M,40.00,M,6.0,0907*7D
2021:01:22:11:55:57.050000,1611312957.05,$GPGGA,105556.00,6342.682764,N,01058.744394,E,2,12,0.7,12.25,M,40.00,M,7.0,0907*71
2021:01:22:11:55:58.050000,1611312958.05,$GPGGA,105557.00,6342.682788,N,01058.744462,E,2,12,0.7,12.26,M,40.00,M,8.0,0907*70
2021:01:22:11:55:59.051000,1611312959.051,$GPGGA,105558.00,6342.682802,N,01058.744473,E,2,12,0.7,12.25,M,40.00,M,9.0,0907*70
2021:01:22:11:56:00.051000,1611312960.051,$GPGGA,105559.00,6342.682807,N,01058.744435,E,2,12,0.7,12.25,M,40.00,M,10.0,0907*4E
2021:01:22:11:56:01.051000,1611312961.051,$GPGGA,105600.00,6342.682811,N,01058.744455,E,2,12,0.7,12.25,M,40.00,M,6.0,0907*77
2021:01:22:11:56:02.050000,1611312962.05,$GPGGA,105601.00,6342.682824,N,01058.744465,E,2,12,0.7,12.25,M,40.00,M,7.0,0907*72
2021:01:22:11:56:03.051000,1611312963.051,$GPGGA,105602.00,6342.682837,N,01058.744487,E,2,12,0.7,12.25,M,40.00,M,8.0,0907*70
2021:01:22:11:56:04.050000,1611312964.05,$GPGGA,105603.00,6342.682857,N,01058.744559,E,2,12,0.7,12.26,M,40.00,M,9.0,0907*77
2021:01:22:11:56:05.050000,1611312965.05,$GPGGA,105604.00,6342.682874,N,01058.744591,E,2,12,0.7,12.25,M,40.00,M,5.0,0907*7A
2021:01:22:11:56:06.050000,1611312966.05,$GPGGA,105605.00,6342.682868,N,01058.744509,E,2,12,0.7,12.23,M,40.00,M,6.0,0907*72
2021:01:22:11:56:07.050000,1611312967.05,$GPGGA,105606.00,6342.682881,N,01058.744516,E,2,12,0.7,12.24,M,40.00,M,7.0,0907*7E
2021:01:22:11:56:08.050000,1611312968.05,$GPGGA,105607.00,6342.682901,N,01058.744590,E,2,12,0.7,12.26,M,40.00,M,8.0,0907*75
2021:01:22:11:56:09.050000,1611312969.05,$GPGGA,105608.00,6342.682899,N,01058.744540,E,2,12,0.7,12.23,M,40.00,M,9.0,0907*73
2021:01:22:11:56:10.050000,1611312970.05,$GPGGA,105609.00,6342.682912,N,01058.744529,E,2,12,0.7,12.22,M,40.00,M,10.0,0907*46
2021:01:22:11:56:11.050000,1611312971.05,$GPGGA,105610.00,6342.682917,N,01058.744547,E,2,12,0.7,12.25,M,40.00,M,6.0,0907*73
2021:01:22:11:56:12.050000,1611312972.05,$GPGGA,105611.00,6342.682916,N,01058.744542,E,2,12,0.7,12.25,M,40.00,M,7.0,0907*77
2021:01:22:11:56:13.050000,1611312973.05,$GPGGA,105612.00,6342.682937,N,01058.744535,E,2,12,0.7,12.22,M,40.00,M,8.0,0907*7F
2021:01:22:11:56:14.051000,1611312974.051,$GPGGA,105613.00,6342.682932,N,01058.744476,E,2,12,0.7,12.23,M,40.00,M,9.0,0907*7D
2021:01:22:11:56:15.051000,1611312975.051,$GPGGA,105614.00,6342.682908,N,01058.744436,E,2,12,0.7,12.25,M,40.00,M,10.0,0907*49
2021:01:22:11:56:16.051000,1611312976.051,$GPGGA,105615.00,6342.682939,N,01058.744438,E,2,12,0.7,12.25,M,40.00,M,11.0,0907*45
2021:01:22:11:56:17.051000,1611312977.051,$GPGGA,105616.00,6342.682956,N,01058.744389,E,2,12,0.7,12.21,M,40.00,M,12.0,0907*45
2021:01:22:11:56:18.051000,1611312978.051,$GPGGA,105617.00,6342.682913,N,01058.744332,E,2,12,0.7,12.22,M,40.00,M,13.0,0907*47
2021:01:22:11:56:19.051000,1611312979.051,$GPGGA,105618.00,6342.682921,N,01058.744357,E,2,12,0.7,12.27,M,40.00,M,8.0,0907*75
2021:01:22:11:56:20.051000,1611312980.051,$GPGGA,105619.00,6342.682967,N,01058.744342,E,2,12,0.7,12.27,M,40.00,M,9.0,0907*73
2021:01:22:11:56:21.051000,1611312981.051,$GPGGA,105620.00,6342.682949,N,01058.744257,E,2,12,0.7,12.24,M,40.00,M,10.0,0907*4B
2021:01:22:11:56:22.051000,1611312982.051,$GPGGA,105621.00,6342.682902,N,01058.744221,E,2,12,0.7,12.28,M,40.00,M,11.0,0907*49
2021:01:22:11:56:23.051000,1611312983.051,$GPGGA,105622.00,6342.682944,N,01058.744177,E,2,12,0.7,12.28,M,40.00,M,12.0,0907*4B
2021:01:22:11:56:24.051000,1611312984.051,$GPGGA,105623.00,6342.682958,N,01058.744139,E,2,12,0.7,12.27,M,40.00,M,13.0,0907*43
2021:01:22:11:56:25.051000,1611312985.051,$GPGGA,105624.00,6342.682927,N,01058.744155,E,2,12,0.7,12.30,M,40.00,M,8.0,0907*7A
2021:01:22:11:56:26.051000,1611312986.051,$GPGGA,105625.00,6342.682946,N,01058.744115,E,2,12,0.7,12.28,M,40.00,M,9.0,0907*70
2021:01:22:11:56:27.051000,1611312987.051,$GPGGA,105626.00,6342.682975,N,01058.744114,E,2,12,0.7,12.28,M,40.00,M,10.0,0907*4A
2021:01:22:11:56:29.052000,1611312989.052,$GPGGA,105628.00,6342.682975,N,01058.744114,E,2,12,0.7,12.28,M,40.00,M,7.0,0907*72
2021:01:22:11:56:30.052000,1611312990.052,$GPGGA,105629.00,6342.683000,N,01058.744098,E,2,12,0.7,12.24,M,40.00,M,8.0,0907*7F
2021:01:22:11:56:31.052000,1611312991.052,$GPGGA,105630.00,6342.683016,N,01058.744118,E,2,12,0.7,12.24,M,40.00,M,9.0,0907*78
2021:01:22:11:56:33.051000,1611312993.051,$GPGGA,105632.00,6342.683010,N,01058.744160,E,2,12,0.7,12.25,M,40.00,M,6.0,0907*7D
2021:01:22:11:56:34.051000,1611312994.051,$GPGGA,105633.00,6342.683050,N,01058.744224,E,2,12,0.7,12.24,M,40.00,M,7.0,0907*7B
2021:01:22:11:56:35.051000,1611312995.051,$GPGGA,105634.00,6342.683031,N,01058.744243,E,2,12,0.7,12.24,M,40.00,M,8.0,0907*75
2021:01:22:11:56:36.051000,1611312996.051,$GPGGA,105635.00,6342.682993,N,01058.744360,E,2,12,0.7,12.27,M,40.00,M,9.0,0907*76
2021:01:22:11:56:37.051000,1611312997.051,$GPGGA,105636.00,6342.683015,N,01058.744450,E,2,12,0.7,12.24,M,40.00,M,10.0,0907*4C
2021:01:22:11:56:38.051000,1611312998.051,$GPGGA,105637.00,6342.683031,N,01058.744494,E,2,12,0.7,12.21,M,40.00,M,11.0,0907*47
2021:01:22:11:56:39.051000,1611312999.051,$GPGGA,105638.00,6342.682983,N,01058.744589,E,2,12,0.7,12.22,M,40.00,M,12.0,0907*44
2021:01:22:11:56:41.051000,1611313001.051,$GPGGA,105640.00,6342.682927,N,01058.744753,E,2,12,0.7,12.24,M,40.00,M,14.0,0907*40
2021:01:22:11:56:42.051000,1611313002.051,$GPGGA,105641.00,6342.682955,N,01058.744900,E,2,12,0.7,12.22,M,40.00,M,9.0,0907*76
2021:01:22:11:56:43.051000,1611313003.051,$GPGGA,105642.00,6342.682934,N,01058.744977,E,2,12,0.7,12.23,M,40.00,M,10.0,0907*4B
2021:01:22:11:56:44.052000,1611313004.052,$GPGGA,105643.00,6342.682843,N,01058.745001,E,2,12,0.7,12.25,M,40.00,M,6.0,0907*73
2021:01:22:11:56:45.052000,1611313005.052,$GPGGA,105644.00,6342.682844,N,01058.745130,E,2,12,0.7,12.24,M,40.00,M,7.0,0907*70
2021:01:22:11:56:46.052000,1611313006.052,$GPGGA,105645.00,6342.682881,N,01058.745260,E,2,12,0.7,12.22,M,40.00,M,8.0,0907*77
2021:01:22:11:56:47.052000,1611313007.052,$GPGGA,105646.00,6342.682820,N,01058.745294,E,2,12,0.7,12.22,M,40.00,M,9.0,0907*75
2021:01:22:11:56:49.052000,1611313009.052,$GPGGA,105648.00,6342.682787,N,01058.745415,E,2,12,0.7,12.27,M,40.00,M,6.0,0907*7C
2021:01:22:11:56:50.052000,1611313010.052,$GPGGA,105649.00,6342.682762,N,01058.745462,E,2,12,0.7,12.26,M,40.00,M,7.0,0907*76
2021:01:22:11:56:51.052000,1611313011.052,$GPGGA,105650.00,6342.682741,N,01058.745512,E,2,12,0.7,12.25,M,40.00,M,8.0,0907*75
2021:01:22:11:56:53.052000,1611313013.052,$GPGGA,105652.00,6342.682707,N,01058.745645,E,2,12,0.7,12.26,M,40.00,M,10.0,0907*4E
2021:01:22:11:56:54.052000,1611313014.052,$GPGGA,105653.00,6342.682685,N,01058.745634,E,2,12,0.7,12.25,M,40.00,M,11.0,0907*40
2021:01:22:11:56:55.052000,1611313015.052,$GPGGA,105654.00,6342.682691,N,01058.745682,E,2,12,0.7,12.27,M,40.00,M,12.0,0907*4E
2021:01:22:11:56:56.052000,1611313016.052,$GPGGA,105655.00,6342.682681,N,01058.745686,E,2,12,0.7,12.26,M,40.00,M,7.0,0907*7F
2021:01:22:11:56:57.052000,1611313017.052,$GPGGA,105656.00,6342.682649,N,01058.745646,E,2,12,0.7,12.25,M,40.00,M,8.0,0907*78
2021:01:22:11:56:58.053000,1611313018.053,$GPGGA,105657.00,6342.682630,N,01058.745676,E,2,12,0.7,12.28,M,40.00,M,9.0,0907*78
2021:01:22:11:56:59.053000,1611313019.053,$GPGGA,105658.00,6342.682634,N,01058.745710,E,2,12,0.7,12.29,M,40.00,M,10.0,0907*4B
2021:01:22:11:57:00.053000,1611313020.053,$GPGGA,105659.00,6342.682642,N,01058.745719,E,2,12,0.7,12.27,M,40.00,M,11.0,0907*4D
2021:01:22:11:57:01.052000,1611313021.052,$GPGGA,105700.00,6342.682627,N,01058.745705,E,2,12,0.7,12.27,M,40.00,M,12.0,0907*4D
2021:01:22:11:57:02.052000,1611313022.052,$GPGGA,105701.00,6342.682613,N,01058.745687,E,2,12,0.7,12.28,M,40.00,M,8.0,0907*74
2021:01:22:11:57:03.052000,1611313023.052,$GPGGA,105702.00,6342.682633,N,01058.745717,E,2,12,0.7,12.29,M,40.00,M,9.0,0907*7D
2021:01:22:11:57:04.053000,1611313024.053,$GPGGA,105703.00,6342.682642,N,01058.745707,E,2,12,0.7,12.28,M,40.00,M,10.0,0907*42
2021:01:22:11:57:05.052000,1611313025.052,$GPGGA,105704.00,6342.682626,N,01058.745617,E,2,12,0.7,12.27,M,40.00,M,11.0,0907*49
2021:01:22:11:57:06.052000,1611313026.052,$GPGGA,105705.00,6342.682631,N,01058.745606,E,2,12,0.7,12.25,M,40.00,M,7.0,0907*7B
2021:01:22:11:57:07.052000,1611313027.052,$GPGGA,105706.00,6342.682652,N,01058.745632,E,2,12,0.7,12.29,M,40.00,M,8.0,0907*79
2021:01:22:11:57:08.052000,1611313028.052,$GPGGA,105707.00,6342.682659,N,01058.745579,E,2,12,0.7,12.28,M,40.00,M,9.0,0907*7F
2021:01:22:11:57:09.052000,1611313029.052,$GPGGA,105708.00,6342.682648,N,01058.745445,E,2,12,0.7,12.25,M,40.00,M,5.0,0907*7F
2021:01:22:11:57:10.052000,1611313030.052,$GPGGA,105709.00,6342.682637,N,01058.745404,E,2,12,0.7,12.29,M,40.00,M,6.0,0907*7C
2021:01:22:11:57:11.052000,1611313031.052,$GPGGA,105710.00,6342.682661,N,01058.745411,E,2,12,0.7,12.31,M,40.00,M,7.0,0907*7B
2021:01:22:11:57:12.052000,1611313032.052,$GPGGA,105711.00,6342.682668,N,01058.745356,E,2,12,0.7,12.27,M,40.00,M,8.0,0907*7F
2021:01:22:11:57:13.053000,1611313033.053,$GPGGA,105712.00,6342.682640,N,01058.745275,E,2,12,0.7,12.26,M,40.00,M,9.0,0907*76
2021:01:22:11:57:14.053000,1611313034.053,$GPGGA,105713.00,6342.682631,N,01058.745209,E,2,12,0.7,12.29,M,40.00,M,10.0,0907*4D
2021:01:22:11:57:15.053000,1611313035.053,$GPGGA,105714.00,6342.682657,N,01058.745181,E,2,12,0.7,12.29,M,40.00,M,6.0,0907*7E
2021:01:22:11:57:16.053000,1611313036.053,$GPGGA,105715.00,6342.682650,N,01058.745111,E,2,12,0.7,12.26,M,40.00,M,7.0,0907*7F
2021:01:22:11:57:17.053000,1611313037.053,$GPGGA,105716.00,6342.682626,N,01058.745049,E,2,12,0.7,12.28,M,40.00,M,8.0,0907*70
2021:01:22:11:57:18.053000,1611313038.053,$GPGGA,105717.00,6342.682648,N,01058.745045,E,2,12,0.7,12.30,M,40.00,M,9.0,0907*7D
2021:01:22:11:57:19.053000,1611313039.053,$GPGGA,105718.00,6342.682667,N,01058.744993,E,2,12,0.7,12.27,M,40.00,M,10.0,0907*42
2021:01:22:11:57:20.053000,1611313040.053,$GPGGA,105719.00,6342.682648,N,01058.744890,E,2,12,0.7,12.26,M,40.00,M,11.0,0907*4C
2021:01:22:11:57:21.053000,1611313041.053,$GPGGA,105720.00,6342.682657,N,01058.744847,E,2,12,0.7,12.28,M,40.00,M,6.0,0907*7A
2021:01:22:11:57:22.053000,1611313042.053,$GPGGA,105721.00,6342.682679,N,01058.744796,E,2,12,0.7,12.28,M,40.00,M,7.0,0907*75
2021:01:22:11:57:23.053000,1611313043.053,$GPGGA,105722.00,6342.682669,N,01058.744724,E,2,12,0.7,12.30,M,40.00,M,8.0,0907*78
2021:01:22:11:57:24.053000,1611313044.053,$GPGGA,105723.00,6342.682670,N,01058.744682,E,2,12,0.7,12.29,M,40.00,M,9.0,0907*75
2021:01:22:11:57:25.053000,1611313045.053,$GPGGA,105724.00,6342.682669,N,01058.744577,E,2,12,0.7,12.27,M,40.00,M,5.0,0907*71
2021:01:22:11:57:26.053000,1611313046.053,$GPGGA,105725.00,6342.682662,N,01058.744493,E,2,12,0.7,12.26,M,40.00,M,6.0,0907*72
2021:01:22:11:57:27.054000,1611313047.054,$GPGGA,105726.00,6342.682670,N,01058.744518,E,2,12,0.7,12.28,M,40.00,M,7.0,0907*7F
2021:01:22:11:57:28.054000,1611313048.054,$GPGGA,105727.00,6342.682665,N,01058.744494,E,2,12,0.7,12.28,M,40.00,M,8.0,0907*70
2021:01:22:11:57:29.054000,1611313049.054,$GPGGA,105728.00,6342.682660,N,01058.744413,E,2,12,0.7,12.27,M,40.00,M,9.0,0907*7B
2021:01:22:11:57:31.054000,1611313051.054,$GPGGA,105730.00,6342.682640,N,01058.744332,E,2,12,0.7,12.29,M,40.00,M,11.0,0907*43
2021:01:22:11:57:32.054000,1611313052.054,$GPGGA,105731.00,6342.682634,N,01058.744251,E,2,12,0.7,12.27,M,40.00,M,12.0,0907*48
2021:01:22:11:57:33.053000,1611313053.053,$GPGGA,105732.00,6342.682633,N,01058.744273,E,2,12,0.7,12.30,M,40.00,M,8.0,0907*71
2021:01:22:11:57:34.053000,1611313054.053,$GPGGA,105733.00,6342.682626,N,01058.744278,E,2,12,0.7,12.30,M,40.00,M,9.0,0907*7E
2021:01:22:11:57:35.053000,1611313055.053,$GPGGA,105734.00,6342.682604,N,01058.744193,E,2,12,0.7,12.27,M,40.00,M,10.0,0907*41
2021:01:22:11:57:36.053000,1611313056.053,$GPGGA,105735.00,6342.682594,N,01058.744200,E,2,12,0.7,12.31,M,40.00,M,11.0,0907*45
2021:01:22:11:57:37.053000,1611313057.053,$GPGGA,105736.00,6342.682597,N,01058.744208,E,2,12,0.7,12.29,M,40.00,M,12.0,0907*47
2021:01:22:11:57:39.053000,1611313059.053,$GPGGA,105738.00,6342.682575,N,01058.744224,E,2,12,0.7,12.27,M,40.00,M,8.0,0907*7E
2021:01:22:11:57:40.053000,1611313060.053,$GPGGA,105739.00,6342.682577,N,01058.744238,E,2,12,0.7,12.28,M,40.00,M,9.0,0907*7E
2021:01:22:11:57:41.053000,1611313061.053,$GPGGA,105740.00,6342.682550,N,01058.744145,E,2,12,0.7,12.25,M,40.00,M,10.0,0907*49
2021:01:22:11:57:43.054000,1611313063.054,$GPGGA,105742.00,6342.682579,N,01058.744297,E,2,12,0.7,12.29,M,40.00,M,7.0,0907*76
2021:01:22:11:57:44.054000,1611313064.054,$GPGGA,105743.00,6342.682574,N,01058.744284,E,2,12,0.7,12.26,M,40.00,M,8.0,0907*78
2021:01:22:11:57:45.054000,1611313065.054,$GPGGA,105744.00,6342.682564,N,01058.744226,E,2,12,0.7,12.27,M,40.00,M,9.0,0907*76
2021:01:22:11:57:46.054000,1611313066.054,$GPGGA,105745.00,6342.682568,N,01058.744253,E,2,12,0.7,12.31,M,40.00,M,10.0,0907*46
2021:01:22:11:57:47.054000,1611313067.054,$GPGGA,105746.00,6342.682577,N,01058.744304,E,2,12,0.7,12.29,M,40.00,M,11.0,0907*40
2021:01:22:11:57:48.054000,1611313068.054,$GPGGA,105747.00,6342.682588,N,01058.744269,E,2,12,0.7,12.26,M,40.00,M,12.0,0907*47
2021:01:22:11:57:49.054000,1611313069.054,$GPGGA,105748.00,6342.682571,N,01058.744244,E,2,12,0.7,12.27,M,40.00,M,7.0,0907*74
2021:01:22:11:57:51.054000,1611313071.054,$GPGGA,105750.00,6342.682613,N,01058.744295,E,2,12,0.7,12.29,M,40.00,M,9.0,0907*76
2021:01:22:11:57:52.054000,1611313072.054,$GPGGA,105751.00,6342.682606,N,01058.744274,E,2,12,0.7,12.25,M,40.00,M,5.0,0907*7C
2021:01:22:11:57:53.054000,1611313073.054,$GPGGA,105752.00,6342.682580,N,01058.744328,E,2,12,0.7,12.28,M,40.00,M,6.0,0907*74
2021:01:22:11:57:54.054000,1611313074.054,$GPGGA,105753.00,6342.682616,N,01058.744324,E,2,12,0.7,12.29,M,40.00,M,7.0,0907*75
2021:01:22:11:57:55.054000,1611313075.054,$GPGGA,105754.00,6342.682638,N,01058.744289,E,2,12,0.7,12.27,M,40.00,M,8.0,0907*79
2021:01:22:11:57:56.054000,1611313076.054,$GPGGA,105755.00,6342.682621,N,01058.744367,E,2,12,0.7,12.31,M,40.00,M,9.0,0907*77
2021:01:22:11:57:57.056000,1611313077.056,$GPGGA,105756.00,6342.682644,N,01058.744392,E,2,12,0.7,12.31,M,40.00,M,10.0,0907*45
2021:01:22:11:57:59.055000,1611313079.055,$GPGGA,105758.00,6342.682664,N,01058.744394,E,2,12,0.7,12.29,M,40.00,M,12.0,0907*44
2021:01:22:11:58:00.055000,1611313080.055,$GPGGA,105759.00,6342.682673,N,01058.744461,E,2,12,0.7,12.31,M,40.00,M,13.0,0907*46
2021:01:22:11:58:01.055000,1611313081.055,$GPGGA,105800.00,6342.682718,N,01058.744463,E,2,12,0.7,12.29,M,40.00,M,14.0,0907*45
2021:01:22:11:58:02.055000,1611313082.055,$GPGGA,105801.00,6342.682719,N,01058.744471,E,2,12,0.7,12.28,M,40.00,M,4.0,0907*76
2021:01:22:11:58:03.054000,1611313083.054,$GPGGA,105802.00,6342.682718,N,01058.744493,E,2,12,0.7,12.30,M,40.00,M,5.0,0907*70
2021:01:22:11:58:04.054000,1611313084.054,$GPGGA,105803.00,6342.682745,N,01058.744498,E,2,12,0.7,12.28,M,40.00,M,6.0,0907*78
2021:01:22:11:58:05.054000,1611313085.054,$GPGGA,105804.00,6342.682771,N,01058.744508,E,2,12,0.7,12.28,M,40.00,M,7.0,0907*71
2021:01:22:11:58:06.054000,1611313086.054,$GPGGA,105805.00,6342.682799,N,01058.744559,E,2,12,0.7,12.30,M,40.00,M,8.0,0907*74
2021:01:22:11:58:07.054000,1611313087.054,$GPGGA,105806.00,6342.682823,N,01058.744565,E,2,12,0.7,12.30,M,40.00,M,9.0,0907*77
2021:01:22:11:58:08.054000,1611313088.054,$GPGGA,105807.00,6342.682839,N,01058.744536,E,2,12,0.7,12.29,M,40.00,M,10.0,0907*4B
2021:01:22:11:58:09.054000,1611313089.054,$GPGGA,105808.00,6342.682873,N,01058.744530,E,2,12,0.7,12.29,M,40.00,M,11.0,0907*4D
2021:01:22:11:58:10.054000,1611313090.054,$GPGGA,105809.00,6342.682891,N,01058.744473,E,2,12,0.7,12.30,M,40.00,M,12.0,0907*4D
2021:01:22:11:58:11.055000,1611313091.055,$GPGGA,105810.00,6342.682909,N,01058.744480,E,2,12,0.7,12.30,M,40.00,M,13.0,0907*48
2021:01:22:11:58:12.055000,1611313092.055,$GPGGA,105811.00,6342.682940,N,01058.744484,E,2,12,0.7,12.28,M,40.00,M,8.0,0907*73
2021:01:22:11:58:13.055000,1611313093.055,$GPGGA,105812.00,6342.682954,N,01058.744405,E,2,12,0.7,12.26,M,40.00,M,9.0,0907*73
2021:01:22:11:58:14.055000,1611313094.055,$GPGGA,105813.00,6342.682936,N,01058.744353,E,2,12,0.7,12.30,M,40.00,M,10.0,0907*4D
2021:01:22:11:58:15.055000,1611313095.055,$GPGGA,105814.00,6342.682966,N,01058.744308,E,2,12,0.7,12.29,M,40.00,M,11.0,0907*48
2021:01:22:11:58:16.055000,1611313096.055,$GPGGA,105815.00,6342.682999,N,01058.744257,E,2,12,0.7,12.27,M,40.00,M,6.0,0907*7A
2021:01:22:11:58:17.055000,1611313097.055,$GPGGA,105816.00,6342.682986,N,01058.744310,E,2,12,0.7,12.32,M,40.00,M,7.0,0907*70
2021:01:22:11:58:18.055000,1611313098.055,$GPGGA,105817.00,6342.682990,N,01058.744249,E,2,12,0.7,12.33,M,40.00,M,8.0,0907*75
2021:01:22:11:58:19.055000,1611313099.055,$GPGGA,105818.00,6342.683016,N,01058.744148,E,2,12,0.7,12.28,M,40.00,M,9.0,0907*75
2021:01:22:11:58:20.055000,1611313100.055,$GPGGA,105819.00,6342.683020,N,01058.744182,E,2,12,0.7,12.31,M,40.00,M,10.0,0907*47
2021:01:22:11:58:21.055000,1611313101.055,$GPGGA,105820.00,6342.683005,N,01058.744221,E,2,12,0.7,12.36,M,40.00,M,11.0,0907*46
2021:01:22:11:58:22.055000,1611313102.055,$GPGGA,105821.00,6342.683020,N,01058.744209,E,2,12,0.7,12.30,M,40.00,M,7.0,0907*7B
2021:01:22:11:58:23.055000,1611313103.055,$GPGGA,105822.00,6342.683031,N,01058.744181,E,2,12,0.7,12.27,M,40.00,M,8.0,0907*72
2021:01:22:11:58:24.055000,1611313104.055,$GPGGA,105823.00,6342.682998,N,01058.744176,E,2,12,0.7,12.32,M,40.00,M,9.0,0907*75
2021:01:22:11:58:25.055000,1611313105.055,$GPGGA,105824.00,6342.683000,N,01058.744234,E,2,12,0.7,12.35,M,40.00,M,10.0,0907*41
2021:01:22:11:58:26.056000,1611313106.056,$GPGGA,105825.00,6342.683029,N,01058.744263,E,2,12,0.7,12.29,M,40.00,M,6.0,0907*73
2021:01:22:11:58:27.056000,1611313107.056,$GPGGA,105826.00,6342.683013,N,01058.744225,E,2,12,0.7,12.26,M,40.00,M,7.0,0907*75
2021:01:22:11:58:29.056000,1611313109.056,$GPGGA,105828.00,6342.683014,N,01058.744386,E,2,12,0.7,12.36,M,40.00,M,9.0,0907*7B
2021:01:22:11:58:30.056000,1611313110.056,$GPGGA,105829.00,6342.683024,N,01058.744276,E,2,12,0.7,12.27,M,40.00,M,10.0,0907*4F
2021:01:22:11:58:31.055000,1611313111.055,$GPGGA,105830.00,6342.682996,N,01058.744245,E,2,12,0.7,12.28,M,40.00,M,11.0,0907*48
2021:01:22:11:58:33.055000,1611313113.055,$GPGGA,105832.00,6342.683004,N,01058.744251,E,2,12,0.7,12.28,M,40.00,M,8.0,0907*74
2021:01:22:11:58:34.055000,1611313114.055,$GPGGA,105833.00,6342.683007,N,01058.744202,E,2,12,0.7,12.26,M,40.00,M,9.0,0907*7F
2021:01:22:11:58:35.055000,1611313115.055,$GPGGA,105834.00,6342.682990,N,01058.744217,E,2,12,0.7,12.29,M,40.00,M,10.0,0907*4D
2021:01:22:11:58:36.055000,1611313116.055,$GPGGA,105835.00,6342.683007,N,01058.744170,E,2,12,0.7,12.28,M,40.00,M,11.0,0907*48
2021:01:22:11:58:37.055000,1611313117.055,$GPGGA,105836.00,6342.682977,N,01058.744055,E,2,12,0.7,12.26,M,40.00,M,12.0,0907*4F
2021:01:22:11:58:38.055000,1611313118.055,$GPGGA,105837.00,6342.682965,N,01058.744067,E,2,12,0.7,12.30,M,40.00,M,13.0,0907*4A
2021:01:22:11:58:39.055000,1611313119.055,$GPGGA,105838.00,6342.682968,N,01058.744075,E,2,12,0.7,12.29,M,40.00,M,7.0,0907*76
2021:01:22:11:58:41.056000,1611313121.056,$GPGGA,105840.00,6342.682887,N,01058.743919,E,2,12,0.7,12.25,M,40.00,M,9.0,0907*7F
2021:01:22:11:58:42.056000,1611313122.056,$GPGGA,105841.00,6342.682881,N,01058.743974,E,2,12,0.7,12.28,M,40.00,M,10.0,0907*46
2021:01:22:11:58:43.056000,1611313123.056,$GPGGA,105842.00,6342.682856,N,01058.743987,E,2,12,0.7,12.30,M,40.00,M,6.0,0907*7D
2021:01:22:11:58:44.056000,1611313124.056,$GPGGA,105843.00,6342.682826,N,01058.743954,E,2,12,0.7,12.26,M,40.00,M,7.0,0907*73
2021:01:22:11:58:45.056000,1611313125.056,$GPGGA,105844.00,6342.682802,N,01058.743955,E,2,12,0.7,12.27,M,40.00,M,8.0,0907*7D
2021:01:22:11:58:46.056000,1611313126.056,$GPGGA,105845.00,6342.682762,N,01058.743927,E,2,12,0.7,12.29,M,40.00,M,9.0,0907*7F
2021:01:22:11:58:47.056000,1611313127.056,$GPGGA,105846.00,6342.682733,N,01058.743913,E,2,12,0.7,12.28,M,40.00,M,10.0,0907*46
2021:01:22:11:58:49.056000,1611313129.056,$GPGGA,105848.00,6342.682681,N,01058.743913,E,2,12,0.7,12.25,M,40.00,M,7.0,0907*7B
2021:01:22:11:58:50.056000,1611313130.056,$GPGGA,105849.00,6342.682631,N,01058.743901,E,2,12,0.7,12.28,M,40.00,M,8.0,0907*70
2021:01:22:11:58:51.056000,1611313131.056,$GPGGA,105850.00,6342.682595,N,01058.743920,E,2,12,0.7,12.29,M,40.00,M,9.0,0907*76
2021:01:22:11:58:53.056000,1611313133.056,$GPGGA,105852.00,6342.682534,N,01058.743959,E,2,12,0.7,12.27,M,40.00,M,6.0,0907*70
2021:01:22:11:58:54.057000,1611313134.057,$GPGGA,105853.00,6342.682480,N,01058.743984,E,2,12,0.7,12.29,M,40.00,M,7.0,0907*70
2021:01:22:11:58:55.057000,1611313135.057,$GPGGA,105854.00,6342.682488,N,01058.744006,E,2,12,0.7,12.26,M,40.00,M,8.0,0907*7B
2021:01:22:11:58:56.057000,1611313136.057,$GPGGA,105855.00,6342.682454,N,01058.744049,E,2,12,0.7,12.27,M,40.00,M,9.0,0907*70
2021:01:22:11:58:57.057000,1611313137.057,$GPGGA,105856.00,6342.682406,N,01058.744093,E,2,12,0.7,12.28,M,40.00,M,10.0,0907*44
2021:01:22:11:58:58.057000,1611313138.057,$GPGGA,105857.00,6342.682408,N,01058.744127,E,2,12,0.7,12.25,M,40.00,M,11.0,0907*49
2021:01:22:11:58:59.057000,1611313139.057,$GPGGA,105858.00,6342.682415,N,01058.744222,E,2,12,0.7,12.25,M,40.00,M,7.0,0907*7B
2021:01:22:11:59:01.057000,1611313141.057,$GPGGA,105900.00,6342.682387,N,01058.744304,E,2,12,0.7,12.25,M,40.00,M,9.0,0907*70
2021:01:22:11:59:02.056000,1611313142.056,$GPGGA,105901.00,6342.682383,N,01058.744251,E,2,12,0.7,12.23,M,40.00,M,10.0,0907*4A
2021:01:22:11:59:03.056000,1611313143.056,$GPGGA,105902.00,6342.682362,N,01058.744259,E,2,12,0.7,12.25,M,40.00,M,11.0,0907*49
2021:01:22:11:59:04.056000,1611313144.056,$GPGGA,105903.00,6342.682384,N,01058.744328,E,2,12,0.7,12.27,M,40.00,M,12.0,0907*46
2021:01:22:11:59:05.056000,1611313145.056,$GPGGA,105904.00,6342.682394,N,01058.744391,E,2,12,0.7,12.27,M,40.00,M,13.0,0907*43
2021:01:22:11:59:06.056000,1611313146.056,$GPGGA,105905.00,6342.682368,N,01058.744304,E,2,12,0.7,12.26,M,40.00,M,7.0,0907*79
2021:01:22:11:59:07.056000,1611313147.056,$GPGGA,105906.00,6342.682374,N,01058.744205,E,2,12,0.7,12.22,M,40.00,M,8.0,0907*7C
2021:01:22:11:59:08.056000,1611313148.056,$GPGGA,105907.00,6342.682392,N,01058.744249,E,2,12,0.7,12.27,M,40.00,M,9.0,0907*79
2021:01:22:11:59:09.057000,1611313149.057,$GPGGA,105908.00,6342.682392,N,01058.744279,E,2,12,0.7,12.25,M,40.00,M,10.0,0907*4F
2021:01:22:11:59:10.057000,1611313150.057,$GPGGA,105909.00,6342.682418,N,01058.744265,E,2,12,0.7,12.24,M,40.00,M,6.0,0907*70
2021:01:22:11:59:11.057000,1611313151.057,$GPGGA,105910.00,6342.682442,N,01058.744264,E,2,12,0.7,12.25,M,40.00,M,7.0,0907*76
2021:01:22:11:59:12.057000,1611313152.057,$GPGGA,105911.00,6342.682457,N,01058.744243,E,2,12,0.7,12.28,M,40.00,M,8.0,0907*74
2021:01:22:11:59:13.057000,1611313153.057,$GPGGA,105912.00,6342.682470,N,01058.744170,E,2,12,0.7,12.25,M,40.00,M,9.0,0907*7D
2021:01:22:11:59:14.057000,1611313154.057,$GPGGA,105913.00,6342.682495,N,01058.744149,E,2,12,0.7,12.24,M,40.00,M,10.0,0907*44
2021:01:22:11:59:15.057000,1611313155.057,$GPGGA,105914.00,6342.682534,N,01058.744180,E,2,12,0.7,12.25,M,40.00,M,11.0,0907*4C
2021:01:22:11:59:16.057000,1611313156.057,$GPGGA,105915.00,6342.682572,N,01058.744186,E,2,12,0.7,12.29,M,40.00,M,7.0,0907*72
2021:01:22:11:59:17.057000,1611313157.057,$GPGGA,105916.00,6342.682560,N,01058.744058,E,2,12,0.7,12.28,M,40.00,M,8.0,0907*7E
2021:01:22:11:59:18.057000,1611313158.057,$GPGGA,105917.00,6342.682589,N,01058.743918,E,2,12,0.7,12.26,M,40.00,M,9.0,0907*7D
2021:01:22:11:59:19.057000,1611313159.057,$GPGGA,105918.00,6342.682628,N,01058.743915,E,2,12,0.7,12.25,M,40.00,M,10.0,0907*4C
2021:01:22:11:59:20.057000,1611313160.057,$GPGGA,105919.00,6342.682643,N,01058.743944,E,2,12,0.7,12.29,M,40.00,M,11.0,0907*49
2021:01:22:11:59:21.057000,1611313161.057,$GPGGA,105920.00,6342.682664,N,01058.743892,E,2,12,0.7,12.29,M,40.00,M,12.0,0907*4F
2021:01:22:11:59:22.057000,1611313162.057,$GPGGA,105921.00,6342.682683,N,01058.743756,E,2,12,0.7,12.25,M,40.00,M,7.0,0907*78
2021:01:22:11:59:23.057000,1611313163.057,$GPGGA,105922.00,6342.682692,N,01058.743648,E,2,12,0.7,12.27,M,40.00,M,8.0,0907*78
2021:01:22:11:59:24.058000,1611313164.058,$GPGGA,105923.00,6342.682688,N,01058.743650,E,2,12,0.7,12.29,M,40.00,M,9.0,0907*74
2021:01:22:11:59:25.058000,1611313165.058,$GPGGA,105924.00,6342.682726,N,01058.743628,E,2,12,0.7,12.28,M,40.00,M,10.0,0907*40
2021:01:22:11:59:26.058000,1611313166.058,$GPGGA,105925.00,6342.682752,N,01058.743590,E,2,12,0.7,12.25,M,40.00,M,6.0,0907*78
2021:01:22:11:59:27.058000,1611313167.058,$GPGGA,105926.00,6342.682744,N,01058.743597,E,2,12,0.7,12.29,M,40.00,M,7.0,0907*76
2021:01:22:11:59:28.058000,1611313168.058,$GPGGA,105927.00,6342.682765,N,01058.743594,E,2,12,0.7,12.30,M,40.00,M,8.0,0907*70
2021:01:22:11:59:29.058000,1611313169.058,$GPGGA,105928.00,6342.682785,N,01058.743526,E,2,12,0.7,12.25,M,40.00,M,9.0,0907*7D
2021:01:22:11:59:31.058000,1611313171.058,$GPGGA,105930.00,6342.682791,N,01058.743545,E,2,12,0.7,12.30,M,40.00,M,11.0,0907*49
2021:01:22:11:59:32.057000,1611313172.057,$GPGGA,105931.00,6342.682825,N,01058.743558,E,2,12,0.7,12.27,M,40.00,M,12.0,0907*41
2021:01:22:11:59:33.057000,1611313173.057,$GPGGA,105932.00,6342.682811,N,01058.743505,E,2,12,0.7,12.24,M,40.00,M,8.0,0907*75
2021:01:22:11:59:34.058000,1611313174.058,$GPGGA,105933.00,6342.682797,N,01058.743469,E,2,12,0.7,12.27,M,40.00,M,9.0,0907*7C
2021:01:22:11:59:35.057000,1611313175.057,$GPGGA,105934.00,6342.682823,N,01058.743527,E,2,12,0.7,12.28,M,40.00,M,10.0,0907*47
2021:01:22:11:59:36.057000,1611313176.057,$GPGGA,105935.00,6342.682842,N,01058.743593,E,2,12,0.7,12.27,M,40.00,M,11.0,0907*40
2021:01:22:11:59:37.057000,1611313177.057,$GPGGA,105936.00,6342.682849,N,01058.743576,E,2,12,0.7,12.24,M,40.00,M,12.0,0907*43
2021:01:22:11:59:39.058000,1611313179.058,$GPGGA,105938.00,6342.682842,N,01058.743574,E,2,12,0.7,12.28,M,40.00,M,14.0,0907*4E
2021:01:22:11:59:40.058000,1611313180.058,$GPGGA,105939.00,6342.682885,N,01058.743633,E,2,12,0.7,12.29,M,40.00,M,9.0,0907*79
2021:01:22:11:59:41.058000,1611313181.058,$GPGGA,105940.00,6342.682879,N,01058.743604,E,2,12,0.7,12.28,M,40.00,M,10.0,0907*49
2021:01:22:11:59:43.058000,1611313183.058,$GPGGA,105942.00,6342.682905,N,01058.743695,E,2,12,0.7,12.30,M,40.00,M,12.0,0907*42
2021:01:22:11:59:44.058000,1611313184.058,$GPGGA,105943.00,6342.682915,N,01058.743727,E,2,12,0.7,12.31,M,40.00,M,13.0,0907*4A
2021:01:22:11:59:45.058000,1611313185.058,$GPGGA,105944.00,6342.682910,N,01058.743702,E,2,12,0.7,12.27,M,40.00,M,14.0,0907*4F
2021:01:22:11:59:46.058000,1611313186.058,$GPGGA,105945.00,6342.682919,N,01058.743709,E,2,12,0.7,12.26,M,40.00,M,9.0,0907*71
2021:01:22:11:59:47.058000,1611313187.058,$GPGGA,105946.00,6342.682905,N,01058.743719,E,2,12,0.7,12.28,M,40.00,M,10.0,0907*48
2021:01:22:11:59:48.058000,1611313188.058,$GPGGA,105947.00,6342.682902,N,01058.743774,E,2,12,0.7,12.30,M,40.00,M,11.0,0907*4D
2021:01:22:11:59:49.058000,1611313189.058,$GPGGA,105948.00,6342.682938,N,01058.743838,E,2,12,0.7,12.28,M,40.00,M,12.0,0907*46
2021:01:22:11:59:51.058000,1611313191.058,$GPGGA,105950.00,6342.682916,N,01058.743865,E,2,12,0.7,12.29,M,40.00,M,9.0,0907*70
2021:01:22:11:59:52.058000,1611313192.058,$GPGGA,105951.00,6342.682916,N,01058.743939,E,2,12,0.7,12.33,M,40.00,M,10.0,0907*4A
2021:01:22:11:59:53.058000,1611313193.058,$GPGGA,105952.00,6342.682958,N,01058.744000,E,2,12,0.7,12.27,M,40.00,M,5.0,0907*76
2021:01:22:11:59:54.059000,1611313194.059,$GPGGA,105953.00,6342.682972,N,01058.744057,E,2,12,0.7,12.24,M,40.00,M,6.0,0907*7D
2021:01:22:11:59:55.059000,1611313195.059,$GPGGA,105954.00,6342.682939,N,01058.744090,E,2,12,0.7,12.28,M,40.00,M,7.0,0907*73
2021:01:22:11:59:56.059000,1611313196.059,$GPGGA,105955.00,6342.682952,N,01058.744123,E,2,12,0.7,12.28,M,40.00,M,8.0,0907*79
2021:01:22:11:59:57.059000,1611313197.059,$GPGGA,105956.00,6342.683006,N,01058.744223,E,2,12,0.7,12.26,M,40.00,M,9.0,0907*7F
2021:01:22:11:59:59.059000,1611313199.059,$GPGGA,105958.00,6342.682988,N,01058.744403,E,2,12,0.7,12.25,M,40.00,M,6.0,0907*77
2021:01:22:12:00:00.059000,1611313200.059,$GPGGA,105959.00,6342.683014,N,01058.744426,E,2,12,0.7,12.24,M,40.00,M,7.0,0907*7C
2021:01:22:12:00:01.059000,1611313201.059,$GPGGA,110000.00,6342.683016,N,01058.744565,E,2,12,0.7,12.27,M,40.00,M,8.0,0907*75
2021:01:22:12:00:03.058000,1611313203.058,$GPGGA,110002.00,6342.683047,N,01058.744689,E,2,12,0.7,12.20,M,40.00,M,5.0,0907*78
2021:01:22:12:00:04.058000,1611313204.058,$GPGGA,110003.00,6342.683044,N,01058.744812,E,2,12,0.7,12.26,M,40.00,M,6.0,0907*73
2021:01:22:12:00:05.058000,1611313205.058,$GPGGA,110004.00,6342.683014,N,01058.744921,E,2,12,0.7,12.32,M,40.00,M,7.0,0907*74
2021:01:22:12:00:06.058000,1611313206.058,$GPGGA,110005.00,6342.683037,N,01058.744902,E,2,12,0.7,12.26,M,40.00,M,8.0,0907*7F
2021:01:22:12:00:07.058000,1611313207.058,$GPGGA,110006.00,6342.683046,N,01058.744897,E,2,12,0.7,12.23,M,40.00,M,9.0,0907*73
2021:01:22:12:00:08.058000,1611313208.058,$GPGGA,110007.00,6342.683035,N,01058.745045,E,2,12,0.7,12.32,M,40.00,M,10.0,0907*48
2021:01:22:12:00:09.059000,1611313209.059,$GPGGA,110008.00,6342.683027,N,01058.745109,E,2,12,0.7,12.32,M,40.00,M,11.0,0907*4C
2021:01:22:12:00:10.059000,1611313210.059,$GPGGA,110009.00,6342.683026,N,01058.744981,E,2,12,0.7,12.25,M,40.00,M,12.0,0907*40
2021:01:22:12:00:11.059000,1611313211.059,$GPGGA,110010.00,6342.683047,N,01058.745002,E,2,12,0.7,12.26,M,40.00,M,13.0,0907*4E
2021:01:22:12:00:12.059000,1611313212.059,$GPGGA,110011.00,6342.683071,N,01058.745106,E,2,12,0.7,12.31,M,40.00,M,14.0,0907*4E
2021:01:22:12:00:13.059000,1611313213.059,$GPGGA,110012.00,6342.683044,N,01058.745079,E,2,12,0.7,12.30,M,40.00,M,8.0,0907*7E
2021:01:22:12:00:14.059000,1611313214.059,$GPGGA,110013.00,6342.683056,N,01058.745090,E,2,12,0.7,12.29,M,40.00,M,9.0,0907*72
2021:01:22:12:00:15.059000,1611313215.059,$GPGGA,110014.00,6342.683086,N,01058.745091,E,2,12,0.7,12.30,M,40.00,M,10.0,0907*49
2021:01:22:12:00:16.059000,1611313216.059,$GPGGA,110015.00,6342.683070,N,01058.745052,E,2,12,0.7,12.28,M,40.00,M,11.0,0907*46
2021:01:22:12:00:17.059000,1611313217.059,$GPGGA,110016.00,6342.683027,N,01058.745079,E,2,12,0.7,12.30,M,40.00,M,7.0,0907*70
2021:01:22:12:00:18.059000,1611313218.059,$GPGGA,110017.00,6342.683030,N,01058.745082,E,2,12,0.7,12.30,M,40.00,M,8.0,0907*7C
2021:01:22:12:00:19.059000,1611313219.059,$GPGGA,110018.00,6342.683036,N,01058.745079,E,2,12,0.7,12.27,M,40.00,M,9.0,0907*76
2021:01:22:12:00:20.059000,1611313220.059,$GPGGA,110019.00,6342.682984,N,01058.745113,E,2,12,0.7,12.30,M,40.00,M,10.0,0907*45
2021:01:22:12:00:21.059000,1611313221.059,$GPGGA,110020.00,6342.682955,N,01058.745043,E,2,12,0.7,12.28,M,40.00,M,11.0,0907*4F
2021:01:22:12:00:22.059000,1611313222.059,$GPGGA,110021.00,6342.682938,N,01058.745031,E,2,12,0.7,12.27,M,40.00,M,12.0,0907*4C
2021:01:22:12:00:23.060000,1611313223.06,$GPGGA,110022.00,6342.682889,N,01058.745073,E,2,12,0.7,12.29,M,40.00,M,7.0,0907*78
2021:01:22:12:00:24.060000,1611313224.06,$GPGGA,110023.00,6342.682847,N,01058.745009,E,2,12,0.7,12.27,M,40.00,M,8.0,0907*77
2021:01:22:12:00:25.060000,1611313225.06,$GPGGA,110024.00,6342.682832,N,01058.744977,E,2,12,0.7,12.24,M,40.00,M,9.0,0907*71
2021:01:22:12:00:26.060000,1611313226.06,$GPGGA,110025.00,6342.682785,N,01058.745024,E,2,12,0.7,12.29,M,40.00,M,10.0,0907*48
2021:01:22:12:00:27.060000,1611313227.06,$GPGGA,110026.00,6342.682728,N,01058.744955,E,2,12,0.7,12.30,M,40.00,M,6.0,0907*7D
2021:01:22:12:00:28.060000,1611313228.06,$GPGGA,110027.00,6342.682720,N,01058.744843,E,2,12,0.7,12.26,M,40.00,M,7.0,0907*74
2021:01:22:12:00:29.060000,1611313229.06,$GPGGA,110028.00,6342.682681,N,01058.744801,E,2,12,0.7,12.26,M,40.00,M,8.0,0907*78
2021:01:22:12:00:30.060000,1611313230.06,$GPGGA,110029.00,6342.682630,N,01058.744815,E,2,12,0.7,12.31,M,40.00,M,4.0,0907*7C
2021:01:22:12:00:31.060000,1611313231.06,$GPGGA,110030.00,6342.682624,N,01058.744725,E,2,12,0.7,12.26,M,40.00,M,5.0,0907*7A
2021:01:22:12:00:32.059000,1611313232.059,$GPGGA,110031.00,6342.682602,N,01058.744599,E,2,12,0.7,12.23,M,40.00,M,6.0,0907*7C
2021:01:22:12:00:33.059000,1611313233.059,$GPGGA,110032.00,6342.682549,N,01058.744594,E,2,12,0.7,12.28,M,40.00,M,7.0,0907*74
2021:01:22:12:00:34.059000,1611313234.059,$GPGGA,110033.00,6342.682526,N,01058.744558,E,2,12,0.7,12.30,M,40.00,M,8.0,0907*7A
2021:01:22:12:00:35.059000,1611313235.059,$GPGGA,110034.00,6342.682528,N,01058.744428,E,2,12,0.7,12.23,M,40.00,M,9.0,0907*76
2021:01:22:12:00:36.059000,1611313236.059,$GPGGA,110035.00,6342.682493,N,01058.744362,E,2,12,0.7,12.25,M,40.00,M,10.0,0907*41
2021:01:22:12:00:37.059000,1611313237.059,$GPGGA,110036.00,6342.682453,N,01058.744297,E,2,12,0.7,12.29,M,40.00,M,6.0,0907*7E
2021:01:22:12:00:38.060000,1611313238.06,$GPGGA,110037.00,6342.682456,N,01058.744179,E,2,12,0.7,12.24,M,40.00,M,7.0,0907*75
2021:01:22:12:00:39.060000,1611313239.06,$GPGGA,110038.00,6342.682441,N,01058.744102,E,2,12,0.7,12.23,M,40.00,M,8.0,0907*78
2021:01:22:12:00:41.060000,1611313241.06,$GPGGA,110040.00,6342.682416,N,01058.743980,E,2,12,0.7,12.25,M,40.00,M,10.0,0907*4F
2021:01:22:12:00:42.060000,1611313242.06,$GPGGA,110041.00,6342.682416,N,01058.743882,E,2,12,0.7,12.23,M,40.00,M,11.0,0907*4A
2021:01:22:12:00:43.060000,1611313243.06,$GPGGA,110042.00,6342.682387,N,01058.743813,E,2,12,0.7,12.24,M,40.00,M,12.0,0907*4A
2021:01:22:12:00:45.060000,1611313245.06,$GPGGA,110044.00,6342.682397,N,01058.743665,E,2,12,0.7,12.23,M,40.00,M,9.0,0907*7F
2021:01:22:12:00:46.060000,1611313246.06,$GPGGA,110045.00,6342.682388,N,01058.743569,E,2,12,0.7,12.23,M,40.00,M,10.0,0907*47
2021:01:22:12:00:47.060000,1611313247.06,$GPGGA,110046.00,6342.682363,N,01058.743498,E,2,12,0.7,12.26,M,40.00,M,5.0,0907*7F
2021:01:22:12:00:49.060000,1611313249.06,$GPGGA,110048.00,6342.682388,N,01058.743396,E,2,12,0.7,12.26,M,40.00,M,7.0,0907*7F
2021:01:22:12:00:50.060000,1611313250.06,$GPGGA,110049.00,6342.682376,N,01058.743334,E,2,12,0.7,12.25,M,40.00,M,8.0,0907*7B
2021:01:22:12:00:51.060000,1611313251.06,$GPGGA,110050.00,6342.682340,N,01058.743191,E,2,12,0.7,12.23,M,40.00,M,9.0,0907*7C
2021:01:22:12:00:53.061000,1611313253.061,$GPGGA,110052.00,6342.682360,N,01058.743119,E,2,12,0.7,12.27,M,40.00,M,11.0,0907*41
2021:01:22:12:00:54.061000,1611313254.061,$GPGGA,110053.00,6342.682361,N,01058.743081,E,2,12,0.7,12.24,M,40.00,M,7.0,0907*75
2021:01:22:12:00:55.061000,1611313255.061,$GPGGA,110054.00,6342.682333,N,01058.743020,E,2,12,0.7,12.23,M,40.00,M,8.0,0907*76
2021:01:22:12:00:56.061000,1611313256.061,$GPGGA,110055.00,6342.682325,N,01058.742919,E,2,12,0.7,12.22,M,40.00,M,9.0,0907*72
2021:01:22:12:00:57.061000,1611313257.061,$GPGGA,110056.00,6342.682350,N,01058.742917,E,2,12,0.7,12.24,M,40.00,M,5.0,0907*77
2021:01:22:12:00:58.061000,1611313258.061,$GPGGA,110057.00,6342.682353,N,01058.742965,E,2,12,0.7,12.28,M,40.00,M,6.0,0907*7F
2021:01:22:12:00:59.061000,1611313259.061,$GPGGA,110058.00,6342.682336,N,01058.742878,E,2,12,0.7,12.23,M,40.00,M,7.0,0907*74
2021:01:22:12:01:01.061000,1611313261.061,$GPGGA,110100.00,6342.682350,N,01058.742845,E,2,12,0.7,12.25,M,40.00,M,9.0,0907*7E
2021:01:22:12:01:02.061000,1611313262.061,$GPGGA,110101.00,6342.682363,N,01058.742850,E,2,12,0.7,12.25,M,40.00,M,10.0,0907*43
2021:01:22:12:01:03.060000,1611313263.06,$GPGGA,110102.00,6342.682371,N,01058.742838,E,2,12,0.7,12.23,M,40.00,M,11.0,0907*4A
2021:01:22:12:01:05.060000,1611313265.06,$GPGGA,110104.00,6342.682397,N,01058.742885,E,2,12,0.7,12.27,M,40.00,M,8.0,0907*7E
2021:01:22:12:01:06.060000,1611313266.06,$GPGGA,110105.00,6342.682407,N,01058.742843,E,2,12,0.7,12.25,M,40.00,M,9.0,0907*78
2021:01:22:12:01:07.061000,1611313267.061,$GPGGA,110106.00,6342.682432,N,01058.742848,E,2,12,0.7,12.25,M,40.00,M,5.0,0907*7A
2021:01:22:12:01:08.061000,1611313268.061,$GPGGA,110107.00,6342.682443,N,01058.742919,E,2,12,0.7,12.28,M,40.00,M,6.0,0907*76
2021:01:22:12:01:09.061000,1611313269.061,$GPGGA,110108.00,6342.682457,N,01058.742931,E,2,12,0.7,12.27,M,40.00,M,7.0,0907*78
2021:01:22:12:01:10.061000,1611313270.061,$GPGGA,110109.00,6342.682495,N,01058.742936,E,2,12,0.7,12.26,M,40.00,M,8.0,0907*7E
2021:01:22:12:01:11.061000,1611313271.061,$GPGGA,110110.00,6342.682499,N,01058.742955,E,2,12,0.7,12.28,M,40.00,M,9.0,0907*70
2021:01:22:12:01:12.061000,1611313272.061,$GPGGA,110111.00,6342.682493,N,01058.742906,E,2,12,0.7,12.26,M,40.00,M,10.0,0907*4B
2021:01:22:12:01:13.061000,1611313273.061,$GPGGA,110112.00,6342.682522,N,01058.742968,E,2,12,0.7,12.27,M,40.00,M,11.0,0907*4B
2021:01:22:12:01:14.061000,1611313274.061,$GPGGA,110113.00,6342.682554,N,01058.743055,E,2,12,0.7,12.27,M,40.00,M,7.0,0907*7A
2021:01:22:12:01:15.061000,1611313275.061,$GPGGA,110114.00,6342.682567,N,01058.743010,E,2,12,0.7,12.25,M,40.00,M,8.0,0907*71
2021:01:22:12:01:16.061000,1611313276.061,$GPGGA,110115.00,6342.682560,N,01058.742986,E,2,12,0.7,12.27,M,40.00,M,9.0,0907*73
2021:01:22:12:01:17.061000,1611313277.061,$GPGGA,110116.00,6342.682564,N,01058.743024,E,2,12,0.7,12.28,M,40.00,M,10.0,0907*43
2021:01:22:12:01:18.061000,1611313278.061,$GPGGA,110117.00,6342.682610,N,01058.742991,E,2,12,0.7,12.21,M,40.00,M,11.0,0907*4C
2021:01:22:12:01:19.061000,1611313279.061,$GPGGA,110118.00,6342.682635,N,01058.743025,E,2,12,0.7,12.23,M,40.00,M,12.0,0907*42
2021:01:22:12:01:20.061000,1611313280.061,$GPGGA,110119.00,6342.682598,N,01058.743079,E,2,12,0.7,12.30,M,40.00,M,13.0,0907*4D
2021:01:22:12:01:21.061000,1611313281.061,$GPGGA,110120.00,6342.682640,N,01058.743083,E,2,12,0.7,12.25,M,40.00,M,8.0,0907*7A
2021:01:22:12:01:22.062000,1611313282.062,$GPGGA,110121.00,6342.682699,N,01058.743034,E,2,12,0.7,12.19,M,40.00,M,9.0,0907*7D
2021:01:22:12:01:23.062000,1611313283.062,$GPGGA,110122.00,6342.682664,N,01058.743026,E,2,12,0.7,12.24,M,40.00,M,5.0,0907*7D
2021:01:22:12:01:24.062000,1611313284.062,$GPGGA,110123.00,6342.682661,N,01058.743112,E,2,12,0.7,12.30,M,40.00,M,6.0,0907*79
2021:01:22:12:01:25.062000,1611313285.062,$GPGGA,110124.00,6342.682731,N,01058.743144,E,2,12,0.7,12.25,M,40.00,M,7.0,0907*7C
2021:01:22:12:01:26.062000,1611313286.062,$GPGGA,110125.00,6342.682740,N,01058.743064,E,2,12,0.7,12.20,M,40.00,M,8.0,0907*72
2021:01:22:12:01:27.062000,1611313287.062,$GPGGA,110126.00,6342.682714,N,01058.743095,E,2,12,0.7,12.24,M,40.00,M,9.0,0907*7B
2021:01:22:12:01:28.062000,1611313288.062,$GPGGA,110127.00,6342.682742,N,01058.743198,E,2,12,0.7,12.28,M,40.00,M,10.0,0907*41
2021:01:22:12:01:29.062000,1611313289.062,$GPGGA,110128.00,6342.682782,N,01058.743172,E,2,12,0.7,12.24,M,40.00,M,11.0,0907*4B
2021:01:22:12:01:30.062000,1611313290.062,$GPGGA,110129.00,6342.682784,N,01058.743162,E,2,12,0.7,12.20,M,40.00,M,12.0,0907*4A
2021:01:22:12:01:31.062000,1611313291.062,$GPGGA,110130.00,6342.682796,N,01058.743228,E,2,12,0.7,12.25,M,40.00,M,7.0,0907*7D
2021:01:22:12:01:32.061000,1611313292.061,$GPGGA,110131.00,6342.682823,N,01058.743275,E,2,12,0.7,12.27,M,40.00,M,8.0,0907*78
2021:01:22:12:01:33.061000,1611313293.061,$GPGGA,110132.00,6342.682832,N,01058.743250,E,2,12,0.7,12.25,M,40.00,M,9.0,0907*7F
2021:01:22:12:01:34.061000,1611313294.061,$GPGGA,110133.00,6342.682849,N,01058.743251,E,2,12,0.7,12.22,M,40.00,M,10.0,0907*4C
2021:01:22:12:01:35.061000,1611313295.061,$GPGGA,110134.00,6342.682859,N,01058.743284,E,2,12,0.7,12.22,M,40.00,M,6.0,0907*75
2021:01:22:12:01:36.061000,1611313296.061,$GPGGA,110135.00,6342.682865,N,01058.743318,E,2,12,0.7,12.23,M,40.00,M,7.0,0907*7F
2021:01:22:12:01:37.062000,1611313297.062,$GPGGA,110136.00,6342.682886,N,01058.743359,E,2,12,0.7,12.25,M,40.00,M,8.0,0907*7D
2021:01:22:12:01:39.062000,1611313299.062,$GPGGA,110138.00,6342.682906,N,01058.743308,E,2,12,0.7,12.23,M,40.00,M,10.0,0907*41
2021:01:22:12:01:40.062000,1611313300.062,$GPGGA,110139.00,6342.682899,N,01058.743330,E,2,12,0.7,12.26,M,40.00,M,11.0,0907*48
2021:01:22:12:01:41.062000,1611313301.062,$GPGGA,110140.00,6342.682926,N,01058.743329,E,2,12,0.7,12.26,M,40.00,M,12.0,0907*48
2021:01:22:12:01:43.062000,1611313303.062,$GPGGA,110142.00,6342.682920,N,01058.743430,E,2,12,0.7,12.27,M,40.00,M,14.0,0907*44
2021:01:22:12:01:44.062000,1611313304.062,$GPGGA,110143.00,6342.682957,N,01058.743408,E,2,12,0.7,12.21,M,40.00,M,15.0,0907*49
2021:01:22:12:01:45.062000,1611313305.062,$GPGGA,110144.00,6342.682953,N,01058.743381,E,2,12,0.7,12.21,M,40.00,M,16.0,0907*4F
2021:01:22:12:01:46.062000,1611313306.062,$GPGGA,110145.00,6342.682931,N,01058.743503,E,2,12,0.7,12.28,M,40.00,M,17.0,0907*4E
2021:01:22:12:01:47.062000,1611313307.062,$GPGGA,110146.00,6342.682950,N,01058.743556,E,2,12,0.7,12.25,M,40.00,M,8.0,0907*79
2021:01:22:12:01:48.062000,1611313308.062,$GPGGA,110147.00,6342.682980,N,01058.743522,E,2,12,0.7,12.19,M,40.00,M,9.0,0907*78
2021:01:22:12:01:49.062000,1611313309.062,$GPGGA,110148.00,6342.682953,N,01058.743518,E,2,12,0.7,12.23,M,40.00,M,10.0,0907*41
2021:01:22:12:01:51.062000,1611313311.062,$GPGGA,110150.00,6342.682955,N,01058.743531,E,2,12,0.7,12.23,M,40.00,M,7.0,0907*73
2021:01:22:12:01:52.063000,1611313312.063,$GPGGA,110151.00,6342.682970,N,01058.743571,E,2,12,0.7,12.22,M,40.00,M,8.0,0907*7F
2021:01:22:12:01:53.063000,1611313313.063,$GPGGA,110152.00,6342.682949,N,01058.743615,E,2,12,0.7,12.25,M,40.00,M,9.0,0907*71
2021:01:22:12:01:55.063000,1611313315.063,$GPGGA,110154.00,6342.682956,N,01058.743510,E,2,12,0.7,12.20,M,40.00,M,11.0,0907*43
2021:01:22:12:01:56.063000,1611313316.063,$GPGGA,110155.00,6342.682957,N,01058.743533,E,2,12,0.7,12.23,M,40.00,M,12.0,0907*42
2021:01:22:12:01:57.063000,1611313317.063,$GPGGA,110156.00,6342.682949,N,01058.743590,E,2,12,0.7,12.24,M,40.00,M,13.0,0907*41
2021:01:22:12:01:59.063000,1611313319.063,$GPGGA,110158.00,6342.682979,N,01058.743507,E,2,12,0.7,12.23,M,40.00,M,9.0,0907*7E
2021:01:22:12:02:00.063000,1611313320.063,$GPGGA,110159.00,6342.682966,N,01058.743548,E,2,12,0.7,12.27,M,40.00,M,5.0,0907*72
2021:01:22:12:02:01.063000,1611313321.063,$GPGGA,110200.00,6342.682999,N,01058.743505,E,2,12,0.7,12.24,M,40.00,M,6.0,0907*74
2021:01:22:12:02:03.062000,1611313323.062,$GPGGA,110202.00,6342.682985,N,01058.743493,E,2,12,0.7,12.25,M,40.00,M,8.0,0907*7A
2021:01:22:12:02:04.062000,1611313324.062,$GPGGA,110203.00,6342.683010,N,01058.743512,E,2,12,0.7,12.25,M,40.00,M,9.0,0907*76
2021:01:22:12:02:05.062000,1611313325.062,$GPGGA,110204.00,6342.683021,N,01058.743496,E,2,12,0.7,12.24,M,40.00,M,10.0,0907*47
2021:01:22:12:02:06.063000,1611313326.063,$GPGGA,110205.00,6342.683016,N,01058.743484,E,2,12,0.7,12.24,M,40.00,M,11.0,0907*40
2021:01:22:12:02:07.063000,1611313327.063,$GPGGA,110206.00,6342.683010,N,01058.743472,E,2,12,0.7,12.22,M,40.00,M,12.0,0907*49
2021:01:22:12:02:08.063000,1611313328.063,$GPGGA,110207.00,6342.683023,N,01058.743561,E,2,12,0.7,12.25,M,40.00,M,7.0,0907*78
2021:01:22:12:02:09.063000,1611313329.063,$GPGGA,110208.00,6342.683035,N,01058.743676,E,2,12,0.7,12.27,M,40.00,M,8.0,0907*78
2021:01:22:12:02:10.063000,1611313330.063,$GPGGA,110209.00,6342.683042,N,01058.743629,E,2,12,0.7,12.23,M,40.00,M,9.0,0907*76
2021:01:22:12:02:11.063000,1611313331.063,$GPGGA,110210.00,6342.683014,N,01058.743541,E,2,12,0.7,12.19,M,40.00,M,10.0,0907*41
2021:01:22:12:02:12.063000,1611313332.063,$GPGGA,110211.00,6342.682985,N,01058.743555,E,2,12,0.7,12.24,M,40.00,M,11.0,0907*4A
2021:01:22:12:02:13.063000,1611313333.063,$GPGGA,110212.00,6342.683004,N,01058.743590,E,2,12,0.7,12.23,M,40.00,M,12.0,0907*45
2021:01:22:12:02:14.063000,1611313334.063,$GPGGA,110213.00,6342.683026,N,01058.743594,E,2,12,0.7,12.19,M,40.00,M,7.0,0907*7D
2021:01:22:12:02:15.063000,1611313335.063,$GPGGA,110214.00,6342.682998,N,01058.743596,E,2,12,0.7,12.19,M,40.00,M,8.0,0907*7A
2021:01:22:12:02:16.063000,1611313336.063,$GPGGA,110215.00,6342.682984,N,01058.743581,E,2,12,0.7,12.23,M,40.00,M,9.0,0907*78
2021:01:22:12:02:17.063000,1611313337.063,$GPGGA,110216.00,6342.682989,N,01058.743497,E,2,12,0.7,12.21,M,40.00,M,10.0,0907*4A
2021:01:22:12:02:18.063000,1611313338.063,$GPGGA,110217.00,6342.682984,N,01058.743453,E,2,12,0.7,12.21,M,40.00,M,7.0,0907*78
2021:01:22:12:02:19.063000,1611313339.063,$GPGGA,110218.00,6342.682994,N,01058.743499,E,2,12,0.7,12.25,M,40.00,M,8.0,0907*7B
2021:01:22:12:02:20.063000,1611313340.063,$GPGGA,110219.00,6342.682994,N,01058.743521,E,2,12,0.7,12.26,M,40.00,M,9.0,0907*7A
2021:01:22:12:02:21.064000,1611313341.064,$GPGGA,110220.00,6342.682999,N,01058.743440,E,2,12,0.7,12.22,M,40.00,M,10.0,0907*47
2021:01:22:12:02:22.064000,1611313342.064,$GPGGA,110221.00,6342.683014,N,01058.743396,E,2,12,0.7,12.22,M,40.00,M,6.0,0907*70
2021:01:22:12:02:23.064000,1611313343.064,$GPGGA,110222.00,6342.682998,N,01058.743481,E,2,12,0.7,12.27,M,40.00,M,7.0,0907*7A
2021:01:22:12:02:24.064000,1611313344.064,$GPGGA,110223.00,6342.683018,N,01058.743507,E,2,12,0.7,12.25,M,40.00,M,8.0,0907*79
2021:01:22:12:02:25.064000,1611313345.064,$GPGGA,110224.00,6342.683069,N,01058.743540,E,2,12,0.7,12.22,M,40.00,M,9.0,0907*7D
2021:01:22:12:02:26.064000,1611313346.064,$GPGGA,110225.00,6342.683046,N,01058.743561,E,2,12,0.7,12.26,M,40.00,M,10.0,0907*4E
2021:01:22:12:02:27.064000,1611313347.064,$GPGGA,110226.00,6342.683022,N,01058.743554,E,2,12,0.7,12.30,M,40.00,M,11.0,0907*4F
2021:01:22:12:02:28.064000,1611313348.064,$GPGGA,110227.00,6342.683053,N,01058.743563,E,2,12,0.7,12.24,M,40.00,M,6.0,0907*7F
2021:01:22:12:02:29.064000,1611313349.064,$GPGGA,110228.00,6342.683068,N,01058.743529,E,2,12,0.7,12.21,M,40.00,M,7.0,0907*72
2021:01:22:12:02:30.064000,1611313350.064,$GPGGA,110229.00,6342.683041,N,01058.743563,E,2,12,0.7,12.24,M,40.00,M,8.0,0907*7C
2021:01:22:12:02:31.063000,1611313351.063,$GPGGA,110230.00,6342.683048,N,01058.743604,E,2,12,0.7,12.26,M,40.00,M,9.0,0907*7C
2021:01:22:12:02:32.063000,1611313352.063,$GPGGA,110231.00,6342.683074,N,01058.743567,E,2,12,0.7,12.23,M,40.00,M,10.0,0907*49
2021:01:22:12:02:33.063000,1611313353.063,$GPGGA,110232.00,6342.683048,N,01058.743539,E,2,12,0.7,12.24,M,40.00,M,11.0,0907*48
2021:01:22:12:02:34.063000,1611313354.063,$GPGGA,110233.00,6342.683036,N,01058.743605,E,2,12,0.7,12.29,M,40.00,M,12.0,0907*42
2021:01:22:12:02:35.063000,1611313355.063,$GPGGA,110234.00,6342.683059,N,01058.743646,E,2,12,0.7,12.27,M,40.00,M,7.0,0907*71
2021:01:22:12:02:36.064000,1611313356.064,$GPGGA,110235.00,6342.683027,N,01058.743518,E,2,12,0.7,12.22,M,40.00,M,8.0,0907*7B
2021:01:22:12:02:37.064000,1611313357.064,$GPGGA,110236.00,6342.682977,N,01058.743482,E,2,12,0.7,12.26,M,40.00,M,9.0,0907*72
2021:01:22:12:02:38.064000,1611313358.064,$GPGGA,110237.00,6342.682992,N,01058.743569,E,2,12,0.7,12.30,M,40.00,M,10.0,0907*43
2021:01:22:12:02:39.064000,1611313359.064,$GPGGA,110238.00,6342.683000,N,01058.743532,E,2,12,0.7,12.25,M,40.00,M,11.0,0907*44
2021:01:22:12:02:41.064000,1611313361.064,$GPGGA,110240.00,6342.682908,N,01058.743516,E,2,12,0.7,12.30,M,40.00,M,8.0,0907*71
2021:01:22:12:02:42.064000,1611313362.064,$GPGGA,110241.00,6342.682941,N,01058.743542,E,2,12,0.7,12.28,M,40.00,M,9.0,0907*74
2021:01:22:12:02:43.064000,1611313363.064,$GPGGA,110242.00,6342.682914,N,01058.743477,E,2,12,0.7,12.24,M,40.00,M,10.0,0907*44
2021:01:22:12:02:45.064000,1611313365.064,$GPGGA,110244.00,6342.682845,N,01058.743363,E,2,12,0.7,12.25,M,40.00,M,12.0,0907*46
2021:01:22:12:02:46.064000,1611313366.064,$GPGGA,110245.00,6342.682875,N,01058.743431,E,2,12,0.7,12.26,M,40.00,M,13.0,0907*46
2021:01:22:12:02:47.064000,1611313367.064,$GPGGA,110246.00,6342.682834,N,01058.743424,E,2,12,0.7,12.28,M,40.00,M,9.0,0907*71
2021:01:22:12:02:49.064000,1611313369.064,$GPGGA,110248.00,6342.682832,N,01058.743305,E,2,12,0.7,12.23,M,40.00,M,11.0,0907*4F
2021:01:22:12:02:50.065000,1611313370.065,$GPGGA,110249.00,6342.682818,N,01058.743324,E,2,12,0.7,12.27,M,40.00,M,12.0,0907*42
2021:01:22:12:02:51.065000,1611313371.065,$GPGGA,110250.00,6342.682790,N,01058.743312,E,2,12,0.7,12.27,M,40.00,M,7.0,0907*74
2021:01:22:12:02:53.065000,1611313373.065,$GPGGA,110252.00,6342.682792,N,01058.743306,E,2,12,0.7,12.26,M,40.00,M,9.0,0907*7E
2021:01:22:12:02:54.065000,1611313374.065,$GPGGA,110253.00,6342.682753,N,01058.743244,E,2,12,0.7,12.25,M,40.00,M,10.0,0907*4E
2021:01:22:12:02:55.065000,1611313375.065,$GPGGA,110254.00,6342.682767,N,01058.743240,E,2,12,0.7,12.26,M,40.00,M,6.0,0907*7E
2021:01:22:12:02:56.065000,1611313376.065,$GPGGA,110255.00,6342.682767,N,01058.743296,E,2,12,0.7,12.27,M,40.00,M,7.0,0907*74
2021:01:22:12:02:57.065000,1611313377.065,$GPGGA,110256.00,6342.682734,N,01058.743322,E,2,12,0.7,12.27,M,40.00,M,8.0,0907*70
2021:01:22:12:02:58.065000,1611313378.065,$GPGGA,110257.00,6342.682711,N,01058.743287,E,2,12,0.7,12.25,M,40.00,M,9.0,0907*7B
2021:01:22:12:02:59.065000,1611313379.065,$GPGGA,110258.00,6342.682715,N,01058.743289,E,2,12,0.7,12.26,M,40.00,M,10.0,0907*45
2021:01:22:12:03:01.064000,1611313381.064,$GPGGA,110300.00,6342.682624,N,01058.743161,E,2,12,0.7,12.27,M,40.00,M,6.0,0907*79
2021:01:22:12:03:02.064000,1611313382.064,$GPGGA,110301.00,6342.682606,N,01058.743192,E,2,12,0.7,12.29,M,40.00,M,7.0,0907*7B
2021:01:22:12:03:03.064000,1611313383.064,$GPGGA,110302.00,6342.682599,N,01058.743184,E,2,12,0.7,12.24,M,40.00,M,8.0,0907*78
2021:01:22:12:03:05.065000,1611313385.065,$GPGGA,110304.00,6342.682516,N,01058.743179,E,2,12,0.7,12.28,M,40.00,M,5.0,0907*7A
2021:01:22:12:03:06.065000,1611313386.065,$GPGGA,110305.00,6342.682500,N,01058.743150,E,2,12,0.7,12.27,M,40.00,M,6.0,0907*7B
2021:01:22:12:03:07.065000,1611313387.065,$GPGGA,110306.00,6342.682500,N,01058.743118,E,2,12,0.7,12.24,M,40.00,M,7.0,0907*76
2021:01:22:12:03:09.065000,1611313389.065,$GPGGA,110308.00,6342.682424,N,01058.743107,E,2,12,0.7,12.28,M,40.00,M,9.0,0907*73
2021:01:22:12:03:10.065000,1611313390.065,$GPGGA,110309.00,6342.682418,N,01058.743083,E,2,12,0.7,12.27,M,40.00,M,10.0,0907*47
2021:01:22:12:03:11.065000,1611313391.065,$GPGGA,110310.00,6342.682396,N,01058.743018,E,2,12,0.7,12.23,M,40.00,M,11.0,0907*49
2021:01:22:12:03:12.065000,1611313392.065,$GPGGA,110311.00,6342.682373,N,01058.742974,E,2,12,0.7,12.24,M,40.00,M,7.0,0907*71
2021:01:22:12:03:13.065000,1611313393.065,$GPGGA,110312.00,6342.682369,N,01058.742999,E,2,12,0.7,12.29,M,40.00,M,8.0,0907*78
2021:01:22:12:03:14.065000,1611313394.065,$GPGGA,110313.00,6342.682342,N,01058.742932,E,2,12,0.7,12.30,M,40.00,M,9.0,0907*78
2021:01:22:12:03:15.065000,1611313395.065,$GPGGA,110314.00,6342.682314,N,01058.742830,E,2,12,0.7,12.25,M,40.00,M,10.0,0907*43
2021:01:22:12:03:16.065000,1611313396.065,$GPGGA,110315.00,6342.682338,N,01058.742812,E,2,12,0.7,12.26,M,40.00,M,11.0,0907*4E
2021:01:22:12:03:17.065000,1611313397.065,$GPGGA,110316.00,6342.682313,N,01058.742812,E,2,12,0.7,12.27,M,40.00,M,12.0,0907*46
2021:01:22:12:03:18.065000,1611313398.065,$GPGGA,110317.00,6342.682286,N,01058.742820,E,2,12,0.7,12.29,M,40.00,M,7.0,0907*71
2021:01:22:12:03:19.065000,1611313399.065,$GPGGA,110318.00,6342.682309,N,01058.742753,E,2,12,0.7,12.25,M,40.00,M,8.0,0907*70
2021:01:22:12:03:20.066000,1611313400.066,$GPGGA,110319.00,6342.682307,N,01058.742727,E,2,12,0.7,12.25,M,40.00,M,9.0,0907*7D
2021:01:22:12:03:21.066000,1611313401.066,$GPGGA,110320.00,6342.682263,N,01058.742703,E,2,12,0.7,12.28,M,40.00,M,10.0,0907*47
2021:01:22:12:03:22.066000,1611313402.066,$GPGGA,110321.00,6342.682251,N,01058.742683,E,2,12,0.7,12.28,M,40.00,M,6.0,0907*79
2021:01:22:12:03:23.066000,1611313403.066,$GPGGA,110322.00,6342.682286,N,01058.742779,E,2,12,0.7,12.27,M,40.00,M,7.0,0907*7A
2021:01:22:12:03:24.066000,1611313404.066,$GPGGA,110323.00,6342.682281,N,01058.742798,E,2,12,0.7,12.26,M,40.00,M,8.0,0907*7D
2021:01:22:12:03:25.066000,1611313405.066,$GPGGA,110324.00,6342.682236,N,01058.742699,E,2,12,0.7,12.28,M,40.00,M,9.0,0907*79
2021:01:22:12:03:26.066000,1611313406.066,$GPGGA,110325.00,6342.682251,N,01058.742660,E,2,12,0.7,12.29,M,40.00,M,10.0,0907*46
2021:01:22:12:03:27.066000,1611313407.066,$GPGGA,110326.00,6342.682270,N,01058.742616,E,2,12,0.7,12.28,M,40.00,M,11.0,0907*47
2021:01:22:12:03:28.066000,1611313408.066,$GPGGA,110327.00,6342.682242,N,01058.742636,E,2,12,0.7,12.30,M,40.00,M,7.0,0907*7B
2021:01:22:12:03:29.066000,1611313409.066,$GPGGA,110328.00,6342.682265,N,01058.742690,E,2,12,0.7,12.28,M,40.00,M,8.0,0907*7B
2021:01:22:12:03:30.065000,1611313410.065,$GPGGA,110329.00,6342.682296,N,01058.742684,E,2,12,0.7,12.26,M,40.00,M,9.0,0907*7C
2021:01:22:12:03:31.066000,1611313411.066,$GPGGA,110330.00,6342.682282,N,01058.742685,E,2,12,0.7,12.28,M,40.00,M,10.0,0907*46
2021:01:22:12:03:32.065000,1611313412.065,$GPGGA,110331.00,6342.682291,N,01058.742752,E,2,12,0.7,12.29,M,40.00,M,6.0,0907*78
2021:01:22:12:03:33.065000,1611313413.065,$GPGGA,110332.00,6342.682325,N,01058.742779,E,2,12,0.7,12.25,M,40.00,M,7.0,0907*71
2021:01:22:12:03:34.065000,1611313414.065,$GPGGA,110333.00,6342.682337,N,01058.742780,E,2,12,0.7,12.23,M,40.00,M,8.0,0907*7C
2021:01:22:12:03:35.066000,1611313415.066,$GPGGA,110334.00,6342.682322,N,01058.742758,E,2,12,0.7,12.27,M,40.00,M,9.0,0907*7F
2021:01:22:12:03:36.066000,1611313416.066,$GPGGA,110335.00,6342.682312,N,01058.742763,E,2,12,0.7,12.29,M,40.00,M,10.0,0907*43
2021:01:22:12:03:37.066000,1611313417.066,$GPGGA,110336.00,6342.682345,N,01058.742790,E,2,12,0.7,12.27,M,40.00,M,11.0,0907*41
2021:01:22:12:03:38.066000,1611313418.066,$GPGGA,110337.00,6342.682354,N,01058.742802,E,2,12,0.7,12.25,M,40.00,M,7.0,0907*71
2021:01:22:12:03:39.066000,1611313419.066,$GPGGA,110338.00,6342.682313,N,01058.742848,E,2,12,0.6,12.28,M,40.00,M,8.0,0907*70
2021:01:22:12:03:40.066000,1611313420.066,$GPGGA,110339.00,6342.682328,N,01058.742910,E,2,12,0.6,12.30,M,40.00,M,9.0,0907*7D
2021:01:22:12:03:41.066000,1611313421.066,$GPGGA,110340.00,6342.682365,N,01058.742940,E,2,12,0.6,12.27,M,40.00,M,10.0,0907*41
2021:01:22:12:03:43.066000,1611313423.066,$GPGGA,110342.00,6342.682286,N,01058.742867,E,2,12,0.6,12.29,M,40.00,M,12.0,0907*47
2021:01:22:12:03:44.066000,1611313424.066,$GPGGA,110343.00,6342.682327,N,01058.742913,E,2,12,0.6,12.31,M,40.00,M,13.0,0907*46
2021:01:22:12:03:45.066000,1611313425.066,$GPGGA,110344.00,6342.682359,N,01058.743034,E,2,12,0.6,12.28,M,40.00,M,9.0,0907*76
2021:01:22:12:03:46.066000,1611313426.066,$GPGGA,110345.00,6342.682301,N,01058.743012,E,2,12,0.6,12.30,M,40.00,M,10.0,0907*4F
2021:01:22:12:03:47.066000,1611313427.066,$GPGGA,110346.00,6342.682284,N,01058.742916,E,2,12,0.6,12.28,M,40.00,M,11.0,0907*44
2021:01:22:12:03:48.066000,1611313428.066,$GPGGA,110347.00,6342.682333,N,01058.742948,E,2,12,0.6,12.29,M,40.00,M,6.0,0907*74
2021:01:22:12:03:49.066000,1611313429.066,$GPGGA,110348.00,6342.682313,N,01058.742975,E,2,12,0.6,12.32,M,40.00,M,7.0,0907*7C
2021:01:22:12:03:51.067000,1611313431.067,$GPGGA,110350.00,6342.682295,N,01058.742966,E,2,12,0.6,12.29,M,40.00,M,9.0,0907*7C
2021:01:22:12:03:52.067000,1611313432.067,$GPGGA,110351.00,6342.682302,N,01058.742941,E,2,12,0.6,12.30,M,40.00,M,10.0,0907*47
2021:01:22:12:03:53.067000,1611313433.067,$GPGGA,110352.00,6342.682264,N,01058.742893,E,2,12,0.6,12.29,M,40.00,M,11.0,0907*42
2021:01:22:12:03:55.067000,1611313435.067,$GPGGA,110354.00,6342.682278,N,01058.743013,E,2,12,0.6,12.29,M,40.00,M,8.0,0907*70
2021:01:22:12:03:56.067000,1611313436.067,$GPGGA,110355.00,6342.682257,N,01058.742885,E,2,12,0.6,12.25,M,40.00,M,9.0,0907*77
2021:01:22:12:03:57.067000,1611313437.067,$GPGGA,110356.00,6342.682244,N,01058.742921,E,2,12,0.6,12.28,M,40.00,M,10.0,0907*4C
2021:01:22:12:03:59.067000,1611313439.067,$GPGGA,110358.00,6342.682233,N,01058.743019,E,2,12,0.6,12.30,M,40.00,M,12.0,0907*4A
2021:01:22:12:04:00.067000,1611313440.067,$GPGGA,110359.00,6342.682244,N,01058.743007,E,2,12,0.6,12.26,M,40.00,M,13.0,0907*42
2021:01:22:12:04:01.067000,1611313441.067,$GPGGA,110400.00,6342.682245,N,01058.743037,E,2,12,0.6,12.25,M,40.00,M,8.0,0907*72
2021:01:22:12:04:03.066000,1611313443.066,$GPGGA,110402.00,6342.682215,N,01058.743106,E,2,12,0.6,12.28,M,40.00,M,10.0,0907*42
2021:01:22:12:04:04.067000,1611313444.067,$GPGGA,110403.00,6342.682234,N,01058.743074,E,2,12,0.6,12.23,M,40.00,M,11.0,0907*4E
2021:01:22:12:04:05.067000,1611313445.067,$GPGGA,110404.00,6342.682210,N,01058.743046,E,2,12,0.6,12.24,M,40.00,M,7.0,0907*7E
2021:01:22:12:04:06.067000,1611313446.067,$GPGGA,110405.00,6342.682194,N,01058.743103,E,2,12,0.6,12.29,M,40.00,M,8.0,0907*72
2021:01:22:12:04:07.067000,1611313447.067,$GPGGA,110406.00,6342.682211,N,01058.743175,E,2,12,0.6,12.31,M,40.00,M,9.0,0907*76
2021:01:22:12:04:08.067000,1611313448.067,$GPGGA,110407.00,6342.682216,N,01058.743122,E,2,12,0.6,12.25,M,40.00,M,10.0,0907*4F
2021:01:22:12:04:09.067000,1611313449.067,$GPGGA,110408.00,6342.682209,N,01058.743051,E,2,12,0.6,12.22,M,40.00,M,11.0,0907*4D
2021:01:22:12:04:10.067000,1611313450.067,$GPGGA,110409.00,6342.682191,N,01058.743109,E,2,12,0.6,12.28,M,40.00,M,12.0,0907*4B
2021:01:22:12:04:11.067000,1611313451.067,$GPGGA,110410.00,6342.682185,N,01058.743185,E,2,12,0.6,12.29,M,40.00,M,13.0,0907*42
2021:01:22:12:04:12.067000,1611313452.067,$GPGGA,110411.00,6342.682224,N,01058.743168,E,2,12,0.6,12.22,M,40.00,M,14.0,0907*44
2021:01:22:12:04:13.067000,1611313453.067,$GPGGA,110412.00,6342.682223,N,01058.743085,E,2,12,0.6,12.20,M,40.00,M,8.0,0907*7D
2021:01:22:12:04:14.067000,1611313454.067,$GPGGA,110413.00,6342.682194,N,01058.743148,E,2,12,0.6,12.30,M,40.00,M,9.0,0907*73
2021:01:22:12:04:15.067000,1611313455.067,$GPGGA,110414.00,6342.682220,N,01058.743250,E,2,12,0.6,12.34,M,40.00,M,5.0,0907*7A
2021:01:22:12:04:16.067000,1611313456.067,$GPGGA,110415.00,6342.682260,N,01058.743205,E,2,12,0.6,12.25,M,40.00,M,6.0,0907*7C
2021:01:22:12:04:17.067000,1611313457.067,$GPGGA,110416.00,6342.682243,N,01058.743171,E,2,12,0.6,12.24,M,40.00,M,7.0,0907*7E
2021:01:22:12:04:18.067000,1611313458.067,$GPGGA,110417.00,6342.682232,N,01058.743232,E,2,12,0.6,12.31,M,40.00,M,8.0,0907*76
2021:01:22:12:04:19.068000,1611313459.068,$GPGGA,110418.00,6342.682256,N,01058.743201,E,2,12,0.6,12.28,M,40.00,M,9.0,0907*72
2021:01:22:12:04:20.068000,1611313460.068,$GPGGA,110419.00,6342.682277,N,01058.743208,E,2,12,0.6,12.25,M,40.00,M,10.0,0907*4C
2021:01:22:12:04:21.068000,1611313461.068,$GPGGA,110420.00,6342.682286,N,01058.743291,E,2,12,0.6,12.27,M,40.00,M,11.0,0907*4B
2021:01:22:12:04:22.068000,1611313462.068,$GPGGA,110421.00,6342.682299,N,01058.743259,E,2,12,0.6,12.27,M,40.00,M,7.0,0907*77
2021:01:22:12:04:23.068000,1611313463.068,$GPGGA,110422.00,6342.682299,N,01058.743206,E,2,12,0.6,12.25,M,40.00,M,8.0,0907*73
2021:01:22:12:04:24.068000,1611313464.068,$GPGGA,110423.00,6342.682318,N,01058.743233,E,2,12,0.6,12.27,M,40.00,M,9.0,0907*7F
2021:01:22:12:04:25.068000,1611313465.068,$GPGGA,110424.00,6342.682364,N,01058.743279,E,2,12,0.6,12.28,M,40.00,M,5.0,0907*7E
2021:01:22:12:04:26.068000,1611313466.068,$GPGGA,110425.00,6342.682369,N,01058.743236,E,2,12,0.6,12.26,M,40.00,M,6.0,0907*74
2021:01:22:12:04:27.068000,1611313467.068,$GPGGA,110426.00,6342.682347,N,01058.743162,E,2,12,0.6,12.30,M,40.00,M,7.0,0907*7F
2021:01:22:12:04:28.068000,1611313468.068,$GPGGA,110427.00,6342.682378,N,01058.743151,E,2,12,0.6,12.30,M,40.00,M,8.0,0907*7D
2021:01:22:12:04:29.068000,1611313469.068,$GPGGA,110428.00,6342.682437,N,01058.743189,E,2,12,0.6,12.26,M,40.00,M,9.0,0907*7D
2021:01:22:12:04:30.068000,1611313470.068,$GPGGA,110429.00,6342.682441,N,01058.743199,E,2,12,0.6,12.28,M,40.00,M,10.0,0907*4A
2021:01:22:12:04:31.067000,1611313471.067,$GPGGA,110430.00,6342.682424,N,01058.743151,E,2,12,0.6,12.30,M,40.00,M,11.0,0907*4D
2021:01:22:12:04:32.068000,1611313472.068,$GPGGA,110431.00,6342.682475,N,01058.743180,E,2,12,0.6,12.31,M,40.00,M,6.0,0907*73
2021:01:22:12:04:33.068000,1611313473.068,$GPGGA,110432.00,6342.682507,N,01058.743219,E,2,12,0.6,12.30,M,40.00,M,7.0,0907*77
2021:01:22:12:04:34.068000,1611313474.068,$GPGGA,110433.00,6342.682501,N,01058.743165,E,2,12,0.6,12.29,M,40.00,M,8.0,0907*7F
2021:01:22:12:04:35.068000,1611313475.068,$GPGGA,110434.00,6342.682510,N,01058.743159,E,2,12,0.6,12.30,M,40.00,M,9.0,0907*7E
2021:01:22:12:04:36.068000,1611313476.068,$GPGGA,110435.00,6342.682523,N,01058.743190,E,2,12,0.6,12.31,M,40.00,M,5.0,0907*77
2021:01:22:12:04:37.068000,1611313477.068,$GPGGA,110436.00,6342.682558,N,01058.743234,E,2,12,0.6,12.29,M,40.00,M,6.0,0907*7F
2021:01:22:12:04:38.068000,1611313478.068,$GPGGA,110437.00,6342.682564,N,01058.743203,E,2,12,0.6,12.25,M,40.00,M,7.0,0907*78
2021:01:22:12:04:39.068000,1611313479.068,$GPGGA,110438.00,6342.682548,N,01058.743191,E,2,12,0.6,12.29,M,40.00,M,8.0,0907*72
2021:01:22:12:04:40.068000,1611313480.068,$GPGGA,110439.00,6342.682588,N,01058.743274,E,2,12,0.6,12.31,M,40.00,M,9.0,0907*7F
2021:01:22:12:04:41.068000,1611313481.068,$GPGGA,110440.00,6342.682611,N,01058.743276,E,2,12,0.6,12.25,M,40.00,M,10.0,0907*4D
2021:01:22:12:04:42.068000,1611313482.068,$GPGGA,110441.00,6342.682598,N,01058.743261,E,2,12,0.6,12.27,M,40.00,M,6.0,0907*7D
2021:01:22:12:04:43.068000,1611313483.068,$GPGGA,110442.00,6342.682603,N,01058.743302,E,2,12,0.6,12.31,M,40.00,M,7.0,0907*7D
2021:01:22:12:04:45.068000,1611313485.068,$GPGGA,110444.00,6342.682634,N,01058.743208,E,2,12,0.6,12.25,M,40.00,M,9.0,0907*7F
2021:01:22:12:04:46.068000,1611313486.068,$GPGGA,110445.00,6342.682626,N,01058.743292,E,2,12,0.6,12.31,M,40.00,M,10.0,0907*43
2021:01:22:12:04:47.069000,1611313487.069,$GPGGA,110446.00,6342.682655,N,01058.743329,E,2,12,0.6,12.30,M,40.00,M,11.0,0907*45
2021:01:22:12:04:49.069000,1611313489.069,$GPGGA,110448.00,6342.682648,N,01058.743248,E,2,12,0.6,12.30,M,40.00,M,8.0,0907*79
2021:01:22:12:04:50.069000,1611313490.069,$GPGGA,110449.00,6342.682663,N,01058.743278,E,2,12,0.6,12.31,M,40.00,M,9.0,0907*72
2021:01:22:12:04:51.069000,1611313491.069,$GPGGA,110450.00,6342.682692,N,01058.743334,E,2,12,0.6,12.30,M,40.00,M,10.0,0907*44
2021:01:22:12:04:53.069000,1611313493.069,$GPGGA,110452.00,6342.682661,N,01058.743263,E,2,12,0.6,12.31,M,40.00,M,12.0,0907*4A
2021:01:22:12:04:54.069000,1611313494.069,$GPGGA,110453.00,6342.682690,N,01058.743302,E,2,12,0.6,12.32,M,40.00,M,13.0,0907*41
2021:01:22:12:04:55.069000,1611313495.069,$GPGGA,110454.00,6342.682684,N,01058.743255,E,2,12,0.6,12.32,M,40.00,M,14.0,0907*47
2021:01:22:12:04:56.069000,1611313496.069,$GPGGA,110455.00,6342.682652,N,01058.743202,E,2,12,0.6,12.30,M,40.00,M,10.0,0907*49
2021:01:22:12:04:57.069000,1611313497.069,$GPGGA,110456.00,6342.682660,N,01058.743191,E,2,12,0.6,12.31,M,40.00,M,11.0,0907*42
2021:01:22:12:04:58.069000,1611313498.069,$GPGGA,110457.00,6342.682673,N,01058.743194,E,2,12,0.6,12.34,M,40.00,M,12.0,0907*42
2021:01:22:12:04:59.069000,1611313499.069,$GPGGA,110458.00,6342.682655,N,01058.743152,E,2,12,0.6,12.31,M,40.00,M,7.0,0907*72
2021:01:22:12:05:00.069000,1611313500.069,$GPGGA,110459.00,6342.682629,N,01058.743132,E,2,12,0.6,12.30,M,40.00,M,8.0,0907*70
2021:01:22:12:05:01.069000,1611313501.069,$GPGGA,110500.00,6342.682648,N,01058.743163,E,2,12,0.6,12.31,M,40.00,M,9.0,0907*7E
2021:01:22:12:05:02.070000,1611313502.07,$GPGGA,110501.00,6342.682649,N,01058.743103,E,2,12,0.6,12.26,M,40.00,M,5.0,0907*72
2021:01:22:12:05:03.069000,1611313503.069,$GPGGA,110502.00,6342.682629,N,01058.743106,E,2,12,0.6,12.28,M,40.00,M,6.0,0907*7F
2021:01:22:12:05:05.069000,1611313505.069,$GPGGA,110504.00,6342.682644,N,01058.743163,E,2,12,0.6,12.30,M,40.00,M,8.0,0907*76
2021:01:22:12:05:06.069000,1611313506.069,$GPGGA,110505.00,6342.682638,N,01058.743140,E,2,12,0.6,12.30,M,40.00,M,9.0,0907*7C
2021:01:22:12:05:07.069000,1611313507.069,$GPGGA,110506.00,6342.682653,N,01058.743135,E,2,12,0.6,12.29,M,40.00,M,10.0,0907*40
2021:01:22:12:05:09.069000,1611313509.069,$GPGGA,110508.00,6342.682644,N,01058.743171,E,2,12,0.6,12.30,M,40.00,M,7.0,0907*76
2021:01:22:12:05:10.069000,1611313510.069,$GPGGA,110509.00,6342.682675,N,01058.743217,E,2,12,0.6,12.29,M,40.00,M,8.0,0907*71
2021:01:22:12:05:11.069000,1611313511.069,$GPGGA,110510.00,6342.682686,N,01058.743232,E,2,12,0.6,12.31,M,40.00,M,9.0,0907*7A
2021:01:22:12:05:13.069000,1611313513.069,$GPGGA,110512.00,6342.682682,N,01058.743242,E,2,12,0.6,12.30,M,40.00,M,6.0,0907*75
2021:01:22:12:05:14.069000,1611313514.069,$GPGGA,110513.00,6342.682694,N,01058.743276,E,2,12,0.6,12.30,M,40.00,M,7.0,0907*75
2021:01:22:12:05:15.069000,1611313515.069,$GPGGA,110514.00,6342.682709,N,01058.743357,E,2,12,0.6,12.31,M,40.00,M,8.0,0907*7B
2021:01:22:12:05:16.069000,1611313516.069,$GPGGA,110515.00,6342.682718,N,01058.743377,E,2,12,0.6,12.30,M,40.00,M,9.0,0907*78
2021:01:22:12:05:17.070000,1611313517.07,$GPGGA,110516.00,6342.682712,N,01058.743352,E,2,12,0.6,12.28,M,40.00,M,10.0,0907*47
2021:01:22:12:05:18.070000,1611313518.07,$GPGGA,110517.00,6342.682712,N,01058.743336,E,2,12,0.6,12.27,M,40.00,M,11.0,0907*4A
2021:01:22:12:05:19.070000,1611313519.07,$GPGGA,110518.00,6342.682737,N,01058.743414,E,2,12,0.6,12.27,M,40.00,M,6.0,0907*73
2021:01:22:12:05:20.070000,1611313520.07,$GPGGA,110519.00,6342.682748,N,01058.743412,E,2,12,0.6,12.27,M,40.00,M,7.0,0907*7D
2021:01:22:12:05:21.070000,1611313521.07,$GPGGA,110520.00,6342.682740,N,01058.743426,E,2,12,0.6,12.27,M,40.00,M,8.0,0907*77
2021:01:22:12:05:22.070000,1611313522.07,$GPGGA,110521.00,6342.682760,N,01058.743487,E,2,12,0.6,12.30,M,40.00,M,9.0,0907*78
2021:01:22:12:05:23.070000,1611313523.07,$GPGGA,110522.00,6342.682783,N,01058.743442,E,2,12,0.6,12.26,M,40.00,M,5.0,0907*74
2021:01:22:12:05:24.070000,1611313524.07,$GPGGA,110523.00,6342.682791,N,01058.743441,E,2,12,0.6,12.25,M,40.00,M,6.0,0907*75
2021:01:22:12:05:25.070000,1611313525.07,$GPGGA,110524.00,6342.682782,N,01058.743483,E,2,12,0.6,12.30,M,40.00,M,7.0,0907*7B
2021:01:22:12:05:26.070000,1611313526.07,$GPGGA,110525.00,6342.682804,N,01058.743537,E,2,12,0.6,12.28,M,40.00,M,8.0,0907*73
2021:01:22:12:05:27.070000,1611313527.07,$GPGGA,110526.00,6342.682849,N,01058.743518,E,2,12,0.6,12.25,M,40.00,M,9.0,0907*78
2021:01:22:12:05:28.070000,1611313528.07,$GPGGA,110527.00,6342.682828,N,01058.743491,E,2,12,0.6,12.26,M,40.00,M,10.0,0907*45
2021:01:22:12:05:29.070000,1611313529.07,$GPGGA,110528.00,6342.682806,N,01058.743534,E,2,12,0.6,12.30,M,40.00,M,6.0,0907*78
2021:01:22:12:05:30.070000,1611313530.07,$GPGGA,110529.00,6342.682866,N,01058.743601,E,2,12,0.6,12.26,M,40.00,M,7.0,0907*7C
2021:01:22:12:05:31.071000,1611313531.071,$GPGGA,110530.00,6342.682899,N,01058.743613,E,2,12,0.6,12.23,M,40.00,M,8.0,0907*7D
2021:01:22:12:05:32.070000,1611313532.07,$GPGGA,110531.00,6342.682841,N,01058.743584,E,2,12,0.6,12.27,M,40.00,M,9.0,0907*71
2021:01:22:12:05:33.070000,1611313533.07,$GPGGA,110532.00,6342.682852,N,01058.743662,E,2,12,0.6,12.32,M,40.00,M,10.0,0907*47
2021:01:22:12:05:34.070000,1611313534.07,$GPGGA,110533.00,6342.682919,N,01058.743721,E,2,12,0.6,12.29,M,40.00,M,11.0,0907*45
2021:01:22:12:05:35.070000,1611313535.07,$GPGGA,110534.00,6342.682903,N,01058.743657,E,2,12,0.6,12.22,M,40.00,M,12.0,0907*41
2021:01:22:12:05:36.070000,1611313536.07,$GPGGA,110535.00,6342.682861,N,01058.743685,E,2,12,0.6,12.25,M,40.00,M,8.0,0907*76
2021:01:22:12:05:37.070000,1611313537.07,$GPGGA,110536.00,6342.682895,N,01058.743787,E,2,12,0.6,12.29,M,40.00,M,9.0,0907*70
2021:01:22:12:05:38.070000,1611313538.07,$GPGGA,110537.00,6342.682945,N,01058.743863,E,2,12,0.6,12.25,M,40.00,M,10.0,0907*4C
2021:01:22:12:05:39.070000,1611313539.07,$GPGGA,110538.00,6342.682927,N,01058.743829,E,2,12,0.6,12.22,M,40.00,M,11.0,0907*4F
2021:01:22:12:05:40.070000,1611313540.07,$GPGGA,110539.00,6342.682908,N,01058.743813,E,2,12,0.6,12.25,M,40.00,M,12.0,0907*4E
2021:01:22:12:05:41.070000,1611313541.07,$GPGGA,110540.00,6342.682928,N,01058.743867,E,2,12,0.6,12.27,M,40.00,M,13.0,0907*42
2021:01:22:12:05:42.070000,1611313542.07,$GPGGA,110541.00,6342.682947,N,01058.743889,E,2,12,0.6,12.25,M,40.00,M,14.0,0907*4F
2021:01:22:12:05:43.070000,1611313543.07,$GPGGA,110542.00,6342.682960,N,01058.743923,E,2,12,0.6,12.25,M,40.00,M,10.0,0907*4C
2021:01:22:12:05:44.070000,1611313544.07,$GPGGA,110543.00,6342.682968,N,01058.744000,E,2,12,0.6,12.27,M,40.00,M,11.0,0907*49
2021:01:22:12:05:45.070000,1611313545.07,$GPGGA,110544.00,6342.682954,N,01058.743934,E,2,12,0.6,12.26,M,40.00,M,12.0,0907*4A
2021:01:22:12:05:47.071000,1611313547.071,$GPGGA,110546.00,6342.683004,N,01058.744002,E,2,12,0.7,12.31,M,40.00,M,8.0,0907*72
2021:01:22:12:05:48.071000,1611313548.071,$GPGGA,110547.00,6342.682997,N,01058.743980,E,2,12,0.7,12.29,M,40.00,M,9.0,0907*7D
2021:01:22:12:05:49.071000,1611313549.071,$GPGGA,110548.00,6342.683013,N,01058.743999,E,2,12,0.7,12.30,M,40.00,M,10.0,0907*4E
2021:01:22:12:05:50.071000,1611313550.071,$GPGGA,110549.00,6342.683033,N,01058.744046,E,2,12,0.7,12.34,M,40.00,M,11.0,0907*44
2021:01:22:12:05:51.071000,1611313551.071,$GPGGA,110550.00,6342.683036,N,01058.743958,E,2,12,0.7,12.31,M,40.00,M,12.0,0907*4E
2021:01:22:12:05:52.071000,1611313552.071,$GPGGA,110551.00,6342.683054,N,01058.743971,E,2,12,0.6,12.29,M,40.00,M,13.0,0907*49
2021:01:22:12:05:53.071000,1611313553.071,$GPGGA,110552.00,6342.683054,N,01058.743990,E,2,12,0.6,12.31,M,40.00,M,14.0,0907*4B
2021:01:22:12:05:55.071000,1611313555.071,$GPGGA,110554.00,6342.683090,N,01058.744032,E,2,12,0.7,12.29,M,40.00,M,16.0,0907*49
2021:01:22:12:05:56.071000,1611313556.071,$GPGGA,110555.00,6342.683096,N,01058.743927,E,2,12,0.7,12.25,M,40.00,M,12.0,0907*4C
2021:01:22:12:05:57.071000,1611313557.071,$GPGGA,110556.00,6342.683093,N,01058.743931,E,2,12,0.7,12.29,M,40.00,M,13.0,0907*40
2021:01:22:12:05:59.071000,1611313559.071,$GPGGA,110558.00,6342.683111,N,01058.743911,E,2,12,0.6,12.28,M,40.00,M,15.0,0907*41
2021:01:22:12:06:00.071000,1611313560.071,$GPGGA,110559.00,6342.683121,N,01058.743835,E,2,12,0.6,12.26,M,40.00,M,6.0,0907*78
2021:01:22:12:06:01.072000,1611313561.072,$GPGGA,110600.00,6342.683096,N,01058.743852,E,2,12,0.6,12.32,M,40.00,M,7.0,0907*7F
2021:01:22:12:06:03.071000,1611313563.071,$GPGGA,110602.00,6342.683125,N,01058.743815,E,2,12,0.6,12.27,M,40.00,M,9.0,0907*7D
2021:01:22:12:06:04.071000,1611313564.071,$GPGGA,110603.00,6342.683095,N,01058.743775,E,2,12,0.6,12.27,M,40.00,M,10.0,0907*47
2021:01:22:12:06:05.071000,1611313565.071,$GPGGA,110604.00,6342.683073,N,01058.743714,E,2,12,0.6,12.31,M,40.00,M,11.0,0907*49
2021:01:22:12:06:07.071000,1611313567.071,$GPGGA,110606.00,6342.683071,N,01058.743650,E,2,12,0.6,12.27,M,40.00,M,7.0,0907*78
2021:01:22:12:06:08.071000,1611313568.071,$GPGGA,110607.00,6342.683045,N,01058.743619,E,2,12,0.6,12.27,M,40.00,M,8.0,0907*7C
2021:01:22:12:06:09.071000,1611313569.071,$GPGGA,110608.00,6342.683026,N,01058.743636,E,2,12,0.6,12.32,M,40.00,M,9.0,0907*7E
2021:01:22:12:06:10.071000,1611313570.071,$GPGGA,110609.00,6342.683018,N,01058.743564,E,2,12,0.6,12.31,M,40.00,M,10.0,0907*4D
2021:01:22:12:06:11.071000,1611313571.071,$GPGGA,110610.00,6342.683002,N,01058.743474,E,2,12,0.6,12.25,M,40.00,M,11.0,0907*4A
2021:01:22:12:06:12.071000,1611313572.071,$GPGGA,110611.00,6342.682977,N,01058.743481,E,2,12,0.6,12.28,M,40.00,M,12.0,0907*45
2021:01:22:12:06:13.071000,1611313573.071,$GPGGA,110612.00,6342.682954,N,01058.743478,E,2,12,0.6,12.32,M,40.00,M,8.0,0907*71
2021:01:22:12:06:15.072000,1611313575.072,$GPGGA,110614.00,6342.682901,N,01058.743292,E,2,12,0.6,12.27,M,40.00,M,10.0,0907*48
2021:01:22:12:06:16.072000,1611313576.072,$GPGGA,110615.00,6342.682883,N,01058.743258,E,2,12,0.6,12.28,M,40.00,M,6.0,0907*7C
2021:01:22:12:06:17.072000,1611313577.072,$GPGGA,110616.00,6342.682869,N,01058.743189,E,2,12,0.6,12.28,M,40.00,M,7.0,0907*75
2021:01:22:12:06:18.072000,1611313578.072,$GPGGA,110617.00,6342.682831,N,01058.743184,E,2,12,0.6,12.29,M,40.00,M,8.0,0907*7A
2021:01:22:12:06:19.072000,1611313579.072,$GPGGA,110618.00,6342.682808,N,01058.743189,E,2,12,0.6,12.30,M,40.00,M,9.0,0907*7B
2021:01:22:12:06:20.072000,1611313580.072,$GPGGA,110619.00,6342.682812,N,01058.743105,E,2,12,0.6,12.25,M,40.00,M,10.0,0907*49
2021:01:22:12:06:21.072000,1611313581.072,$GPGGA,110620.00,6342.682772,N,01058.743006,E,2,12,0.6,12.25,M,40.00,M,11.0,0907*49
2021:01:22:12:06:22.072000,1611313582.072,$GPGGA,110621.00,6342.682718,N,01058.742984,E,2,12,0.6,12.30,M,40.00,M,12.0,0907*41
2021:01:22:12:06:23.072000,1611313583.072,$GPGGA,110622.00,6342.682735,N,01058.743047,E,2,12,0.6,12.29,M,40.00,M,8.0,0907*79
2021:01:22:12:06:24.072000,1611313584.072,$GPGGA,110623.00,6342.682722,N,01058.742966,E,2,12,0.6,12.25,M,40.00,M,9.0,0907*78
2021:01:22:12:06:25.072000,1611313585.072,$GPGGA,110624.00,6342.682645,N,01058.742876,E,2,12,0.6,12.25,M,40.00,M,10.0,0907*47
2021:01:22:12:06:26.072000,1611313586.072,$GPGGA,110625.00,6342.682629,N,01058.742892,E,2,12,0.6,12.29,M,40.00,M,6.0,0907*7D
2021:01:22:12:06:27.072000,1611313587.072,$GPGGA,110626.00,6342.682637,N,01058.742941,E,2,12,0.6,12.31,M,40.00,M,7.0,0907*76
2021:01:22:12:06:28.072000,1611313588.072,$GPGGA,110627.00,6342.682591,N,01058.742883,E,2,12,0.6,12.29,M,40.00,M,8.0,0907*71
2021:01:22:12:06:29.072000,1611313589.072,$GPGGA,110628.00,6342.682537,N,01058.742813,E,2,12,0.6,12.27,M,40.00,M,9.0,0907*74
2021:01:22:12:06:30.073000,1611313590.073,$GPGGA,110629.00,6342.682510,N,01058.742838,E,2,12,0.6,12.30,M,40.00,M,10.0,0907*47
2021:01:22:12:06:31.073000,1611313591.073,$GPGGA,110630.00,6342.682491,N,01058.742830,E,2,12,0.6,12.31,M,40.00,M,11.0,0907*4F
2021:01:22:12:06:32.073000,1611313592.073,$GPGGA,110631.00,6342.682456,N,01058.742797,E,2,12,0.6,12.28,M,40.00,M,12.0,0907*4C
2021:01:22:12:06:33.072000,1611313593.072,$GPGGA,110632.00,6342.682426,N,01058.742808,E,2,12,0.6,12.31,M,40.00,M,7.0,0907*7D
2021:01:22:12:06:34.072000,1611313594.072,$GPGGA,110633.00,6342.682408,N,01058.742820,E,2,12,0.6,12.32,M,40.00,M,8.0,0907*76
2021:01:22:12:06:35.072000,1611313595.072,$GPGGA,110634.00,6342.682395,N,01058.742828,E,2,12,0.6,12.32,M,40.00,M,9.0,0907*7B
2021:01:22:12:06:36.072000,1611313596.072,$GPGGA,110635.00,6342.682361,N,01058.742802,E,2,12,0.6,12.33,M,40.00,M,10.0,0907*40
2021:01:22:12:06:37.072000,1611313597.072,$GPGGA,110636.00,6342.682342,N,01058.742754,E,2,12,0.6,12.29,M,40.00,M,6.0,0907*72
2021:01:22:12:06:38.072000,1611313598.072,$GPGGA,110637.00,6342.682346,N,01058.742741,E,2,12,0.7,12.31,M,40.00,M,7.0,0907*7A
2021:01:22:12:06:39.072000,1611313599.072,$GPGGA,110638.00,6342.682332,N,01058.742793,E,2,12,0.7,12.34,M,40.00,M,8.0,0907*73
2021:01:22:12:06:40.072000,1611313600.072,$GPGGA,110639.00,6342.682324,N,01058.742819,E,2,12,0.6,12.35,M,40.00,M,9.0,0907*79
2021:01:22:12:06:41.072000,1611313601.072,$GPGGA,110640.00,6342.682331,N,01058.742779,E,2,12,0.6,12.32,M,40.00,M,10.0,0907*45
2021:01:22:12:06:42.072000,1611313602.072,$GPGGA,110641.00,6342.682324,N,01058.742733,E,2,12,0.6,12.32,M,40.00,M,11.0,0907*4F
2021:01:22:12:06:43.072000,1611313603.072,$GPGGA,110642.00,6342.682327,N,01058.742768,E,2,12,0.6,12.31,M,40.00,M,7.0,0907*75
2021:01:22:12:06:44.073000,1611313604.073,$GPGGA,110643.00,6342.682350,N,01058.742794,E,2,12,0.6,12.31,M,40.00,M,8.0,0907*78
2021:01:22:12:06:45.073000,1611313605.073,$GPGGA,110644.00,6342.682345,N,01058.742782,E,2,12,0.6,12.32,M,40.00,M,9.0,0907*7E
2021:01:22:12:06:46.073000,1611313606.073,$GPGGA,110645.00,6342.682346,N,01058.742771,E,2,12,0.6,12.33,M,40.00,M,10.0,0907*49
2021:01:22:12:06:47.073000,1611313607.073,$GPGGA,110646.00,6342.682372,N,01058.742754,E,2,12,0.6,12.31,M,40.00,M,5.0,0907*7C
2021:01:22:12:06:49.073000,1611313609.073,$GPGGA,110648.00,6342.682368,N,01058.742752,E,2,12,0.6,12.32,M,40.00,M,7.0,0907*7E
2021:01:22:12:06:50.073000,1611313610.073,$GPGGA,110649.00,6342.682407,N,01058.742808,E,2,12,0.6,12.32,M,40.00,M,8.0,0907*7E
2021:01:22:12:06:51.073000,1611313611.073,$GPGGA,110650.00,6342.682403,N,01058.742756,E,2,12,0.7,12.31,M,40.00,M,9.0,0907*75
2021:01:22:12:06:52.073000,1611313612.073,$GPGGA,110651.00,6342.682388,N,01058.742708,E,2,12,0.7,12.31,M,40.00,M,10.0,0907*43
2021:01:22:12:06:53.073000,1611313613.073,$GPGGA,110652.00,6342.682409,N,01058.742737,E,2,12,0.7,12.32,M,40.00,M,11.0,0907*40
2021:01:22:12:06:54.073000,1611313614.073,$GPGGA,110653.00,6342.682412,N,01058.742748,E,2,12,0.7,12.31,M,40.00,M,12.0,0907*43
2021:01:22:12:06:55.073000,1611313615.073,$GPGGA,110654.00,6342.682420,N,01058.742778,E,2,12,0.7,12.31,M,40.00,M,13.0,0907*47
2021:01:22:12:06:57.073000,1611313617.073,$GPGGA,110656.00,6342.682402,N,01058.742697,E,2,12,0.7,12.27,M,40.00,M,5.0,0907*75
2021:01:22:12:06:58.073000,1611313618.073,$GPGGA,110657.00,6342.682388,N,01058.742699,E,2,12,0.6,12.27,M,40.00,M,6.0,0907*7D
2021:01:22:12:06:59.074000,1611313619.074,$GPGGA,110658.00,6342.682414,N,01058.742785,E,2,12,0.6,12.31,M,40.00,M,7.0,0907*7A
2021:01:22:12:07:00.074000,1611313620.074,$GPGGA,110659.00,6342.682410,N,01058.742793,E,2,12,0.7,12.29,M,40.00,M,8.0,0907*7F
2021:01:22:12:07:01.074000,1611313621.074,$GPGGA,110700.00,6342.682399,N,01058.742849,E,2,12,0.7,12.27,M,40.00,M,9.0,0907*73
2021:01:22:12:07:02.074000,1611313622.074,$GPGGA,110701.00,6342.682386,N,01058.742815,E,2,12,0.7,12.26,M,40.00,M,10.0,0907*4C
2021:01:22:12:07:03.073000,1611313623.073,$GPGGA,110702.00,6342.682369,N,01058.742757,E,2,12,0.6,12.26,M,40.00,M,6.0,0907*71
2021:01:22:12:07:05.073000,1611313625.073,$GPGGA,110704.00,6342.682382,N,01058.742965,E,2,12,0.6,12.27,M,40.00,M,8.0,0907*72
2021:01:22:12:07:06.073000,1611313626.073,$GPGGA,110705.00,6342.682376,N,01058.742918,E,2,12,0.6,12.23,M,40.00,M,9.0,0907*77
2021:01:22:12:07:07.073000,1611313627.073,$GPGGA,110706.00,6342.682378,N,01058.742981,E,2,12,0.6,12.26,M,40.00,M,10.0,0907*47
2021:01:22:12:07:09.073000,1611313629.073,$GPGGA,110708.00,6342.682377,N,01058.743039,E,2,12,0.6,12.28,M,40.00,M,12.0,0907*41
2021:01:22:12:07:10.073000,1611313630.073,$GPGGA,110709.00,6342.682390,N,01058.743129,E,2,12,0.6,12.28,M,40.00,M,7.0,0907*7D
2021:01:22:12:07:11.073000,1611313631.073,$GPGGA,110710.00,6342.682398,N,01058.743116,E,2,12,0.6,12.27,M,40.00,M,8.0,0907*71
2021:01:22:12:07:13.073000,1611313633.073,$GPGGA,110712.00,6342.682389,N,01058.743127,E,2,12,0.6,12.29,M,40.00,M,10.0,0907*46
2021:01:22:12:07:14.074000,1611313634.074,$GPGGA,110713.00,6342.682422,N,01058.743169,E,2,12,0.6,12.28,M,40.00,M,6.0,0907*7D
2021:01:22:12:07:15.074000,1611313635.074,$GPGGA,110714.00,6342.682450,N,01058.743206,E,2,12,0.6,12.26,M,40.00,M,7.0,0907*7A
2021:01:22:12:07:17.074000,1611313637.074,$GPGGA,110716.00,6342.682462,N,01058.743208,E,2,12,0.6,12.27,M,40.00,M,9.0,0907*78
2021:01:22:12:07:18.074000,1611313638.074,$GPGGA,110717.00,6342.682487,N,01058.743189,E,2,12,0.6,12.26,M,40.00,M,10.0,0907*41
2021:01:22:12:07:19.074000,1611313639.074,$GPGGA,110718.00,6342.682472,N,01058.743157,E,2,12,0.6,12.25,M,40.00,M,11.0,0907*45
2021:01:22:12:07:20.074000,1611313640.074,$GPGGA,110719.00,6342.682487,N,01058.743143,E,2,12,0.6,12.28,M,40.00,M,7.0,0907*71
2021:01:22:12:07:21.074000,1611313641.074,$GPGGA,110720.00,6342.682502,N,01058.743135,E,2,12,0.6,12.29,M,40.00,M,8.0,0907*78
2021:01:22:12:07:22.074000,1611313642.074,$GPGGA,110721.00,6342.682504,N,01058.743104,E,2,12,0.6,12.28,M,40.00,M,9.0,0907*7D
2021:01:22:12:07:23.074000,1611313643.074,$GPGGA,110722.00,6342.682502,N,01058.743101,E,2,12,0.6,12.27,M,40.00,M,10.0,0907*4A
2021:01:22:12:07:24.074000,1611313644.074,$GPGGA,110723.00,6342.682517,N,01058.743117,E,2,12,0.6,12.30,M,40.00,M,5.0,0907*7A
2021:01:22:12:07:25.074000,1611313645.074,$GPGGA,110724.00,6342.682524,N,01058.743064,E,2,12,0.6,12.29,M,40.00,M,6.0,0907*73
2021:01:22:12:07:26.074000,1611313646.074,$GPGGA,110725.00,6342.682505,N,01058.743053,E,2,12,0.6,12.29,M,40.00,M,7.0,0907*74
2021:01:22:12:07:27.074000,1611313647.074,$GPGGA,110726.00,6342.682524,N,01058.743104,E,2,12,0.6,12.29,M,40.00,M,8.0,0907*78
2021:01:22:12:07:28.074000,1611313648.074,$GPGGA,110727.00,6342.682549,N,01058.743109,E,2,12,0.6,12.27,M,40.00,M,9.0,0907*70
2021:01:22:12:07:29.075000,1611313649.075,$GPGGA,110728.00,6342.682529,N,01058.743120,E,2,12,0.6,12.28,M,40.00,M,10.0,0907*45
2021:01:22:12:07:30.075000,1611313650.075,$GPGGA,110729.00,6342.682518,N,01058.743143,E,2,12,0.6,12.30,M,40.00,M,6.0,0907*7D
2021:01:22:12:07:31.075000,1611313651.075,$GPGGA,110730.00,6342.682550,N,01058.743141,E,2,12,0.6,12.26,M,40.00,M,7.0,0907*7D
2021:01:22:12:07:32.074000,1611313652.074,$GPGGA,110731.00,6342.682562,N,01058.743194,E,2,12,0.6,12.24,M,40.00,M,8.0,0907*78
2021:01:22:12:07:33.075000,1611313653.075,$GPGGA,110732.00,6342.682559,N,01058.743252,E,2,12,0.6,12.30,M,40.00,M,9.0,0907*7E
2021:01:22:12:07:34.074000,1611313654.074,$GPGGA,110733.00,6342.682553,N,01058.743251,E,2,12,0.6,12.29,M,40.00,M,10.0,0907*46
2021:01:22:12:07:35.074000,1611313655.074,$GPGGA,110734.00,6342.682551,N,01058.743271,E,2,12,0.6,12.27,M,40.00,M,11.0,0907*4E
2021:01:22:12:07:36.074000,1611313656.074,$GPGGA,110735.00,6342.682568,N,01058.743294,E,2,12,0.6,12.27,M,40.00,M,12.0,0907*4D
2021:01:22:12:07:37.074000,1611313657.074,$GPGGA,110736.00,6342.682579,N,01058.743383,E,2,12,0.6,12.29,M,40.00,M,8.0,0907*7C
2021:01:22:12:07:38.074000,1611313658.074,$GPGGA,110737.00,6342.682565,N,01058.743460,E,2,12,0.6,12.30,M,40.00,M,9.0,0907*73
2021:01:22:12:07:39.074000,1611313659.074,$GPGGA,110738.00,6342.682567,N,01058.743503,E,2,12,0.6,12.28,M,40.00,M,10.0,0907*4B
2021:01:22:12:07:40.074000,1611313660.074,$GPGGA,110739.00,6342.682582,N,01058.743474,E,2,12,0.6,12.26,M,40.00,M,5.0,0907*7A
2021:01:22:12:07:41.074000,1611313661.074,$GPGGA,110740.00,6342.682577,N,01058.743512,E,2,12,0.6,12.28,M,40.00,M,6.0,0907*72
2021:01:22:12:07:42.074000,1611313662.074,$GPGGA,110741.00,6342.682569,N,01058.743601,E,2,12,0.6,12.30,M,40.00,M,7.0,0907*75
2021:01:22:12:07:43.074000,1611313663.074,$GPGGA,110742.00,6342.682583,N,01058.743620,E,2,12,0.6,12.27,M,40.00,M,8.0,0907*78
2021:01:22:12:07:44.075000,1611313664.075,$GPGGA,110743.00,6342.682602,N,01058.743649,E,2,12,0.6,12.26,M,40.00,M,9.0,0907*7C
2021:01:22:12:07:45.075000,1611313665.075,$GPGGA,110744.00,6342.682587,N,01058.743664,E,2,12,0.6,12.27,M,40.00,M,10.0,0907*43
2021:01:22:12:07:46.075000,1611313666.075,$GPGGA,110745.00,6342.682597,N,01058.743756,E,2,12,0.7,12.29,M,40.00,M,11.0,0907*4D
2021:01:22:12:07:47.075000,1611313667.075,$GPGGA,110746.00,6342.682634,N,01058.743878,E,2,12,0.7,12.29,M,40.00,M,7.0,0907*70
2021:01:22:12:07:48.075000,1611313668.075,$GPGGA,110747.00,6342.682622,N,01058.743814,E,2,12,0.7,12.24,M,40.00,M,8.0,0907*7E
2021:01:22:12:07:49.075000,1611313669.075,$GPGGA,110748.00,6342.682622,N,01058.743795,E,2,12,0.6,12.25,M,40.00,M,9.0,0907*76
2021:01:22:12:07:50.075000,1611313670.075,$GPGGA,110749.00,6342.682647,N,01058.743910,E,2,12,0.7,12.28,M,40.00,M,5.0,0907*77
2021:01:22:12:07:51.075000,1611313671.075,$GPGGA,110750.00,6342.682650,N,01058.743958,E,2,12,0.7,12.28,M,40.00,M,6.0,0907*76
2021:01:22:12:07:52.075000,1611313672.075,$GPGGA,110751.00,6342.682676,N,01058.743967,E,2,12,0.7,12.25,M,40.00,M,7.0,0907*73
2021:01:22:12:07:53.075000,1611313673.075,$GPGGA,110752.00,6342.682690,N,01058.743995,E,2,12,0.7,12.26,M,40.00,M,8.0,0907*79
2021:01:22:12:07:55.075000,1611313675.075,$GPGGA,110754.00,6342.682716,N,01058.744067,E,2,12,0.7,12.26,M,40.00,M,10.0,0907*4A
2021:01:22:12:07:56.075000,1611313676.075,$GPGGA,110755.00,6342.682734,N,01058.744097,E,2,12,0.7,12.25,M,40.00,M,11.0,0907*46
2021:01:22:12:07:57.075000,1611313677.075,$GPGGA,110756.00,6342.682729,N,01058.744094,E,2,12,0.7,12.27,M,40.00,M,6.0,0907*7E
2021:01:22:12:07:59.076000,1611313679.076,$GPGGA,110758.00,6342.682757,N,01058.744084,E,2,12,0.6,12.23,M,40.00,M,8.0,0907*73
2021:01:22:12:08:00.076000,1611313680.076,$GPGGA,110759.00,6342.682757,N,01058.744100,E,2,12,0.6,12.24,M,40.00,M,9.0,0907*79
2021:01:22:12:08:01.076000,1611313681.076,$GPGGA,110800.00,6342.682755,N,01058.744093,E,2,12,0.6,12.26,M,40.00,M,5.0,0907*7D
2021:01:22:12:08:03.075000,1611313683.075,$GPGGA,110802.00,6342.682780,N,01058.744028,E,2,12,0.6,12.23,M,40.00,M,7.0,0907*70
2021:01:22:12:08:04.075000,1611313684.075,$GPGGA,110803.00,6342.682774,N,01058.744042,E,2,12,0.6,12.27,M,40.00,M,8.0,0907*7D
2021:01:22:12:08:05.075000,1611313685.075,$GPGGA,110804.00,6342.682747,N,01058.744017,E,2,12,0.6,12.27,M,40.00,M,9.0,0907*7B
2021:01:22:12:08:07.075000,1611313687.075,$GPGGA,110806.00,6342.682774,N,01058.743909,E,2,12,0.6,12.26,M,40.00,M,11.0,0907*40
2021:01:22:12:08:08.075000,1611313688.075,$GPGGA,110807.00,6342.682753,N,01058.743888,E,2,12,0.6,12.28,M,40.00,M,12.0,0907*41
2021:01:22:12:08:09.075000,1611313689.075,$GPGGA,110808.00,6342.682741,N,01058.743827,E,2,12,0.6,12.25,M,40.00,M,13.0,0907*44
2021:01:22:12:08:10.075000,1611313690.075,$GPGGA,110809.00,6342.682740,N,01058.743749,E,2,12,0.6,12.23,M,40.00,M,14.0,0907*42
2021:01:22:12:08:11.075000,1611313691.075,$GPGGA,110810.00,6342.682746,N,01058.743745,E,2,12,0.6,12.29,M,40.00,M,6.0,0907*79
2021:01:22:12:08:12.075000,1611313692.075,$GPGGA,110811.00,6342.682749,N,01058.743751,E,2,12,0.6,12.30,M,40.00,M,7.0,0907*7B
2021:01:22:12:08:13.075000,1611313693.075,$GPGGA,110812.00,6342.682766,N,01058.743692,E,2,12,0.6,12.26,M,40.00,M,8.0,0907*73
2021:01:22:12:08:15.076000,1611313695.076,$GPGGA,110814.00,6342.682746,N,01058.743648,E,2,12,0.6,12.31,M,40.00,M,6.0,0907*78
2021:01:22:12:08:16.076000,1611313696.076,$GPGGA,110815.00,6342.682782,N,01058.743665,E,2,12,0.6,12.29,M,40.00,M,7.0,0907*76
2021:01:22:12:08:17.076000,1611313697.076,$GPGGA,110816.00,6342.682799,N,01058.743579,E,2,12,0.6,12.23,M,40.00,M,8.0,0907*74
2021:01:22:12:08:19.076000,1611313699.076,$GPGGA,110818.00,6342.682761,N,01058.743551,E,2,12,0.6,12.30,M,40.00,M,10.0,0907*4C
2021:01:22:12:08:20.076000,1611313700.076,$GPGGA,110819.00,6342.682794,N,01058.743499,E,2,12,0.6,12.26,M,40.00,M,11.0,0907*44
2021:01:22:12:08:21.076000,1611313701.076,$GPGGA,110820.00,6342.682812,N,01058.743445,E,2,12,0.6,12.26,M,40.00,M,7.0,0907*79
2021:01:22:12:08:22.076000,1611313702.076,$GPGGA,110821.00,6342.682753,N,01058.743389,E,2,12,0.6,12.29,M,40.00,M,8.0,0907*75
2021:01:22:12:08:23.076000,1611313703.076,$GPGGA,110822.00,6342.682750,N,01058.743309,E,2,12,0.6,12.28,M,40.00,M,9.0,0907*7D
2021:01:22:12:08:24.076000,1611313704.076,$GPGGA,110823.00,6342.682780,N,01058.743243,E,2,12,0.6,12.26,M,40.00,M,5.0,0907*7C
2021:01:22:12:08:25.076000,1611313705.076,$GPGGA,110824.00,6342.682750,N,01058.743205,E,2,12,0.6,12.27,M,40.00,M,6.0,0907*76
2021:01:22:12:08:26.076000,1611313706.076,$GPGGA,110825.00,6342.682719,N,01058.743185,E,2,12,0.6,12.30,M,40.00,M,7.0,0907*76
2021:01:22:12:08:27.076000,1611313707.076,$GPGGA,110826.00,6342.682723,N,01058.743102,E,2,12,0.6,12.29,M,40.00,M,8.0,0907*74
2021:01:22:12:08:28.077000,1611313708.077,$GPGGA,110827.00,6342.682735,N,01058.743052,E,2,12,0.6,12.27,M,40.00,M,9.0,0907*79
2021:01:22:12:08:29.077000,1611313709.077,$GPGGA,110828.00,6342.682696,N,01058.743023,E,2,12,0.7,12.31,M,40.00,M,10.0,0907*46
2021:01:22:12:08:30.077000,1611313710.077,$GPGGA,110829.00,6342.682677,N,01058.742934,E,2,12,0.7,12.29,M,40.00,M,6.0,0907*78
2021:01:22:12:08:31.077000,1611313711.077,$GPGGA,110830.00,6342.682688,N,01058.742890,E,2,12,0.7,12.26,M,40.00,M,7.0,0907*71
2021:01:22:12:08:32.076000,1611313712.076,$GPGGA,110831.00,6342.682679,N,01058.742933,E,2,12,0.7,12.30,M,40.00,M,8.0,0907*7E
2021:01:22:12:08:33.076000,1611313713.076,$GPGGA,110832.00,6342.682661,N,01058.742843,E,2,12,0.6,12.31,M,40.00,M,9.0,0907*73
2021:01:22:12:08:34.076000,1611313714.076,$GPGGA,110833.00,6342.682636,N,01058.742741,E,2,12,0.6,12.29,M,40.00,M,10.0,0907*4C
2021:01:22:12:08:35.076000,1611313715.076,$GPGGA,110834.00,6342.682637,N,01058.742773,E,2,12,0.6,12.32,M,40.00,M,11.0,0907*40
2021:01:22:12:08:36.076000,1611313716.076,$GPGGA,110835.00,6342.682643,N,01058.742769,E,2,12,0.6,12.33,M,40.00,M,12.0,0907*4B
2021:01:22:12:08:37.076000,1611313717.076,$GPGGA,110836.00,6342.682616,N,01058.742669,E,2,12,0.6,12.29,M,40.00,M,13.0,0907*43
2021:01:22:12:08:38.076000,1611313718.076,$GPGGA,110837.00,6342.682586,N,01058.742640,E,2,12,0.6,12.31,M,40.00,M,8.0,0907*70
2021:01:22:12:08:39.076000,1611313719.076,$GPGGA,110838.00,6342.682585,N,01058.742655,E,2,12,0.6,12.34,M,40.00,M,9.0,0907*7C
2021:01:22:12:08:40.076000,1611313720.076,$GPGGA,110839.00,6342.682577,N,01058.742619,E,2,12,0.6,12.32,M,40.00,M,10.0,0907*46
2021:01:22:12:08:41.076000,1611313721.076,$GPGGA,110840.00,6342.682560,N,01058.742575,E,2,12,0.6,12.30,M,40.00,M,6.0,0907*72
2021:01:22:12:08:42.076000,1611313722.076,$GPGGA,110841.00,6342.682539,N,01058.742548,E,2,12,0.6,12.31,M,40.00,M,7.0,0907*71
2021:01:22:12:08:43.077000,1611313723.077,$GPGGA,110842.00,6342.682508,N,01058.742491,E,2,12,0.6,12.32,M,40.00,M,8.0,0907*79
2021:01:22:12:08:44.077000,1611313724.077,$GPGGA,110843.00,6342.682498,N,01058.742436,E,2,12,0.6,12.32,M,40.00,M,9.0,0907*7C
2021:01:22:12:08:45.077000,1611313725.077,$GPGGA,110844.00,6342.682499,N,01058.742440,E,2,12,0.7,12.29,M,40.00,M,10.0,0907*48
2021:01:22:12:08:46.077000,1611313726.077,$GPGGA,110845.00,6342.682470,N,01058.742412,E,2,12,0.7,12.29,M,40.00,M,11.0,0907*48
2021:01:22:12:08:47.077000,1611313727.077,$GPGGA,110846.00,6342.682449,N,01058.742379,E,2,12,0.7,12.30,M,40.00,M,12.0,0907*40
2021:01:22:12:08:48.077000,1611313728.077,$GPGGA,110847.00,6342.682440,N,01058.742375,E,2,12,0.7,12.32,M,40.00,M,7.0,0907*72
2021:01:22:12:08:49.077000,1611313729.077,$GPGGA,110848.00,6342.682432,N,01058.742302,E,2,12,0.7,12.29,M,40.00,M,8.0,0907*7D
2021:01:22:12:08:50.077000,1611313730.077,$GPGGA,110849.00,6342.682405,N,01058.742221,E,2,12,0.7,12.27,M,40.00,M,9.0,0907*77
2021:01:22:12:08:51.077000,1611313731.077,$GPGGA,110850.00,6342.682382,N,01058.742277,E,2,12,0.7,12.34,M,40.00,M,10.0,0907*4E
2021:01:22:12:08:53.077000,1611313733.077,$GPGGA,110852.00,6342.682372,N,01058.742229,E,2,12,0.7,12.26,M,40.00,M,12.0,0907*49
2021:01:22:12:08:54.077000,1611313734.077,$GPGGA,110853.00,6342.682355,N,01058.742225,E,2,12,0.7,12.25,M,40.00,M,7.0,0907*76
2021:01:22:12:08:55.077000,1611313735.077,$GPGGA,110854.00,6342.682341,N,01058.742294,E,2,12,0.6,12.30,M,40.00,M,8.0,0907*74
2021:01:22:12:08:57.077000,1611313737.077,$GPGGA,110856.00,6342.682331,N,01058.742278,E,2,12,0.6,12.26,M,40.00,M,10.0,0907*4D
2021:01:22:12:08:58.078000,1611313738.078,$GPGGA,110857.00,6342.682337,N,01058.742281,E,2,12,0.6,12.29,M,40.00,M,11.0,0907*42
2021:01:22:12:08:59.078000,1611313739.078,$GPGGA,110858.00,6342.682348,N,01058.742250,E,2,12,0.6,12.30,M,40.00,M,12.0,0907*42
2021:01:22:12:09:00.078000,1611313740.078,$GPGGA,110859.00,6342.682345,N,01058.742296,E,2,12,0.6,12.30,M,40.00,M,13.0,0907*45
2021:01:22:12:09:01.078000,1611313741.078,$GPGGA,110900.00,6342.682366,N,01058.742369,E,2,12,0.6,12.28,M,40.00,M,9.0,0907*7A
2021:01:22:12:09:02.078000,1611313742.078,$GPGGA,110901.00,6342.682392,N,01058.742341,E,2,12,0.6,12.27,M,40.00,M,10.0,0907*4D
2021:01:22:12:09:03.077000,1611313743.077,$GPGGA,110902.00,6342.682410,N,01058.742397,E,2,12,0.6,12.30,M,40.00,M,11.0,0907*4F
2021:01:22:12:09:05.077000,1611313745.077,$GPGGA,110904.00,6342.682437,N,01058.742420,E,2,12,0.6,12.26,M,40.00,M,8.0,0907*78
2021:01:22:12:09:06.077000,1611313746.077,$GPGGA,110905.00,6342.682467,N,01058.742436,E,2,12,0.6,12.25,M,40.00,M,9.0,0907*79
2021:01:22:12:09:07.077000,1611313747.077,$GPGGA,110906.00,6342.682470,N,01058.742486,E,2,12,0.6,12.29,M,40.00,M,10.0,0907*43
2021:01:22:12:09:09.077000,1611313749.077,$GPGGA,110908.00,6342.682547,N,01058.742598,E,2,12,0.6,12.25,M,40.00,M,7.0,0907*7C
2021:01:22:12:09:10.077000,1611313750.077,$GPGGA,110909.00,6342.682531,N,01058.742554,E,2,12,0.6,12.26,M,40.00,M,8.0,0907*70
2021:01:22:12:09:11.077000,1611313751.077,$GPGGA,110910.00,6342.682566,N,01058.742676,E,2,12,0.6,12.32,M,40.00,M,9.0,0907*7D
2021:01:22:12:09:13.078000,1611313753.078,$GPGGA,110912.00,6342.682622,N,01058.742755,E,2,12,0.6,12.27,M,40.00,M,11.0,0907*41
2021:01:22:12:09:14.078000,1611313754.078,$GPGGA,110913.00,6342.682631,N,01058.742783,E,2,12,0.6,12.28,M,40.00,M,12.0,0907*45
2021:01:22:12:09:15.078000,1611313755.078,$GPGGA,110914.00,6342.682664,N,01058.742830,E,2,12,0.6,12.27,M,40.00,M,8.0,0907*71
2021:01:22:12:09:16.078000,1611313756.078,$GPGGA,110915.00,6342.682697,N,01058.742913,E,2,12,0.6,12.29,M,40.00,M,9.0,0907*73
2021:01:22:12:09:17.078000,1611313757.078,$GPGGA,110916.00,6342.682727,N,01058.742987,E,2,12,0.6,12.28,M,40.00,M,5.0,0907*7A
2021:01:22:12:09:18.078000,1611313758.078,$GPGGA,110917.00,6342.682733,N,01058.743015,E,2,12,0.7,12.26,M,40.00,M,6.0,0907*71
2021:01:22:12:09:19.078000,1611313759.078,$GPGGA,110918.00,6342.682754,N,01058.743110,E,2,12,0.7,12.29,M,40.00,M,7.0,0907*75
2021:01:22:12:09:20.078000,1611313760.078,$GPGGA,110919.00,6342.682796,N,01058.743179,E,2,12,0.7,12.29,M,40.00,M,8.0,0907*7A
2021:01:22:12:09:21.078000,1611313761.078,$GPGGA,110920.00,6342.682816,N,01058.743184,E,2,12,0.6,12.28,M,40.00,M,9.0,0907*74
2021:01:22:12:09:22.078000,1611313762.078,$GPGGA,110921.00,6342.682815,N,01058.743255,E,2,12,0.6,12.28,M,40.00,M,10.0,0907*41
2021:01:22:12:09:23.078000,1611313763.078,$GPGGA,110922.00,6342.682825,N,01058.743333,E,2,12,0.6,12.31,M,40.00,M,11.0,0907*49
2021:01:22:12:09:24.078000,1611313764.078,$GPGGA,110923.00,6342.682863,N,01058.743372,E,2,12,0.6,12.29,M,40.00,M,12.0,0907*45
2021:01:22:12:09:25.078000,1611313765.078,$GPGGA,110924.00,6342.682887,N,01058.743446,E,2,12,0.6,12.29,M,40.00,M,7.0,0907*7C
2021:01:22:12:09:26.078000,1611313766.078,$GPGGA,110925.00,6342.682879,N,01058.743505,E,2,12,0.6,12.30,M,40.00,M,8.0,0907*7D
2021:01:22:12:09:27.078000,1611313767.078,$GPGGA,110926.00,6342.682892,N,01058.743536,E,2,12,0.6,12.29,M,40.00,M,4.0,0907*7F
2021:01:22:12:09:28.079000,1611313768.079,$GPGGA,110927.00,6342.682936,N,01058.743655,E,2,12,0.6,12.29,M,40.00,M,5.0,0907*76
2021:01:22:12:09:29.079000,1611313769.079,$GPGGA,110928.00,6342.682948,N,01058.743728,E,2,12,0.6,12.30,M,40.00,M,6.0,0907*70
2021:01:22:12:09:30.079000,1611313770.079,$GPGGA,110929.00,6342.682958,N,01058.743733,E,2,12,0.6,12.28,M,40.00,M,7.0,0907*72
2021:01:22:12:09:31.079000,1611313771.079,$GPGGA,110930.00,6342.682988,N,01058.743796,E,2,12,0.6,12.27,M,40.00,M,8.0,0907*78
2021:01:22:12:09:32.079000,1611313772.079,$GPGGA,110931.00,6342.683007,N,01058.743834,E,2,12,0.6,12.27,M,40.00,M,9.0,0907*70
2021:01:22:12:09:33.079000,1611313773.079,$GPGGA,110932.00,6342.683034,N,01058.743911,E,2,12,0.6,12.28,M,40.00,M,10.0,0907*42
2021:01:22:12:09:34.078000,1611313774.078,$GPGGA,110933.00,6342.683061,N,01058.743983,E,2,12,0.7,12.26,M,40.00,M,11.0,0907*46
2021:01:22:12:09:35.078000,1611313775.078,$GPGGA,110934.00,6342.683077,N,01058.744010,E,2,12,0.7,12.24,M,40.00,M,7.0,0907*77
2021:01:22:12:09:36.078000,1611313776.078,$GPGGA,110935.00,6342.683085,N,01058.744041,E,2,12,0.7,12.25,M,40.00,M,8.0,0907*71
2021:01:22:12:09:37.078000,1611313777.078,$GPGGA,110936.00,6342.683120,N,01058.744071,E,2,12,0.7,12.24,M,40.00,M,9.0,0907*7F
2021:01:22:12:09:38.078000,1611313778.078,$GPGGA,110937.00,6342.683128,N,01058.744117,E,2,12,0.7,12.24,M,40.00,M,10.0,0907*4F
2021:01:22:12:09:39.078000,1611313779.078,$GPGGA,110938.00,6342.683126,N,01058.744166,E,2,12,0.7,12.26,M,40.00,M,11.0,0907*4B
2021:01:22:12:09:40.078000,1611313780.078,$GPGGA,110939.00,6342.683149,N,01058.744183,E,2,12,0.7,12.25,M,40.00,M,12.0,0907*48
2021:01:22:12:09:41.078000,1611313781.078,$GPGGA,110940.00,6342.683168,N,01058.744188,E,2,12,0.7,12.21,M,40.00,M,8.0,0907*71
2021:01:22:12:09:42.078000,1611313782.078,$GPGGA,110941.00,6342.683167,N,01058.744197,E,2,12,0.7,12.22,M,40.00,M,9.0,0907*73
2021:01:22:12:09:43.079000,1611313783.079,$GPGGA,110942.00,6342.683171,N,01058.744251,E,2,12,0.7,12.24,M,40.00,M,10.0,0907*40
2021:01:22:12:09:44.079000,1611313784.079,$GPGGA,110943.00,6342.683180,N,01058.744280,E,2,12,0.7,12.25,M,40.00,M,5.0,0907*76
2021:01:22:12:09:45.079000,1611313785.079,$GPGGA,110944.00,6342.683193,N,01058.744259,E,2,12,0.7,12.23,M,40.00,M,6.0,0907*72
2021:01:22:12:09:46.079000,1611313786.079,$GPGGA,110945.00,6342.683183,N,01058.744230,E,2,12,0.7,12.24,M,40.00,M,7.0,0907*7B
2021:01:22:12:09:47.079000,1611313787.079,$GPGGA,110946.00,6342.683150,N,01058.744185,E,2,12,0.7,12.24,M,40.00,M,8.0,0907*74
2021:01:22:12:09:48.079000,1611313788.079,$GPGGA,110947.00,6342.683170,N,01058.744231,E,2,12,0.7,12.23,M,40.00,M,9.0,0907*7D
2021:01:22:12:09:49.079000,1611313789.079,$GPGGA,110948.00,6342.683206,N,01058.744289,E,2,12,0.7,12.23,M,40.00,M,10.0,0907*4B
2021:01:22:12:09:50.079000,1611313790.079,$GPGGA,110949.00,6342.683171,N,01058.744278,E,2,12,0.7,12.24,M,40.00,M,11.0,0907*41
2021:01:22:12:09:51.079000,1611313791.079,$GPGGA,110950.00,6342.683150,N,01058.744269,E,2,12,0.6,12.26,M,40.00,M,7.0,0907*7E
2021:01:22:12:09:52.079000,1611313792.079,$GPGGA,110951.00,6342.683170,N,01058.744305,E,2,12,0.6,12.26,M,40.00,M,8.0,0907*79
2021:01:22:12:09:53.079000,1611313793.079,$GPGGA,110952.00,6342.683175,N,01058.744247,E,2,12,0.6,12.22,M,40.00,M,9.0,0907*7D
2021:01:22:12:09:55.079000,1611313795.079,$GPGGA,110954.00,6342.683144,N,01058.744379,E,2,12,0.6,12.31,M,40.00,M,11.0,0907*4E
2021:01:22:12:09:56.079000,1611313796.079,$GPGGA,110955.00,6342.683159,N,01058.744308,E,2,12,0.6,12.24,M,40.00,M,12.0,0907*42
2021:01:22:12:09:57.079000,1611313797.079,$GPGGA,110956.00,6342.683153,N,01058.744223,E,2,12,0.6,12.21,M,40.00,M,13.0,0907*47
2021:01:22:12:09:59.080000,1611313799.08,$GPGGA,110958.00,6342.683141,N,01058.744427,E,2,12,0.6,12.32,M,40.00,M,9.0,0907*71
2021:01:22:12:10:00.080000,1611313800.08,$GPGGA,110959.00,6342.683159,N,01058.744419,E,2,12,0.6,12.25,M,40.00,M,10.0,0907*4A
2021:01:22:12:10:01.080000,1611313801.08,$GPGGA,111000.00,6342.683121,N,01058.744353,E,2,12,0.6,12.24,M,40.00,M,11.0,0907*48
2021:01:22:12:10:03.079000,1611313803.079,$GPGGA,111002.00,6342.683116,N,01058.744383,E,2,12,0.6,12.31,M,40.00,M,13.0,0907*45
2021:01:22:12:10:04.079000,1611313804.079,$GPGGA,111003.00,6342.683115,N,01058.744420,E,2,12,0.6,12.27,M,40.00,M,14.0,0907*49
2021:01:22:12:10:05.079000,1611313805.079,$GPGGA,111004.00,6342.683106,N,01058.744440,E,2,12,0.6,12.25,M,40.00,M,15.0,0907*49
2021:01:22:12:10:07.079000,1611313807.079,$GPGGA,111006.00,6342.683069,N,01058.744408,E,2,12,0.6,12.28,M,40.00,M,17.0,0907*40
2021:01:22:12:10:08.079000,1611313808.079,$GPGGA,111007.00,6342.683096,N,01058.744456,E,2,12,0.6,12.26,M,40.00,M,7.0,0907*75
2021:01:22:12:10:09.079000,1611313809.079,$GPGGA,111008.00,6342.683092,N,01058.744537,E,2,12,0.6,12.30,M,40.00,M,8.0,0907*70
2021:01:22:12:10:10.079000,1611313810.079,$GPGGA,111009.00,6342.683055,N,01058.744501,E,2,12,0.6,12.30,M,40.00,M,9.0,0907*7E
2021:01:22:12:10:11.079000,1611313811.079,$GPGGA,111010.00,6342.683076,N,01058.744510,E,2,12,0.6,12.27,M,40.00,M,10.0,0907*49
2021:01:22:12:10:12.079000,1611313812.079,$GPGGA,111011.00,6342.683099,N,01058.744585,E,2,12,0.6,12.30,M,40.00,M,6.0,0907*74
2021:01:22:12:10:13.080000,1611313813.08,$GPGGA,111012.00,6342.683064,N,01058.744568,E,2,12,0.6,12.32,M,40.00,M,7.0,0907*75
2021:01:22:12:10:15.080000,1611313815.08,$GPGGA,111014.00,6342.683099,N,01058.744700,E,2,12,0.6,12.33,M,40.00,M,9.0,0907*72
2021:01:22:12:10:16.080000,1611313816.08,$GPGGA,111015.00,6342.683093,N,01058.744733,E,2,12,0.6,12.35,M,40.00,M,10.0,0907*47
2021:01:22:12:10:17.080000,1611313817.08,$GPGGA,111016.00,6342.683078,N,01058.744658,E,2,12,0.6,12.29,M,40.00,M,11.0,0907*41
2021:01:22:12:10:19.080000,1611313819.08,$GPGGA,111018.00,6342.683094,N,01058.744817,E,2,12,0.6,12.30,M,40.00,M,7.0,0907*77
2021:01:22:12:10:20.080000,1611313820.08,$GPGGA,111019.00,6342.683078,N,01058.744853,E,2,12,0.6,12.29,M,40.00,M,8.0,0907*73
2021:01:22:12:10:21.080000,1611313821.08,$GPGGA,111020.00,6342.683071,N,01058.744865,E,2,12,0.6,12.29,M,40.00,M,9.0,0907*74
2021:01:22:12:10:23.080000,1611313823.08,$GPGGA,111022.00,6342.683069,N,01058.744932,E,2,12,0.6,12.30,M,40.00,M,11.0,0907*4D
2021:01:22:12:10:24.080000,1611313824.08,$GPGGA,111023.00,6342.683065,N,01058.744996,E,2,12,0.6,12.31,M,40.00,M,12.0,0907*4C
2021:01:22:12:10:25.080000,1611313825.08,$GPGGA,111024.00,6342.683051,N,01058.745042,E,2,12,0.6,12.29,M,40.00,M,8.0,0907*7F
2021:01:22:12:10:26.080000,1611313826.08,$GPGGA,111025.00,6342.683043,N,01058.745015,E,2,12,0.6,12.27,M,40.00,M,9.0,0907*70
2021:01:22:12:10:27.081000,1611313827.081,$GPGGA,111026.00,6342.683037,N,01058.744989,E,2,12,0.6,12.26,M,40.00,M,10.0,0907*44
2021:01:22:12:10:28.081000,1611313828.081,$GPGGA,111027.00,6342.683012,N,01058.745040,E,2,12,0.6,12.29,M,40.00,M,6.0,0907*77
2021:01:22:12:10:29.081000,1611313829.081,$GPGGA,111028.00,6342.682998,N,01058.745046,E,2,12,0.6,12.29,M,40.00,M,7.0,0907*75
2021:01:22:12:10:30.081000,1611313830.081,$GPGGA,111029.00,6342.683010,N,01058.745046,E,2,12,0.6,12.26,M,40.00,M,8.0,0907*7C
2021:01:22:12:10:31.081000,1611313831.081,$GPGGA,111030.00,6342.682985,N,01058.745064,E,2,12,0.6,12.27,M,40.00,M,4.0,0907*7D
2021:01:22:12:10:32.081000,1611313832.081,$GPGGA,111031.00,6342.682968,N,01058.745066,E,2,12,0.7,12.29,M,40.00,M,5.0,0907*73
2021:01:22:12:10:33.081000,1611313833.081,$GPGGA,111032.00,6342.682963,N,01058.745025,E,2,12,0.7,12.24,M,40.00,M,6.0,0907*72
2021:01:22:12:10:34.080000,1611313834.08,$GPGGA,111033.00,6342.682947,N,01058.745019,E,2,12,0.7,12.24,M,40.00,M,7.0,0907*7B
2021:01:22:12:10:35.080000,1611313835.08,$GPGGA,111034.00,6342.682940,N,01058.745066,E,2,12,0.7,12.28,M,40.00,M,8.0,0907*70
2021:01:22:12:10:36.080000,1611313836.08,$GPGGA,111035.00,6342.682937,N,01058.745038,E,2,12,0.7,12.28,M,40.00,M,9.0,0907*7B
2021:01:22:12:10:37.080000,1611313837.08,$GPGGA,111036.00,6342.682915,N,01058.744964,E,2,12,0.7,12.24,M,40.00,M,10.0,0907*4D
2021:01:22:12:10:38.080000,1611313838.08,$GPGGA,111037.00,6342.682904,N,01058.744967,E,2,12,0.7,12.26,M,40.00,M,11.0,0907*4C
2021:01:22:12:10:39.080000,1611313839.08,$GPGGA,111038.00,6342.682909,N,01058.744976,E,2,12,0.7,12.26,M,40.00,M,7.0,0907*79
2021:01:22:12:10:40.080000,1611313840.08,$GPGGA,111039.00,6342.682897,N,01058.744925,E,2,12,0.7,12.24,M,40.00,M,8.0,0907*75
2021:01:22:12:10:41.080000,1611313841.08,$GPGGA,111040.00,6342.682874,N,01058.744879,E,2,12,0.7,12.26,M,40.00,M,4.0,0907*70
2021:01:22:12:10:42.081000,1611313842.081,$GPGGA,111041.00,6342.682886,N,01058.744876,E,2,12,0.7,12.28,M,40.00,M,5.0,0907*7C
2021:01:22:12:10:43.081000,1611313843.081,$GPGGA,111042.00,6342.682898,N,01058.744901,E,2,12,0.7,12.28,M,40.00,M,6.0,0907*72
2021:01:22:12:10:44.081000,1611313844.081,$GPGGA,111043.00,6342.682858,N,01058.744789,E,2,12,0.7,12.27,M,40.00,M,7.0,0907*7F
2021:01:22:12:10:45.081000,1611313845.081,$GPGGA,111044.00,6342.682846,N,01058.744673,E,2,12,0.6,12.25,M,40.00,M,8.0,0907*7F
2021:01:22:12:10:46.081000,1611313846.081,$GPGGA,111045.00,6342.682868,N,01058.744733,E,2,12,0.6,12.29,M,40.00,M,9.0,0907*7A
2021:01:22:12:10:47.081000,1611313847.081,$GPGGA,111046.00,6342.682863,N,01058.744714,E,2,12,0.6,12.29,M,40.00,M,10.0,0907*4F
2021:01:22:12:10:48.081000,1611313848.081,$GPGGA,111047.00,6342.682847,N,01058.744592,E,2,12,0.6,12.26,M,40.00,M,11.0,0907*4A
2021:01:22:12:10:49.081000,1611313849.081,$GPGGA,111048.00,6342.682831,N,01058.744540,E,2,12,0.6,12.28,M,40.00,M,6.0,0907*73
2021:01:22:12:10:50.081000,1611313850.081,$GPGGA,111049.00,6342.682841,N,01058.744484,E,2,12,0.6,12.29,M,40.00,M,7.0,0907*7C
2021:01:22:12:10:51.081000,1611313851.081,$GPGGA,111050.00,6342.682843,N,01058.744436,E,2,12,0.6,12.27,M,40.00,M,8.0,0907*7E
2021:01:22:12:10:52.081000,1611313852.081,$GPGGA,111051.00,6342.682822,N,01058.744371,E,2,12,0.6,12.25,M,40.00,M,9.0,0907*7F
2021:01:22:12:10:53.081000,1611313853.081,$GPGGA,111052.00,6342.682820,N,01058.744266,E,2,12,0.6,12.23,M,40.00,M,10.0,0907*47
2021:01:22:12:10:54.081000,1611313854.081,$GPGGA,111053.00,6342.682834,N,01058.744305,E,2,12,0.6,12.28,M,40.00,M,11.0,0907*4D
2021:01:22:12:10:55.081000,1611313855.081,$GPGGA,111054.00,6342.682825,N,01058.744314,E,2,12,0.6,12.30,M,40.00,M,7.0,0907*74
2021:01:22:12:10:57.082000,1611313857.082,$GPGGA,111056.00,6342.682837,N,01058.744074,E,2,12,0.6,12.20,M,40.00,M,9.0,0907*7F
2021:01:22:12:10:58.082000,1611313858.082,$GPGGA,111057.00,6342.682814,N,01058.744111,E,2,12,0.6,12.28,M,40.00,M,10.0,0907*4D
2021:01:22:12:10:59.082000,1611313859.082,$GPGGA,111058.00,6342.682808,N,01058.744104,E,2,12,0.6,12.32,M,40.00,M,11.0,0907*41
2021:01:22:12:11:00.082000,1611313860.082,$GPGGA,111059.00,6342.682854,N,01058.744046,E,2,12,0.6,12.26,M,40.00,M,12.0,0907*48
2021:01:22:12:11:01.082000,1611313861.082,$GPGGA,111100.00,6342.682839,N,01058.743928,E,2,12,0.6,12.23,M,40.00,M,13.0,0907*4C
2021:01:22:12:11:02.082000,1611313862.082,$GPGGA,111101.00,6342.682783,N,01058.743809,E,2,12,0.6,12.25,M,40.00,M,8.0,0907*7D
2021:01:22:12:11:03.081000,1611313863.081,$GPGGA,111102.00,6342.682809,N,01058.743870,E,2,12,0.7,12.32,M,40.00,M,9.0,0907*7B
2021:01:22:12:11:04.081000,1611313864.081,$GPGGA,111103.00,6342.682850,N,01058.743886,E,2,12,0.7,12.29,M,40.00,M,10.0,0907*4D
2021:01:22:12:11:05.082000,1611313865.082,$GPGGA,111104.00,6342.682833,N,01058.743730,E,2,12,0.7,12.23,M,40.00,M,11.0,0907*46
2021:01:22:12:11:06.081000,1611313866.081,$GPGGA,111105.00,6342.682800,N,01058.743631,E,2,12,0.7,12.27,M,40.00,M,12.0,0907*40
2021:01:22:12:11:07.081000,1611313867.081,$GPGGA,111106.00,6342.682799,N,01058.743592,E,2,12,0.7,12.30,M,40.00,M,13.0,0907*41
2021:01:22:12:11:09.081000,1611313869.081,$GPGGA,111108.00,6342.682824,N,01058.743550,E,2,12,0.7,12.27,M,40.00,M,5.0,0907*79
2021:01:22:12:11:10.081000,1611313870.081,$GPGGA,111109.00,6342.682779,N,01058.743533,E,2,12,0.7,12.30,M,40.00,M,6.0,0907*7F
2021:01:22:12:11:11.082000,1611313871.082,$GPGGA,111110.00,6342.682787,N,01058.743366,E,2,12,0.7,12.24,M,40.00,M,7.0,0907*74
2021:01:22:12:11:13.082000,1611313873.082,$GPGGA,111112.00,6342.682782,N,01058.743498,E,2,12,0.7,12.32,M,40.00,M,9.0,0907*7C
2021:01:22:12:11:14.082000,1611313874.082,$GPGGA,111113.00,6342.682766,N,01058.743422,E,2,12,0.7,12.27,M,40.00,M,10.0,0907*4A
2021:01:22:12:11:15.082000,1611313875.082,$GPGGA,111114.00,6342.682790,N,01058.743336,E,2,12,0.7,12.21,M,40.00,M,11.0,0907*41
2021:01:22:12:11:17.082000,1611313877.082,$GPGGA,111116.00,6342.682743,N,01058.743376,E,2,12,0.7,12.30,M,40.00,M,7.0,0907*7E
2021:01:22:12:11:18.082000,1611313878.082,$GPGGA,111117.00,6342.682777,N,01058.743405,E,2,12,0.7,12.27,M,40.00,M,8.0,0907*72
2021:01:22:12:11:19.082000,1611313879.082,$GPGGA,111118.00,6342.682770,N,01058.743352,E,2,12,0.7,12.24,M,40.00,M,9.0,0907*7D
2021:01:22:12:11:20.082000,1611313880.082,$GPGGA,111119.00,6342.682730,N,01058.743304,E,2,12,0.7,12.26,M,40.00,M,10.0,0907*41
2021:01:22:12:11:21.082000,1611313881.082,$GPGGA,111120.00,6342.682739,N,01058.743377,E,2,12,0.7,12.31,M,40.00,M,11.0,0907*41
2021:01:22:12:11:22.082000,1611313882.082,$GPGGA,111121.00,6342.682773,N,01058.743433,E,2,12,0.7,12.29,M,40.00,M,7.0,0907*77
2021:01:22:12:11:23.082000,1611313883.082,$GPGGA,111122.00,6342.682769,N,01058.743420,E,2,12,0.7,12.26,M,40.00,M,8.0,0907*7D
2021:01:22:12:11:25.082000,1611313885.082,$GPGGA,111124.00,6342.682736,N,01058.743410,E,2,12,0.7,12.30,M,40.00,M,10.0,0907*4C
2021:01:22:12:11:26.083000,1611313886.083,$GPGGA,111125.00,6342.682753,N,01058.743486,E,2,12,0.7,12.31,M,40.00,M,6.0,0907*77
2021:01:22:12:11:27.083000,1611313887.083,$GPGGA,111126.00,6342.682747,N,01058.743479,E,2,12,0.7,12.27,M,40.00,M,7.0,0907*77
2021:01:22:12:11:29.083000,1611313889.083,$GPGGA,111128.00,6342.682724,N,01058.743565,E,2,12,0.7,12.30,M,40.00,M,9.0,0907*78
2021:01:22:12:11:30.083000,1611313890.083,$GPGGA,111129.00,6342.682736,N,01058.743604,E,2,12,0.7,12.30,M,40.00,M,10.0,0907*46
2021:01:22:12:11:31.083000,1611313891.083,$GPGGA,111130.00,6342.682743,N,01058.743545,E,2,12,0.7,12.22,M,40.00,M,11.0,0907*48
2021:01:22:12:11:32.083000,1611313892.083,$GPGGA,111131.00,6342.682723,N,01058.743600,E,2,12,0.7,12.25,M,40.00,M,7.0,0907*7D
2021:01:22:12:11:33.083000,1611313893.083,$GPGGA,111132.00,6342.682701,N,01058.743663,E,2,12,0.7,12.33,M,40.00,M,8.0,0907*73
2021:01:22:12:11:34.083000,1611313894.083,$GPGGA,111133.00,6342.682736,N,01058.743704,E,2,12,0.7,12.29,M,40.00,M,9.0,0907*7C
2021:01:22:12:11:35.082000,1611313895.082,$GPGGA,111134.00,6342.682763,N,01058.743746,E,2,12,0.7,12.24,M,40.00,M,10.0,0907*48
2021:01:22:12:11:36.082000,1611313896.082,$GPGGA,111135.00,6342.682728,N,01058.743779,E,2,12,0.7,12.27,M,40.00,M,11.0,0907*48
2021:01:22:12:11:37.082000,1611313897.082,$GPGGA,111136.00,6342.682724,N,01058.743854,E,2,12,0.7,12.29,M,40.00,M,12.0,0907*4A
2021:01:22:12:11:38.082000,1611313898.082,$GPGGA,111137.00,6342.682761,N,01058.743940,E,2,12,0.7,12.29,M,40.00,M,13.0,0907*4F
2021:01:22:12:11:39.082000,1611313899.082,$GPGGA,111138.00,6342.682771,N,01058.743940,E,2,12,0.7,12.23,M,40.00,M,8.0,0907*71
2021:01:22:12:11:40.083000,1611313900.083,$GPGGA,111139.00,6342.682766,N,01058.744013,E,2,12,0.7,12.25,M,40.00,M,9.0,0907*79
2021:01:22:12:11:41.083000,1611313901.083,$GPGGA,111140.00,6342.682768,N,01058.744123,E,2,12,0.7,12.29,M,40.00,M,10.0,0907*4F
2021:01:22:12:11:42.083000,1611313902.083,$GPGGA,111141.00,6342.682787,N,01058.744137,E,2,12,0.7,12.27,M,40.00,M,6.0,0907*73
2021:01:22:12:11:43.083000,1611313903.083,$GPGGA,111142.00,6342.682795,N,01058.744197,E,2,12,0.7,12.26,M,40.00,M,7.0,0907*79
2021:01:22:12:11:44.083000,1611313904.083,$GPGGA,111143.00,6342.682790,N,01058.744275,E,2,12,0.7,12.27,M,40.00,M,8.0,0907*7C
2021:01:22:12:11:45.083000,1611313905.083,$GPGGA,111144.00,6342.682802,N,01058.744324,E,2,12,0.7,12.26,M,40.00,M,9.0,0907*7A
2021:01:22:12:11:46.083000,1611313906.083,$GPGGA,111145.00,6342.682804,N,01058.744345,E,2,12,0.7,12.26,M,40.00,M,5.0,0907*76
2021:01:22:12:11:47.083000,1611313907.083,$GPGGA,111146.00,6342.682812,N,01058.744384,E,2,12,0.7,12.28,M,40.00,M,6.0,0907*72
2021:01:22:12:11:48.083000,1611313908.083,$GPGGA,111147.00,6342.682829,N,01058.744427,E,2,12,0.7,12.29,M,40.00,M,7.0,0907*75
2021:01:22:12:11:49.083000,1611313909.083,$GPGGA,111148.00,6342.682833,N,01058.744453,E,2,12,0.7,12.27,M,40.00,M,8.0,0907*73
2021:01:22:12:11:50.083000,1611313910.083,$GPGGA,111149.00,6342.682825,N,01058.744462,E,2,12,0.7,12.27,M,40.00,M,9.0,0907*76
2021:01:22:12:11:51.083000,1611313911.083,$GPGGA,111150.00,6342.682836,N,01058.744490,E,2,12,0.7,12.27,M,40.00,M,10.0,0907*49
2021:01:22:12:11:52.083000,1611313912.083,$GPGGA,111151.00,6342.682856,N,01058.744522,E,2,12,0.7,12.25,M,40.00,M,6.0,0907*73
2021:01:22:12:11:53.083000,1611313913.083,$GPGGA,111152.00,6342.682835,N,01058.744550,E,2,12,0.7,12.27,M,40.00,M,7.0,0907*73
2021:01:22:12:11:54.083000,1611313914.083,$GPGGA,111153.00,6342.682839,N,01058.744547,E,2,12,0.7,12.27,M,40.00,M,8.0,0907*77
2021:01:22:12:11:55.084000,1611313915.084,$GPGGA,111154.00,6342.682873,N,01058.744592,E,2,12,0.7,12.24,M,40.00,M,9.0,0907*74
2021:01:22:12:11:56.084000,1611313916.084,$GPGGA,111155.00,6342.682857,N,01058.744646,E,2,12,0.7,12.27,M,40.00,M,10.0,0907*42
2021:01:22:12:11:57.084000,1611313917.084,$GPGGA,111156.00,6342.682841,N,01058.744654,E,2,12,0.7,12.29,M,40.00,M,11.0,0907*4A
2021:01:22:12:11:58.084000,1611313918.084,$GPGGA,111157.00,6342.682870,N,01058.744684,E,2,12,0.7,12.26,M,40.00,M,12.0,0907*48
2021:01:22:12:11:59.084000,1611313919.084,$GPGGA,111158.00,6342.682868,N,01058.744704,E,2,12,0.7,12.27,M,40.00,M,8.0,0907*7D
2021:01:22:12:12:00.084000,1611313920.084,$GPGGA,111159.00,6342.682867,N,01058.744726,E,2,12,0.7,12.28,M,40.00,M,9.0,0907*7D
2021:01:22:12:12:01.084000,1611313921.084,$GPGGA,111200.00,6342.682867,N,01058.744760,E,2,12,0.7,12.26,M,40.00,M,10.0,0907*46
2021:01:22:12:12:03.084000,1611313923.084,$GPGGA,111202.00,6342.682880,N,01058.744786,E,2,12,0.7,12.27,M,40.00,M,6.0,0907*73
2021:01:22:12:12:04.083000,1611313924.083,$GPGGA,111203.00,6342.682885,N,01058.744782,E,2,12,0.7,12.27,M,40.00,M,7.0,0907*72
2021:01:22:12:12:05.083000,1611313925.083,$GPGGA,111204.00,6342.682876,N,01058.744799,E,2,12,0.7,12.29,M,40.00,M,8.0,0907*72
2021:01:22:12:12:07.083000,1611313927.083,$GPGGA,111206.00,6342.682897,N,01058.744721,E,2,12,0.7,12.25,M,40.00,M,10.0,0907*49
2021:01:22:12:12:08.083000,1611313928.083,$GPGGA,111207.00,6342.682890,N,01058.744683,E,2,12,0.7,12.26,M,40.00,M,11.0,0907*44
2021:01:22:12:12:09.083000,1611313929.083,$GPGGA,111208.00,6342.682912,N,01058.744703,E,2,12,0.7,12.29,M,40.00,M,7.0,0907*71
2021:01:22:12:12:10.084000,1611313930.084,$GPGGA,111209.00,6342.682906,N,01058.744711,E,2,12,0.7,12.29,M,40.00,M,8.0,0907*79
2021:01:22:12:12:11.084000,1611313931.084,$GPGGA,111210.00,6342.682921,N,01058.744707,E,2,12,0.7,12.29,M,40.00,M,9.0,0907*72
2021:01:22:12:12:12.084000,1611313932.084,$GPGGA,111211.00,6342.682948,N,01058.744689,E,2,12,0.7,12.30,M,40.00,M,10.0,0907*4B
2021:01:22:12:12:13.084000,1611313933.084,$GPGGA,111212.00,6342.682918,N,01058.744585,E,2,12,0.7,12.28,M,40.00,M,6.0,0907*7C
2021:01:22:12:12:15.084000,1611313935.084,$GPGGA,111214.00,6342.682951,N,01058.744738,E,2,12,0.7,12.32,M,40.00,M,8.0,0907*76
2021:01:22:12:12:16.084000,1611313936.084,$GPGGA,111215.00,6342.682937,N,01058.744675,E,2,12,0.7,12.29,M,40.00,M,9.0,0907*74
2021:01:22:12:12:17.084000,1611313937.084,$GPGGA,111216.00,6342.682941,N,01058.744637,E,2,12,0.7,12.26,M,40.00,M,10.0,0907*47
2021:01:22:12:12:19.084000,1611313939.084,$GPGGA,111218.00,6342.682902,N,01058.744698,E,2,12,0.7,12.32,M,40.00,M,7.0,0907*78
2021:01:22:12:12:20.084000,1611313940.084,$GPGGA,111219.00,6342.682948,N,01058.744744,E,2,12,0.7,12.30,M,40.00,M,8.0,0907*7A
2021:01:22:12:12:21.084000,1611313941.084,$GPGGA,111220.00,6342.682930,N,01058.744661,E,2,12,0.7,12.25,M,40.00,M,9.0,0907*7C
2021:01:22:12:12:22.084000,1611313942.084,$GPGGA,111221.00,6342.682864,N,01058.744623,E,2,12,0.7,12.30,M,40.00,M,10.0,0907*47
2021:01:22:12:12:23.084000,1611313943.084,$GPGGA,111222.00,6342.682884,N,01058.744658,E,2,12,0.7,12.32,M,40.00,M,11.0,0907*45
2021:01:22:12:12:24.084000,1611313944.084,$GPGGA,111223.00,6342.682920,N,01058.744644,E,2,12,0.7,12.26,M,40.00,M,12.0,0907*40
2021:01:22:12:12:25.085000,1611313945.085,$GPGGA,111224.00,6342.682881,N,01058.744656,E,2,12,0.7,12.27,M,40.00,M,13.0,0907*4E
2021:01:22:12:12:27.085000,1611313947.085,$GPGGA,111226.00,6342.682873,N,01058.744611,E,2,12,0.7,12.29,M,40.00,M,9.0,0907*77
2021:01:22:12:12:28.085000,1611313948.085,$GPGGA,111227.00,6342.682872,N,01058.744562,E,2,12,0.7,12.26,M,40.00,M,10.0,0907*47
2021:01:22:12:12:29.085000,1611313949.085,$GPGGA,111228.00,6342.682832,N,01058.744529,E,2,12,0.7,12.27,M,40.00,M,6.0,0907*75
2021:01:22:12:12:30.085000,1611313950.085,$GPGGA,111229.00,6342.682822,N,01058.744488,E,2,12,0.7,12.29,M,40.00,M,7.0,0907*70
2021:01:22:12:12:32.085000,1611313952.085,$GPGGA,111231.00,6342.682835,N,01058.744457,E,2,12,0.7,12.29,M,40.00,M,9.0,0907*73
2021:01:22:12:12:33.085000,1611313953.085,$GPGGA,111232.00,6342.682828,N,01058.744420,E,2,12,0.7,12.29,M,40.00,M,10.0,0907*44
2021:01:22:12:12:34.084000,1611313954.084,$GPGGA,111233.00,6342.682822,N,01058.744358,E,2,12,0.7,12.29,M,40.00,M,11.0,0907*46
2021:01:22:12:12:35.084000,1611313955.084,$GPGGA,111234.00,6342.682814,N,01058.744288,E,2,12,0.7,12.30,M,40.00,M,12.0,0907*43
2021:01:22:12:12:36.084000,1611313956.084,$GPGGA,111235.00,6342.682823,N,01058.744286,E,2,12,0.7,12.30,M,40.00,M,7.0,0907*7C
2021:01:22:12:12:37.084000,1611313957.084,$GPGGA,111236.00,6342.682828,N,01058.744306,E,2,12,0.7,12.31,M,40.00,M,8.0,0907*73
2021:01:22:12:12:38.084000,1611313958.084,$GPGGA,111237.00,6342.682805,N,01058.744198,E,2,12,0.7,12.29,M,40.00,M,9.0,0907*70
2021:01:22:12:12:40.085000,1611313960.085,$GPGGA,111239.00,6342.682815,N,01058.744196,E,2,12,0.7,12.32,M,40.00,M,11.0,0907*42
2021:01:22:12:12:41.085000,1611313961.085,$GPGGA,111240.00,6342.682841,N,01058.744152,E,2,12,0.7,12.30,M,40.00,M,12.0,0907*44
2021:01:22:12:12:42.085000,1611313962.085,$GPGGA,111241.00,6342.682787,N,01058.744006,E,2,12,0.7,12.25,M,40.00,M,8.0,0907*7F
2021:01:22:12:12:43.085000,1611313963.085,$GPGGA,111242.00,6342.682782,N,01058.744030,E,2,12,0.7,12.31,M,40.00,M,9.0,0907*78
2021:01:22:12:12:44.085000,1611313964.085,$GPGGA,111243.00,6342.682812,N,01058.744009,E,2,12,0.7,12.32,M,40.00,M,10.0,0907*4E
2021:01:22:12:12:45.085000,1611313965.085,$GPGGA,111244.00,6342.682806,N,01058.743859,E,2,12,0.7,12.26,M,40.00,M,11.0,0907*42
2021:01:22:12:12:46.085000,1611313966.085,$GPGGA,111245.00,6342.682786,N,01058.743799,E,2,12,0.7,12.27,M,40.00,M,7.0,0907*71
2021:01:22:12:12:47.085000,1611313967.085,$GPGGA,111246.00,6342.682781,N,01058.743781,E,2,12,0.7,12.30,M,40.00,M,8.0,0907*75
2021:01:22:12:12:48.085000,1611313968.085,$GPGGA,111247.00,6342.682792,N,01058.743752,E,2,12,0.7,12.33,M,40.00,M,9.0,0907*7A
2021:01:22:12:12:49.085000,1611313969.085,$GPGGA,111248.00,6342.682792,N,01058.743699,E,2,12,0.7,12.31,M,40.00,M,10.0,0907*49
2021:01:22:12:12:50.085000,1611313970.085,$GPGGA,111249.00,6342.682761,N,01058.743556,E,2,12,0.7,12.27,M,40.00,M,6.0,0907*74
2021:01:22:12:12:52.085000,1611313972.085,$GPGGA,111251.00,6342.682737,N,01058.743459,E,2,12,0.7,12.32,M,40.00,M,8.0,0907*7A
2021:01:22:12:12:53.085000,1611313973.085,$GPGGA,111252.00,6342.682737,N,01058.743464,E,2,12,0.7,12.32,M,40.00,M,9.0,0907*76
2021:01:22:12:12:54.085000,1611313974.085,$GPGGA,111253.00,6342.682735,N,01058.743345,E,2,12,0.7,12.27,M,40.00,M,10.0,0907*4D
2021:01:22:12:12:55.086000,1611313975.086,$GPGGA,111254.00,6342.682698,N,01058.743249,E,2,12,0.7,12.27,M,40.00,M,11.0,0907*40
2021:01:22:12:12:56.086000,1611313976.086,$GPGGA,111255.00,6342.682665,N,01058.743198,E,2,12,0.7,12.31,M,40.00,M,12.0,0907*48
2021:01:22:12:12:57.086000,1611313977.086,$GPGGA,111256.00,6342.682670,N,01058.743221,E,2,12,0.7,12.31,M,40.00,M,13.0,0907*4F
2021:01:22:12:12:58.086000,1611313978.086,$GPGGA,111257.00,6342.682676,N,01058.743238,E,2,12,0.7,12.30,M,40.00,M,14.0,0907*46
2021:01:22:12:13:00.086000,1611313980.086,$GPGGA,111259.00,6342.682597,N,01058.743088,E,2,12,0.7,12.28,M,40.00,M,8.0,0907*79
2021:01:22:12:13:01.086000,1611313981.086,$GPGGA,111300.00,6342.682596,N,01058.743062,E,2,12,0.7,12.30,M,40.00,M,9.0,0907*79
2021:01:22:12:13:02.086000,1611313982.086,$GPGGA,111301.00,6342.682599,N,01058.743027,E,2,12,0.7,12.27,M,40.00,M,10.0,0907*48
2021:01:22:12:13:03.086000,1611313983.086,$GPGGA,111302.00,6342.682563,N,01058.742978,E,2,12,0.7,12.27,M,40.00,M,8.0,0907*75
2021:01:22:12:13:05.085000,1611313985.085,$GPGGA,111304.00,6342.682533,N,01058.742850,E,2,12,0.7,12.27,M,40.00,M,10.0,0907*44
2021:01:22:12:13:06.085000,1611313986.085,$GPGGA,111305.00,6342.682553,N,01058.742785,E,2,12,0.7,12.25,M,40.00,M,5.0,0907*72
2021:01:22:12:13:07.085000,1611313987.085,$GPGGA,111306.00,6342.682495,N,01058.742762,E,2,12,0.7,12.29,M,40.00,M,6.0,0907*7C
2021:01:22:12:13:09.085000,1611313989.085,$GPGGA,111308.00,6342.682520,N,01058.742650,E,2,12,0.7,12.24,M,40.00,M,8.0,0907*7E
2021:01:22:12:13:10.086000,1611313990.086,$GPGGA,111309.00,6342.682508,N,01058.742662,E,2,12,0.7,12.28,M,40.00,M,9.0,0907*79
2021:01:22:12:13:11.086000,1611313991.086,$GPGGA,111310.00,6342.682447,N,01058.742529,E,2,12,0.7,12.26,M,40.00,M,10.0,0907*41
2021:01:22:12:13:12.086000,1611313992.086,$GPGGA,111311.00,6342.682437,N,01058.742400,E,2,12,0.7,12.23,M,40.00,M,11.0,0907*49
2021:01:22:12:13:13.086000,1611313993.086,$GPGGA,111312.00,6342.682458,N,01058.742430,E,2,12,0.7,12.26,M,40.00,M,7.0,0907*72
2021:01:22:12:13:14.086000,1611313994.086,$GPGGA,111313.00,6342.682426,N,01058.742390,E,2,12,0.7,12.26,M,40.00,M,8.0,0907*78
2021:01:22:12:13:15.086000,1611313995.086,$GPGGA,111314.00,6342.682395,N,01058.742299,E,2,12,0.7,12.23,M,40.00,M,9.0,0907*7C
2021:01:22:12:13:17.086000,1611313997.086,$GPGGA,111316.00,6342.682395,N,01058.742248,E,2,12,0.7,12.28,M,40.00,M,6.0,0907*76
2021:01:22:12:13:18.086000,1611313998.086,$GPGGA,111317.00,6342.682364,N,01058.742173,E,2,12,0.7,12.27,M,40.00,M,7.0,0907*7C
2021:01:22:12:13:19.086000,1611313999.086,$GPGGA,111318.00,6342.682369,N,01058.742130,E,2,12,0.7,12.24,M,40.00,M,8.0,0907*75
2021:01:22:12:13:20.086000,1611314000.086,$GPGGA,111319.00,6342.682378,N,01058.742102,E,2,12,0.7,12.24,M,40.00,M,9.0,0907*74
2021:01:22:12:13:21.086000,1611314001.086,$GPGGA,111320.00,6342.682350,N,01058.742084,E,2,12,0.7,12.29,M,40.00,M,10.0,0907*4E
2021:01:22:12:13:22.086000,1611314002.086,$GPGGA,111321.00,6342.682359,N,01058.742092,E,2,12,0.7,12.29,M,40.00,M,11.0,0907*40
2021:01:22:12:13:23.086000,1611314003.086,$GPGGA,111322.00,6342.682373,N,01058.742014,E,2,12,0.7,12.22,M,40.00,M,12.0,0907*4D
2021:01:22:12:13:25.087000,1611314005.087,$GPGGA,111324.00,6342.682333,N,01058.741990,E,2,12,0.7,12.27,M,40.00,M,14.0,0907*4A
2021:01:22:12:13:26.087000,1611314006.087,$GPGGA,111325.00,6342.682350,N,01058.741972,E,2,12,0.7,12.26,M,40.00,M,15.0,0907*42
2021:01:22:12:13:27.087000,1611314007.087,$GPGGA,111326.00,6342.682340,N,01058.741881,E,2,12,0.7,12.22,M,40.00,M,5.0,0907*78
2021:01:22:12:13:28.087000,1611314008.087,$GPGGA,111327.00,6342.682327,N,01058.741867,E,2,12,0.7,12.25,M,40.00,M,6.0,0907*74
2021:01:22:12:13:30.087000,1611314010.087,$GPGGA,111329.00,6342.682324,N,01058.741878,E,2,12,0.7,12.24,M,40.00,M,8.0,0907*78
2021:01:22:12:13:31.087000,1611314011.087,$GPGGA,111330.00,6342.682330,N,01058.741926,E,2,12,0.7,12.24,M,40.00,M,9.0,0907*7E
2021:01:22:12:13:32.087000,1611314012.087,$GPGGA,111331.00,6342.682320,N,01058.741876,E,2,12,0.7,12.24,M,40.00,M,10.0,0907*42
2021:01:22:12:13:34.086000,1611314014.086,$GPGGA,111333.00,6342.682292,N,01058.741829,E,2,12,0.7,12.30,M,40.00,M,6.0,0907*70
2021:01:22:12:13:35.087000,1611314015.087,$GPGGA,111334.00,6342.682307,N,01058.741823,E,2,12,0.7,12.28,M,40.00,M,7.0,0907*78
2021:01:22:12:13:36.086000,1611314016.086,$GPGGA,111335.00,6342.682285,N,01058.741728,E,2,12,0.7,12.23,M,40.00,M,8.0,0907*72
2021:01:22:12:13:37.086000,1611314017.086,$GPGGA,111336.00,6342.682244,N,01058.741720,E,2,12,0.7,12.26,M,40.00,M,9.0,0907*70
2021:01:22:12:13:38.086000,1611314018.086,$GPGGA,111337.00,6342.682256,N,01058.741827,E,2,12,0.7,12.31,M,40.00,M,10.0,0907*44
2021:01:22:12:13:39.087000,1611314019.087,$GPGGA,111338.00,6342.682277,N,01058.741815,E,2,12,0.7,12.26,M,40.00,M,11.0,0907*4E
2021:01:22:12:13:40.087000,1611314020.087,$GPGGA,111339.00,6342.682244,N,01058.741716,E,2,12,0.7,12.22,M,40.00,M,12.0,0907*44
2021:01:22:12:13:42.087000,1611314022.087,$GPGGA,111341.00,6342.682206,N,01058.741824,E,2,12,0.7,12.29,M,40.00,M,14.0,0907*4E
2021:01:22:12:13:43.087000,1611314023.087,$GPGGA,111342.00,6342.682216,N,01058.741778,E,2,12,0.7,12.24,M,40.00,M,10.0,0907*43
2021:01:22:12:13:44.087000,1611314024.087,$GPGGA,111343.00,6342.682158,N,01058.741793,E,2,12,0.7,12.26,M,40.00,M,11.0,0907*4D
2021:01:22:12:13:45.087000,1611314025.087,$GPGGA,111344.00,6342.682141,N,01058.741872,E,2,12,0.7,12.29,M,40.00,M,12.0,0907*4E
2021:01:22:12:13:46.088000,1611314026.088,$GPGGA,111345.00,6342.682160,N,01058.741889,E,2,12,0.7,12.27,M,40.00,M,8.0,0907*7D
2021:01:22:12:13:47.087000,1611314027.087,$GPGGA,111346.00,6342.682127,N,01058.741889,E,2,12,0.7,12.26,M,40.00,M,9.0,0907*7D
2021:01:22:12:13:48.088000,1611314028.088,$GPGGA,111347.00,6342.682105,N,01058.741965,E,2,12,0.7,12.29,M,40.00,M,10.0,0907*48
2021:01:22:12:13:50.087000,1611314030.087,$GPGGA,111349.00,6342.682095,N,01058.741976,E,2,12,0.7,12.29,M,40.00,M,7.0,0907*7A
2021:01:22:12:13:51.087000,1611314031.087,$GPGGA,111350.00,6342.682075,N,01058.741998,E,2,12,0.7,12.30,M,40.00,M,8.0,0907*7B
2021:01:22:12:13:52.087000,1611314032.087,$GPGGA,111351.00,6342.682067,N,01058.742073,E,2,12,0.7,12.32,M,40.00,M,9.0,0907*75
2021:01:22:12:13:54.088000,1611314034.088,$GPGGA,111353.00,6342.682055,N,01058.742080,E,2,12,0.7,12.30,M,40.00,M,5.0,0907*74
2021:01:22:12:13:55.088000,1611314035.088,$GPGGA,111354.00,6342.682043,N,01058.742135,E,2,12,0.7,12.31,M,40.00,M,6.0,0907*79
2021:01:22:12:13:56.088000,1611314036.088,$GPGGA,111355.00,6342.682063,N,01058.742236,E,2,12,0.7,12.33,M,40.00,M,7.0,0907*79
2021:01:22:12:13:57.088000,1611314037.088,$GPGGA,111356.00,6342.682070,N,01058.742262,E,2,12,0.7,12.31,M,40.00,M,8.0,0907*74
2021:01:22:12:13:58.088000,1611314038.088,$GPGGA,111357.00,6342.682060,N,01058.742246,E,2,12,0.7,12.30,M,40.00,M,9.0,0907*72
2021:01:22:12:13:59.088000,1611314039.088,$GPGGA,111358.00,6342.682078,N,01058.742343,E,2,12,0.7,12.32,M,40.00,M,10.0,0907*4A
2021:01:22:12:14:00.088000,1611314040.088,$GPGGA,111359.00,6342.682103,N,01058.742418,E,2,12,0.7,12.32,M,40.00,M,6.0,0907*78
2021:01:22:12:14:02.088000,1611314042.088,$GPGGA,111401.00,6342.682105,N,01058.742468,E,2,12,0.7,12.30,M,40.00,M,8.0,0907*7F
2021:01:22:12:14:03.088000,1611314043.088,$GPGGA,111402.00,6342.682146,N,01058.742598,E,2,12,0.7,12.33,M,40.00,M,9.0,0907*77
2021:01:22:12:14:04.088000,1611314044.088,$GPGGA,111403.00,6342.682175,N,01058.742650,E,2,12,0.7,12.30,M,40.00,M,10.0,0907*4A
2021:01:22:12:14:05.087000,1611314045.087,$GPGGA,111404.00,6342.682171,N,01058.742670,E,2,12,0.7,12.28,M,40.00,M,11.0,0907*43
2021:01:22:12:14:07.088000,1611314047.088,$GPGGA,111406.00,6342.682217,N,01058.742820,E,2,12,0.7,12.30,M,40.00,M,7.0,0907*77
2021:01:22:12:14:08.089000,1611314048.089,$GPGGA,111407.00,6342.682227,N,01058.742868,E,2,12,0.7,12.28,M,40.00,M,8.0,0907*7F
2021:01:22:12:14:09.088000,1611314049.088,$GPGGA,111408.00,6342.682228,N,01058.742895,E,2,12,0.7,12.29,M,40.00,M,9.0,0907*7D
2021:01:22:12:14:10.089000,1611314050.089,$GPGGA,111409.00,6342.682228,N,01058.742950,E,2,12,0.7,12.32,M,40.00,M,10.0,0907*46
2021:01:22:12:14:11.088000,1611314051.088,$GPGGA,111410.00,6342.682236,N,01058.742931,E,2,12,0.7,12.28,M,40.00,M,11.0,0907*4C
2021:01:22:12:14:12.088000,1611314052.088,$GPGGA,111411.00,6342.682246,N,01058.742898,E,2,12,0.7,12.25,M,40.00,M,12.0,0907*46
2021:01:22:12:14:13.088000,1611314053.088,$GPGGA,111412.00,6342.682226,N,01058.742931,E,2,12,0.7,12.27,M,40.00,M,13.0,0907*42
2021:01:22:12:14:15.088000,1611314055.088,$GPGGA,111414.00,6342.682242,N,01058.742962,E,2,12,0.7,12.30,M,40.00,M,9.0,0907*7D
2021:01:22:12:14:16.088000,1611314056.088,$GPGGA,111415.00,6342.682234,N,01058.742894,E,2,12,0.7,12.27,M,40.00,M,10.0,0907*4B
2021:01:22:12:14:17.088000,1611314057.088,$GPGGA,111416.00,6342.682212,N,01058.742854,E,2,12,0.7,12.27,M,40.00,M,6.0,0907*77
2021:01:22:12:14:19.088000,1611314059.088,$GPGGA,111418.00,6342.682230,N,01058.742848,E,2,12,0.7,12.27,M,40.00,M,8.0,0907*7A
2021:01:22:12:14:20.088000,1611314060.088,$GPGGA,111419.00,6342.682221,N,01058.742791,E,2,12,0.7,12.27,M,40.00,M,9.0,0907*71
2021:01:22:12:14:21.089000,1611314061.089,$GPGGA,111420.00,6342.682198,N,01058.742767,E,2,12,0.7,12.29,M,40.00,M,10.0,0907*45
2021:01:22:12:14:22.089000,1611314062.089,$GPGGA,111421.00,6342.682213,N,01058.742751,E,2,12,0.7,12.28,M,40.00,M,11.0,0907*41
2021:01:22:12:14:23.089000,1611314063.089,$GPGGA,111422.00,6342.682244,N,01058.742821,E,2,12,0.7,12.27,M,40.00,M,7.0,0907*70
2021:01:22:12:14:24.089000,1611314064.089,$GPGGA,111423.00,6342.682218,N,01058.742769,E,2,12,0.7,12.27,M,40.00,M,8.0,0907*74
2021:01:22:12:14:25.089000,1611314065.089,$GPGGA,111424.00,6342.682204,N,01058.742718,E,2,12,0.7,12.27,M,40.00,M,9.0,0907*79
2021:01:22:12:14:27.089000,1611314067.089,$GPGGA,111426.00,6342.682218,N,01058.742719,E,2,12,0.7,12.28,M,40.00,M,6.0,0907*77
2021:01:22:12:14:28.089000,1611314068.089,$GPGGA,111427.00,6342.682198,N,01058.742655,E,2,12,0.7,12.24,M,40.00,M,7.0,0907*79
2021:01:22:12:14:29.089000,1611314069.089,$GPGGA,111428.00,6342.682214,N,01058.742756,E,2,12,0.7,12.29,M,40.00,M,8.0,0907*71
2021:01:22:12:14:30.089000,1611314070.089,$GPGGA,111429.00,6342.682219,N,01058.742775,E,2,12,0.7,12.29,M,40.00,M,9.0,0907*7D
2021:01:22:12:14:31.089000,1611314071.089,$GPGGA,111430.00,6342.682206,N,01058.742721,E,2,12,0.7,12.26,M,40.00,M,10.0,0907*4D
2021:01:22:12:14:32.089000,1611314072.089,$GPGGA,111431.00,6342.682197,N,01058.742787,E,2,12,0.7,12.29,M,40.00,M,11.0,0907*45
2021:01:22:12:14:33.089000,1611314073.089,$GPGGA,111432.00,6342.682207,N,01058.742790,E,2,12,0.7,12.27,M,40.00,M,6.0,0907*72
2021:01:22:12:14:34.089000,1611314074.089,$GPGGA,111433.00,6342.682204,N,01058.742751,E,2,12,0.7,12.25,M,40.00,M,7.0,0907*7E
2021:01:22:12:14:35.088000,1611314075.088,$GPGGA,111434.00,6342.682186,N,01058.742813,E,2,12,0.7,12.29,M,40.00,M,8.0,0907*7A
2021:01:22:12:14:36.089000,1611314076.089,$GPGGA,111435.00,6342.682197,N,01058.742831,E,2,12,0.7,12.27,M,40.00,M,9.0,0907*74
2021:01:22:12:14:37.089000,1611314077.089,$GPGGA,111436.00,6342.682200,N,01058.742775,E,2,12,0.7,12.23,M,40.00,M,10.0,0907*49
2021:01:22:12:14:38.089000,1611314078.089,$GPGGA,111437.00,6342.682178,N,01058.742796,E,2,12,0.7,12.28,M,40.00,M,11.0,0907*43
2021:01:22:12:14:40.089000,1611314080.089,$GPGGA,111439.00,6342.682212,N,01058.742921,E,2,12,0.7,12.28,M,40.00,M,13.0,0907*42
2021:01:22:12:14:41.089000,1611314081.089,$GPGGA,111440.00,6342.682190,N,01058.742886,E,2,12,0.7,12.28,M,40.00,M,9.0,0907*72
2021:01:22:12:14:42.089000,1611314082.089,$GPGGA,111441.00,6342.682189,N,01058.742824,E,2,12,0.7,12.26,M,40.00,M,10.0,0907*45
2021:01:22:12:14:44.089000,1611314084.089,$GPGGA,111443.00,6342.682202,N,01058.742946,E,2,12,0.7,12.30,M,40.00,M,12.0,0907*47
2021:01:22:12:14:45.089000,1611314085.089,$GPGGA,111444.00,6342.682190,N,01058.742919,E,2,12,0.7,12.27,M,40.00,M,13.0,0907*45
2021:01:22:12:14:46.089000,1611314086.089,$GPGGA,111445.00,6342.682224,N,01058.742980,E,2,12,0.7,12.30,M,40.00,M,14.0,0907*49
2021:01:22:12:14:47.089000,1611314087.089,$GPGGA,111446.00,6342.682241,N,01058.743015,E,2,12,0.7,12.31,M,40.00,M,9.0,0907*70
2021:01:22:12:14:48.089000,1611314088.089,$GPGGA,111447.00,6342.682217,N,01058.742961,E,2,12,0.7,12.28,M,40.00,M,10.0,0907*49
2021:01:22:12:14:49.089000,1611314089.089,$GPGGA,111448.00,6342.682238,N,01058.743014,E,2,12,0.7,12.30,M,40.00,M,11.0,0907*49
2021:01:22:12:14:50.090000,1611314090.09,$GPGGA,111449.00,6342.682277,N,01058.743088,E,2,12,0.7,12.32,M,40.00,M,12.0,0907*47
2021:01:22:12:14:52.090000,1611314092.09,$GPGGA,111451.00,6342.682282,N,01058.743005,E,2,12,0.7,12.26,M,40.00,M,8.0,0907*7F
2021:01:22:12:14:53.090000,1611314093.09,$GPGGA,111452.00,6342.682313,N,01058.743084,E,2,12,0.7,12.30,M,40.00,M,9.0,0907*7A
2021:01:22:12:14:54.090000,1611314094.09,$GPGGA,111453.00,6342.682339,N,01058.743108,E,2,12,0.7,12.31,M,40.00,M,10.0,0907*4F
2021:01:22:12:14:55.090000,1611314095.09,$GPGGA,111454.00,6342.682341,N,01058.743119,E,2,12,0.7,12.28,M,40.00,M,11.0,0907*4E
2021:01:22:12:14:56.090000,1611314096.09,$GPGGA,111455.00,6342.682351,N,01058.743139,E,2,12,0.7,12.29,M,40.00,M,12.0,0907*4E
2021:01:22:12:14:57.090000,1611314097.09,$GPGGA,111456.00,6342.682376,N,01058.743136,E,2,12,0.7,12.30,M,40.00,M,13.0,0907*4E
2021:01:22:12:14:58.090000,1611314098.09,$GPGGA,111457.00,6342.682382,N,01058.743140,E,2,12,0.7,12.31,M,40.00,M,14.0,0907*43
2021:01:22:12:15:00.090000,1611314100.09,$GPGGA,111459.00,6342.682405,N,01058.743189,E,2,12,0.7,12.29,M,40.00,M,16.0,0907*4B
2021:01:22:12:15:01.090000,1611314101.09,$GPGGA,111500.00,6342.682411,N,01058.743195,E,2,12,0.7,12.28,M,40.00,M,9.0,0907*71
2021:01:22:12:15:02.090000,1611314102.09,$GPGGA,111501.00,6342.682412,N,01058.743192,E,2,12,0.7,12.29,M,40.00,M,10.0,0907*4D
2021:01:22:12:15:05.091000,1611314105.091,$GPGGA,111504.00,6342.682414,N,01058.743231,E,2,12,0.7,12.28,M,40.00,M,9.0,0907*7D
2021:01:22:12:15:06.090000,1611314106.09,$GPGGA,111505.00,6342.682421,N,01058.743251,E,2,12,0.7,12.28,M,40.00,M,10.0,0907*44
2021:01:22:12:15:07.090000,1611314107.09,$GPGGA,111506.00,6342.682416,N,01058.743204,E,2,12,0.7,12.26,M,40.00,M,6.0,0907*7A
2021:01:22:12:15:09.090000,1611314109.09,$GPGGA,111508.00,6342.682378,N,01058.743214,E,2,12,0.7,12.29,M,40.00,M,8.0,0907*7B
2021:01:22:12:15:10.090000,1611314110.09,$GPGGA,111509.00,6342.682365,N,01058.743196,E,2,12,0.7,12.27,M,40.00,M,4.0,0907*7D
2021:01:22:12:15:11.090000,1611314111.09,$GPGGA,111510.00,6342.682369,N,01058.743117,E,2,12,0.7,12.25,M,40.00,M,5.0,0907*73
2021:01:22:12:15:12.090000,1611314112.09,$GPGGA,111511.00,6342.682337,N,01058.743084,E,2,12,0.7,12.27,M,40.00,M,6.0,0907*73
2021:01:22:12:15:13.090000,1611314113.09,$GPGGA,111512.00,6342.682303,N,01058.743051,E,2,12,0.7,12.29,M,40.00,M,7.0,0907*70
2021:01:22:12:15:14.090000,1611314114.09,$GPGGA,111513.00,6342.682303,N,01058.742947,E,2,12,0.7,12.26,M,40.00,M,8.0,0907*7E
2021:01:22:12:15:15.090000,1611314115.09,$GPGGA,111514.00,6342.682269,N,01058.742831,E,2,12,0.7,12.26,M,40.00,M,9.0,0907*75
2021:01:22:12:15:16.090000,1611314116.09,$GPGGA,111515.00,6342.682235,N,01058.742840,E,2,12,0.7,12.31,M,40.00,M,10.0,0907*45
2021:01:22:12:15:17.090000,1611314117.09,$GPGGA,111516.00,6342.682251,N,01058.742852,E,2,12,0.7,12.27,M,40.00,M,11.0,0907*41
2021:01:22:12:15:18.090000,1611314118.09,$GPGGA,111517.00,6342.682218,N,01058.742776,E,2,12,0.7,12.24,M,40.00,M,7.0,0907*70
2021:01:22:12:15:19.091000,1611314119.091,$GPGGA,111518.00,6342.682176,N,01058.742726,E,2,12,0.7,12.27,M,40.00,M,8.0,0907*7D
2021:01:22:12:15:20.091000,1611314120.091,$GPGGA,111519.00,6342.682170,N,01058.742735,E,2,12,0.7,12.27,M,40.00,M,9.0,0907*79
2021:01:22:12:15:21.091000,1611314121.091,$GPGGA,111520.00,6342.682159,N,01058.742730,E,2,12,0.7,12.26,M,40.00,M,10.0,0907*44
2021:01:22:12:15:22.091000,1611314122.091,$GPGGA,111521.00,6342.682124,N,01058.742699,E,2,12,0.7,12.25,M,40.00,M,11.0,0907*4F
2021:01:22:12:15:23.091000,1611314123.091,$GPGGA,111522.00,6342.682094,N,01058.742632,E,2,12,0.7,12.25,M,40.00,M,12.0,0907*44
2021:01:22:12:15:25.091000,1611314125.091,$GPGGA,111524.00,6342.682062,N,01058.742582,E,2,12,0.7,12.23,M,40.00,M,8.0,0907*7E
2021:01:22:12:15:26.091000,1611314126.091,$GPGGA,111525.00,6342.682042,N,01058.742551,E,2,12,0.7,12.21,M,40.00,M,9.0,0907*70
2021:01:22:12:15:27.091000,1611314127.091,$GPGGA,111526.00,6342.682008,N,01058.742541,E,2,12,0.7,12.24,M,40.00,M,10.0,0907*41
2021:01:22:12:15:29.091000,1611314129.091,$GPGGA,111528.00,6342.682007,N,01058.742475,E,2,12,0.7,12.22,M,40.00,M,7.0,0907*76
2021:01:22:12:15:30.091000,1611314130.091,$GPGGA,111529.00,6342.681974,N,01058.742395,E,2,12,0.7,12.21,M,40.00,M,8.0,0907*7C
2021:01:22:12:15:31.091000,1611314131.091,$GPGGA,111530.00,6342.681962,N,01058.742388,E,2,12,0.7,12.23,M,40.00,M,9.0,0907*7C
2021:01:22:12:15:32.091000,1611314132.091,$GPGGA,111531.00,6342.681992,N,01058.742467,E,2,12,0.7,12.27,M,40.00,M,10.0,0907*48
2021:01:22:12:15:34.091000,1611314134.091,$GPGGA,111533.00,6342.681956,N,01058.742304,E,2,12,0.7,12.24,M,40.00,M,7.0,0907*75
2021:01:22:12:15:35.091000,1611314135.091,$GPGGA,111534.00,6342.681975,N,01058.742344,E,2,12,0.7,12.26,M,40.00,M,8.0,0907*7A
2021:01:22:12:15:36.091000,1611314136.091,$GPGGA,111535.00,6342.681980,N,01058.742378,E,2,12,0.7,12.28,M,40.00,M,9.0,0907*71
2021:01:22:12:15:37.091000,1611314137.091,$GPGGA,111536.00,6342.681966,N,01058.742376,E,2,12,0.7,12.25,M,40.00,M,5.0,0907*75
2021:01:22:12:15:38.091000,1611314138.091,$GPGGA,111537.00,6342.681957,N,01058.742390,E,2,12,0.7,12.26,M,40.00,M,6.0,0907*7E
2021:01:22:12:15:39.091000,1611314139.091,$GPGGA,111538.00,6342.681962,N,01058.742411,E,2,12,0.7,12.28,M,40.00,M,7.0,0907*76
2021:01:22:12:15:40.091000,1611314140.091,$GPGGA,111539.00,6342.681954,N,01058.742360,E,2,12,0.7,12.26,M,40.00,M,8.0,0907*72
2021:01:22:12:15:42.091000,1611314142.091,$GPGGA,111541.00,6342.681925,N,01058.742351,E,2,12,0.7,12.28,M,40.00,M,10.0,0907*4E
2021:01:22:12:15:43.091000,1611314143.091,$GPGGA,111542.00,6342.681927,N,01058.742315,E,2,12,0.7,12.29,M,40.00,M,11.0,0907*4F
2021:01:22:12:15:44.091000,1611314144.091,$GPGGA,111543.00,6342.681924,N,01058.742250,E,2,12,0.7,12.27,M,40.00,M,12.0,0907*40
2021:01:22:12:15:45.091000,1611314145.091,$GPGGA,111544.00,6342.681919,N,01058.742257,E,2,12,0.7,12.28,M,40.00,M,13.0,0907*40
2021:01:22:12:15:46.091000,1611314146.091,$GPGGA,111545.00,6342.681920,N,01058.742286,E,2,12,0.7,12.30,M,40.00,M,14.0,0907*49
2021:01:22:12:15:47.091000,1611314147.091,$GPGGA,111546.00,6342.681960,N,01058.742329,E,2,12,0.7,12.25,M,40.00,M,4.0,0907*7F
2021:01:22:12:15:48.091000,1611314148.091,$GPGGA,111547.00,6342.681974,N,01058.742308,E,2,12,0.7,12.22,M,40.00,M,5.0,0907*7E
2021:01:22:12:15:50.092000,1611314150.092,$GPGGA,111549.00,6342.681983,N,01058.742280,E,2,12,0.7,12.27,M,40.00,M,7.0,0907*7E
2021:01:22:12:15:51.092000,1611314151.092,$GPGGA,111550.00,6342.682026,N,01058.742317,E,2,12,0.7,12.25,M,40.00,M,8.0,0907*71
2021:01:22:12:15:52.092000,1611314152.092,$GPGGA,111551.00,6342.682022,N,01058.742381,E,2,12,0.7,12.26,M,40.00,M,9.0,0907*79
2021:01:22:12:15:54.092000,1611314154.092,$GPGGA,111553.00,6342.682063,N,01058.742433,E,2,12,0.7,12.23,M,40.00,M,6.0,0907*7A
2021:01:22:12:15:55.092000,1611314155.092,$GPGGA,111554.00,6342.682069,N,01058.742504,E,2,12,0.7,12.25,M,40.00,M,7.0,0907*75
2021:01:22:12:15:56.092000,1611314156.092,$GPGGA,111555.00,6342.682065,N,01058.742577,E,2,12,0.7,12.25,M,40.00,M,8.0,0907*73
2021:01:22:12:15:57.092000,1611314157.092,$GPGGA,111556.00,6342.682078,N,01058.742693,E,2,12,0.7,12.25,M,40.00,M,9.0,0907*74
2021:01:22:12:15:58.092000,1611314158.092,$GPGGA,111557.00,6342.682088,N,01058.742727,E,2,12,0.7,12.24,M,40.00,M,10.0,0907*4D
2021:01:22:12:15:59.092000,1611314159.092,$GPGGA,111558.00,6342.682098,N,01058.742794,E,2,12,0.7,12.23,M,40.00,M,11.0,0907*4D
2021:01:22:12:16:00.092000,1611314160.092,$GPGGA,111559.00,6342.682072,N,01058.742862,E,2,12,0.7,12.24,M,40.00,M,12.0,0907*4A
2021:01:22:12:16:01.092000,1611314161.092,$GPGGA,111600.00,6342.682071,N,01058.742905,E,2,12,0.7,12.22,M,40.00,M,7.0,0907*74
2021:01:22:12:16:02.092000,1611314162.092,$GPGGA,111601.00,6342.682116,N,01058.743027,E,2,12,0.7,12.23,M,40.00,M,8.0,0907*73
2021:01:22:12:16:03.092000,1611314163.092,$GPGGA,111602.00,6342.682098,N,01058.743105,E,2,12,0.7,12.24,M,40.00,M,9.0,0907*70
2021:01:22:12:16:04.092000,1611314164.092,$GPGGA,111603.00,6342.682056,N,01058.743069,E,2,12,0.7,12.22,M,40.00,M,10.0,0907*46
2021:01:22:12:16:05.092000,1611314165.092,$GPGGA,111604.00,6342.682049,N,01058.743105,E,2,12,0.7,12.24,M,40.00,M,6.0,0907*75
2021:01:22:12:16:07.092000,1611314167.092,$GPGGA,111606.00,6342.682072,N,01058.743224,E,2,12,0.7,12.22,M,40.00,M,8.0,0907*77
2021:01:22:12:16:08.092000,1611314168.092,$GPGGA,111607.00,6342.682027,N,01058.743251,E,2,12,0.7,12.24,M,40.00,M,9.0,0907*73
2021:01:22:12:16:09.092000,1611314169.092,$GPGGA,111608.00,6342.682025,N,01058.743213,E,2,12,0.7,12.24,M,40.00,M,10.0,0907*40
2021:01:22:12:16:10.092000,1611314170.092,$GPGGA,111609.00,6342.682030,N,01058.743185,E,2,12,0.7,12.21,M,40.00,M,11.0,0907*4D
2021:01:22:12:16:11.092000,1611314171.092,$GPGGA,111610.00,6342.682011,N,01058.743219,E,2,12,0.7,12.23,M,40.00,M,7.0,0907*75
2021:01:22:12:16:12.092000,1611314172.092,$GPGGA,111611.00,6342.681992,N,01058.743203,E,2,12,0.7,12.24,M,40.00,M,8.0,0907*76
2021:01:22:12:16:13.092000,1611314173.092,$GPGGA,111612.00,6342.681997,N,01058.743231,E,2,12,0.7,12.25,M,40.00,M,9.0,0907*71
2021:01:22:12:16:15.092000,1611314175.092,$GPGGA,111614.00,6342.682016,N,01058.743276,E,2,12,0.7,12.24,M,40.00,M,5.0,0907*7A
2021:01:22:12:16:16.092000,1611314176.092,$GPGGA,111615.00,6342.682006,N,01058.743235,E,2,12,0.7,12.23,M,40.00,M,6.0,0907*79
2021:01:22:12:16:17.092000,1611314177.092,$GPGGA,111616.00,6342.681998,N,01058.743273,E,2,12,0.7,12.26,M,40.00,M,7.0,0907*71
2021:01:22:12:16:19.093000,1611314179.093,$GPGGA,111618.00,6342.682080,N,01058.743382,E,2,12,0.7,12.23,M,40.00,M,9.0,0907*78
2021:01:22:12:16:20.093000,1611314180.093,$GPGGA,111619.00,6342.682049,N,01058.743324,E,2,12,0.7,12.22,M,40.00,M,10.0,0907*49
2021:01:22:12:16:21.093000,1611314181.093,$GPGGA,111620.00,6342.682031,N,01058.743338,E,2,12,0.7,12.28,M,40.00,M,11.0,0907*4A
2021:01:22:12:16:22.093000,1611314182.093,$GPGGA,111621.00,6342.682095,N,01058.743433,E,2,12,0.7,12.30,M,40.00,M,12.0,0907*43
2021:01:22:12:16:23.093000,1611314183.093,$GPGGA,111622.00,6342.682102,N,01058.743424,E,2,12,0.7,12.26,M,40.00,M,13.0,0907*4F
2021:01:22:12:16:24.093000,1611314184.093,$GPGGA,111623.00,6342.682036,N,01058.743333,E,2,12,0.7,12.25,M,40.00,M,9.0,0907*71
2021:01:22:12:16:25.093000,1611314185.093,$GPGGA,111624.00,6342.682036,N,01058.743342,E,2,12,0.7,12.28,M,40.00,M,10.0,0907*45
2021:01:22:12:16:27.093000,1611314187.093,$GPGGA,111626.00,6342.682047,N,01058.743283,E,2,12,0.7,12.23,M,40.00,M,12.0,0907*44
2021:01:22:12:16:28.093000,1611314188.093,$GPGGA,111627.00,6342.681995,N,01058.743249,E,2,12,0.7,12.28,M,40.00,M,8.0,0907*76
2021:01:22:12:16:29.093000,1611314189.093,$GPGGA,111628.00,6342.682022,N,01058.743268,E,2,12,0.7,12.29,M,40.00,M,9.0,0907*7C
2021:01:22:12:16:30.093000,1611314190.093,$GPGGA,111629.00,6342.682053,N,01058.743244,E,2,12,0.7,12.24,M,40.00,M,10.0,0907*40
2021:01:22:12:16:31.093000,1611314191.093,$GPGGA,111630.00,6342.682011,N,01058.743139,E,2,12,0.7,12.24,M,40.00,M,6.0,0907*70
2021:01:22:12:16:32.093000,1611314192.093,$GPGGA,111631.00,6342.681979,N,01058.743090,E,2,12,0.7,12.28,M,40.00,M,7.0,0907*7A
2021:01:22:12:16:33.093000,1611314193.093,$GPGGA,111632.00,6342.682027,N,01058.743149,E,2,12,0.7,12.28,M,40.00,M,8.0,0907*72
2021:01:22:12:16:35.094000,1611314195.094,$GPGGA,111634.00,6342.681996,N,01058.743067,E,2,12,0.7,12.22,M,40.00,M,10.0,0907*4A
2021:01:22:12:16:36.093000,1611314196.093,$GPGGA,111635.00,6342.682003,N,01058.743118,E,2,12,0.7,12.26,M,40.00,M,11.0,0907*41
2021:01:22:12:16:37.093000,1611314197.093,$GPGGA,111636.00,6342.682047,N,01058.743196,E,2,12,0.7,12.26,M,40.00,M,12.0,0907*47
2021:01:22:12:16:38.093000,1611314198.093,$GPGGA,111637.00,6342.682033,N,01058.743114,E,2,12,0.7,12.23,M,40.00,M,8.0,0907*71
2021:01:22:12:16:40.093000,1611314200.093,$GPGGA,111639.00,6342.681986,N,01058.743082,E,2,12,0.7,12.25,M,40.00,M,10.0,0907*4A
2021:01:22:12:16:41.093000,1611314201.093,$GPGGA,111640.00,6342.682016,N,01058.743072,E,2,12,0.7,12.26,M,40.00,M,11.0,0907*4A
2021:01:22:12:16:42.093000,1611314202.093,$GPGGA,111641.00,6342.681996,N,01058.743042,E,2,12,0.7,12.25,M,40.00,M,12.0,0907*4A
2021:01:22:12:16:44.093000,1611314204.093,$GPGGA,111643.00,6342.681936,N,01058.742841,E,2,12,0.7,12.24,M,40.00,M,14.0,0907*4F
2021:01:22:12:16:45.093000,1611314205.093,$GPGGA,111644.00,6342.681970,N,01058.742859,E,2,12,0.7,12.26,M,40.00,M,15.0,0907*40
2021:01:22:12:16:46.093000,1611314206.093,$GPGGA,111645.00,6342.681955,N,01058.742803,E,2,12,0.7,12.22,M,40.00,M,16.0,0907*4E
2021:01:22:12:16:47.093000,1611314207.093,$GPGGA,111646.00,6342.681937,N,01058.742769,E,2,12,0.7,12.24,M,40.00,M,17.0,0907*4D
2021:01:22:12:16:48.093000,1611314208.093,$GPGGA,111647.00,6342.681960,N,01058.742773,E,2,12,0.7,12.27,M,40.00,M,11.0,0907*40
2021:01:22:12:16:49.094000,1611314209.094,$GPGGA,111648.00,6342.681997,N,01058.742688,E,2,12,0.7,12.22,M,40.00,M,12.0,0907*44
2021:01:22:12:16:50.094000,1611314210.094,$GPGGA,111649.00,6342.681989,N,01058.742628,E,2,12,0.7,12.21,M,40.00,M,13.0,0907*42
2021:01:22:12:16:52.094000,1611314212.094,$GPGGA,111651.00,6342.682024,N,01058.742682,E,2,12,0.7,12.25,M,40.00,M,9.0,0907*79
2021:01:22:12:16:53.094000,1611314213.094,$GPGGA,111652.00,6342.682050,N,01058.742636,E,2,12,0.7,12.21,M,40.00,M,10.0,0907*4A
2021:01:22:12:16:54.094000,1611314214.094,$GPGGA,111653.00,6342.682021,N,01058.742575,E,2,12,0.7,12.21,M,40.00,M,11.0,0907*48
2021:01:22:12:16:55.094000,1611314215.094,$GPGGA,111654.00,6342.682051,N,01058.742656,E,2,12,0.7,12.26,M,40.00,M,12.0,0907*4E
2021:01:22:12:16:56.094000,1611314216.094,$GPGGA,111655.00,6342.682100,N,01058.742751,E,2,12,0.7,12.27,M,40.00,M,13.0,0907*4C
2021:01:22:12:16:57.094000,1611314217.094,$GPGGA,111656.00,6342.682095,N,01058.742666,E,2,12,0.7,12.21,M,40.00,M,14.0,0907*46
2021:01:22:12:16:58.094000,1611314218.094,$GPGGA,111657.00,6342.682086,N,01058.742628,E,2,12,0.7,12.20,M,40.00,M,10.0,0907*4A
2021:01:22:12:17:00.094000,1611314220.094,$GPGGA,111659.00,6342.682168,N,01058.742793,E,2,12,0.7,12.26,M,40.00,M,12.0,0907*40
2021:01:22:12:17:01.094000,1611314221.094,$GPGGA,111700.00,6342.682178,N,01058.742762,E,2,12,0.7,12.22,M,40.00,M,8.0,0907*7D
2021:01:22:12:17:02.094000,1611314222.094,$GPGGA,111701.00,6342.682162,N,01058.742737,E,2,12,0.7,12.23,M,40.00,M,9.0,0907*77
2021:01:22:12:17:04.095000,1611314224.095,$GPGGA,111703.00,6342.682231,N,01058.742738,E,2,12,0.7,12.21,M,40.00,M,11.0,0907*44
2021:01:22:12:17:05.095000,1611314225.095,$GPGGA,111704.00,6342.682246,N,01058.742821,E,2,12,0.7,12.22,M,40.00,M,6.0,0907*71
2021:01:22:12:17:06.094000,1611314226.094,$GPGGA,111705.00,6342.682244,N,01058.742835,E,2,12,0.7,12.23,M,40.00,M,7.0,0907*77
2021:01:22:12:17:07.094000,1611314227.094,$GPGGA,111706.00,6342.682275,N,01058.742769,E,2,12,0.7,12.21,M,40.00,M,8.0,0907*7D
2021:01:22:12:17:09.094000,1611314229.094,$GPGGA,111708.00,6342.682290,N,01058.742815,E,2,12,0.7,12.24,M,40.00,M,5.0,0907*74
2021:01:22:12:17:10.094000,1611314230.094,$GPGGA,111709.00,6342.682340,N,01058.742887,E,2,12,0.7,12.23,M,40.00,M,6.0,0907*76
2021:01:22:12:17:11.094000,1611314231.094,$GPGGA,111710.00,6342.682375,N,01058.742909,E,2,12,0.7,12.22,M,40.00,M,7.0,0907*7F
2021:01:22:12:17:12.094000,1611314232.094,$GPGGA,111711.00,6342.682359,N,01058.742891,E,2,12,0.7,12.24,M,40.00,M,8.0,0907*79
2021:01:22:12:17:13.094000,1611314233.094,$GPGGA,111712.00,6342.682389,N,01058.742915,E,2,12,0.7,12.26,M,40.00,M,9.0,0907*79
2021:01:22:12:17:14.094000,1611314234.094,$GPGGA,111713.00,6342.682455,N,01058.742968,E,2,12,0.7,12.25,M,40.00,M,10.0,0907*4F
2021:01:22:12:17:15.094000,1611314235.094,$GPGGA,111714.00,6342.682470,N,01058.742991,E,2,12,0.7,12.25,M,40.00,M,6.0,0907*7E
2021:01:22:12:17:17.094000,1611314237.094,$GPGGA,111716.00,6342.682572,N,01058.743030,E,2,12,0.7,12.25,M,40.00,M,8.0,0907*72
2021:01:22:12:17:18.094000,1611314238.094,$GPGGA,111717.00,6342.682585,N,01058.743063,E,2,12,0.7,12.25,M,40.00,M,9.0,0907*7C
2021:01:22:12:17:19.095000,1611314239.095,$GPGGA,111718.00,6342.682629,N,01058.743120,E,2,12,0.7,12.25,M,40.00,M,10.0,0907*48
2021:01:22:12:17:21.095000,1611314241.095,$GPGGA,111720.00,6342.682703,N,01058.743245,E,2,12,0.7,12.23,M,40.00,M,7.0,0907*7A
2021:01:22:12:17:22.095000,1611314242.095,$GPGGA,111721.00,6342.682743,N,01058.743317,E,2,12,0.7,12.24,M,40.00,M,8.0,0907*71
2021:01:22:12:17:23.095000,1611314243.095,$GPGGA,111722.00,6342.682768,N,01058.743283,E,2,12,0.7,12.20,M,40.00,M,9.0,0907*72
2021:01:22:12:17:25.095000,1611314245.095,$GPGGA,111724.00,6342.682796,N,01058.743437,E,2,12,0.7,12.24,M,40.00,M,11.0,0907*41
2021:01:22:12:17:26.095000,1611314246.095,$GPGGA,111725.00,6342.682809,N,01058.743405,E,2,12,0.7,12.21,M,40.00,M,12.0,0907*4E
2021:01:22:12:17:27.095000,1611314247.095,$GPGGA,111726.00,6342.682793,N,01058.743402,E,2,12,0.7,12.22,M,40.00,M,13.0,0907*44
2021:01:22:12:17:29.095000,1611314249.095,$GPGGA,111728.00,6342.682842,N,01058.743591,E,2,12,0.7,12.26,M,40.00,M,10.0,0907*45
2021:01:22:12:17:30.095000,1611314250.095,$GPGGA,111729.00,6342.682814,N,01058.743510,E,2,12,0.7,12.24,M,40.00,M,11.0,0907*4D
2021:01:22:12:17:31.095000,1611314251.095,$GPGGA,111730.00,6342.682786,N,01058.743506,E,2,12,0.7,12.25,M,40.00,M,6.0,0907*71
2021:01:22:12:17:32.095000,1611314252.095,$GPGGA,111731.00,6342.682824,N,01058.743615,E,2,12,0.7,12.28,M,40.00,M,7.0,0907*7A
2021:01:22:12:17:33.095000,1611314253.095,$GPGGA,111732.00,6342.682824,N,01058.743569,E,2,12,0.7,12.25,M,40.00,M,8.0,0907*73
2021:01:22:12:17:34.096000,1611314254.096,$GPGGA,111733.00,6342.682802,N,01058.743584,E,2,12,0.7,12.26,M,40.00,M,9.0,0907*77
2021:01:22:12:17:35.095000,1611314255.095,$GPGGA,111734.00,6342.682811,N,01058.743694,E,2,12,0.7,12.26,M,40.00,M,5.0,0907*7C
2021:01:22:12:17:37.095000,1611314257.095,$GPGGA,111736.00,6342.682818,N,01058.743653,E,2,12,0.7,12.22,M,40.00,M,7.0,0907*7A
2021:01:22:12:17:38.095000,1611314258.095,$GPGGA,111737.00,6342.682806,N,01058.743733,E,2,12,0.7,12.26,M,40.00,M,8.0,0907*78
2021:01:22:12:17:39.095000,1611314259.095,$GPGGA,111738.00,6342.682824,N,01058.743762,E,2,12,0.7,12.22,M,40.00,M,9.0,0907*76
2021:01:22:12:17:40.095000,1611314260.095,$GPGGA,111739.00,6342.682847,N,01058.743798,E,2,12,0.7,12.22,M,40.00,M,10.0,0907*4F
2021:01:22:12:17:42.095000,1611314262.095,$GPGGA,111741.00,6342.682828,N,01058.743899,E,2,12,0.7,12.23,M,40.00,M,12.0,0907*44
2021:01:22:12:17:43.095000,1611314263.095,$GPGGA,111742.00,6342.682863,N,01058.743952,E,2,12,0.7,12.21,M,40.00,M,13.0,0907*4D
2021:01:22:12:17:44.095000,1611314264.095,$GPGGA,111743.00,6342.682868,N,01058.744017,E,2,12,0.7,12.23,M,40.00,M,14.0,0907*4D
2021:01:22:12:17:46.095000,1611314266.095,$GPGGA,111745.00,6342.682843,N,01058.743962,E,2,12,0.7,12.24,M,40.00,M,5.0,0907*79
2021:01:22:12:17:47.095000,1611314267.095,$GPGGA,111746.00,6342.682866,N,01058.744029,E,2,12,0.7,12.27,M,40.00,M,6.0,0907*7C
2021:01:22:12:17:48.095000,1611314268.095,$GPGGA,111747.00,6342.682839,N,01058.743975,E,2,12,0.7,12.24,M,40.00,M,7.0,0907*72
2021:01:22:12:17:49.096000,1611314269.096,$GPGGA,111748.00,6342.682840,N,01058.743951,E,2,12,0.7,12.22,M,40.00,M,8.0,0907*7C
2021:01:22:12:17:50.096000,1611314270.096,$GPGGA,111749.00,6342.682855,N,01058.744038,E,2,12,0.7,12.28,M,40.00,M,9.0,0907*73
2021:01:22:12:17:51.096000,1611314271.096,$GPGGA,111750.00,6342.682859,N,01058.744009,E,2,12,0.7,12.26,M,40.00,M,10.0,0907*43
2021:01:22:12:17:52.096000,1611314272.096,$GPGGA,111751.00,6342.682869,N,01058.743972,E,2,12,0.7,12.21,M,40.00,M,6.0,0907*73
2021:01:22:12:17:54.096000,1611314274.096,$GPGGA,111753.00,6342.682860,N,01058.743974,E,2,12,0.7,12.26,M,40.00,M,8.0,0907*77
2021:01:22:12:17:55.096000,1611314275.096,$GPGGA,111754.00,6342.682880,N,01058.743929,E,2,12,0.7,12.21,M,40.00,M,4.0,0907*7D
2021:01:22:12:17:56.096000,1611314276.096,$GPGGA,111755.00,6342.682889,N,01058.743892,E,2,12,0.7,12.18,M,40.00,M,5.0,0907*7F
2021:01:22:12:17:57.096000,1611314277.096,$GPGGA,111756.00,6342.682877,N,01058.743901,E,2,12,0.7,12.22,M,40.00,M,6.0,0907*7C
2021:01:22:12:17:58.096000,1611314278.096,$GPGGA,111757.00,6342.682881,N,01058.743906,E,2,12,0.7,12.24,M,40.00,M,7.0,0907*74
2021:01:22:12:17:59.096000,1611314279.096,$GPGGA,111758.00,6342.682892,N,01058.743854,E,2,12,0.7,12.22,M,40.00,M,8.0,0907*76
2021:01:22:12:18:00.096000,1611314280.096,$GPGGA,111759.00,6342.682880,N,01058.743795,E,2,12,0.7,12.21,M,40.00,M,9.0,0907*74
2021:01:22:12:18:02.096000,1611314282.096,$GPGGA,111801.00,6342.682883,N,01058.743700,E,2,12,0.7,12.23,M,40.00,M,5.0,0907*77
2021:01:22:12:18:03.096000,1611314283.096,$GPGGA,111802.00,6342.682861,N,01058.743560,E,2,12,0.7,12.22,M,40.00,M,6.0,0907*7E
2021:01:22:12:18:04.097000,1611314284.097,$GPGGA,111803.00,6342.682891,N,01058.743555,E,2,12,0.7,12.23,M,40.00,M,7.0,0907*76
2021:01:22:12:18:06.096000,1611314286.096,$GPGGA,111805.00,6342.682876,N,01058.743390,E,2,12,0.7,12.20,M,40.00,M,9.0,0907*7B
2021:01:22:12:18:07.096000,1611314287.096,$GPGGA,111806.00,6342.682873,N,01058.743313,E,2,12,0.7,12.21,M,40.00,M,10.0,0907*4F
2021:01:22:12:18:08.096000,1611314288.096,$GPGGA,111807.00,6342.682901,N,01058.743301,E,2,12,0.7,12.24,M,40.00,M,6.0,0907*7B
2021:01:22:12:18:11.096000,1611314291.096,$GPGGA,111810.00,6342.682855,N,01058.743067,E,2,12,0.7,12.23,M,40.00,M,9.0,0907*76
2021:01:22:12:18:12.096000,1611314292.096,$GPGGA,111811.00,6342.682894,N,01058.743037,E,2,12,0.7,12.24,M,40.00,M,5.0,0907*74
2021:01:22:12:18:13.096000,1611314293.096,$GPGGA,111812.00,6342.682893,N,01058.742981,E,2,12,0.7,12.24,M,40.00,M,6.0,0907*76
2021:01:22:12:18:15.096000,1611314295.096,$GPGGA,111814.00,6342.682832,N,01058.742865,E,2,12,0.7,12.29,M,40.00,M,8.0,0907*73
2021:01:22:12:18:16.096000,1611314296.096,$GPGGA,111815.00,6342.682868,N,01058.742868,E,2,12,0.7,12.27,M,40.00,M,9.0,0907*7F
2021:01:22:12:18:17.096000,1611314297.096,$GPGGA,111816.00,6342.682840,N,01058.742736,E,2,12,0.7,12.21,M,40.00,M,10.0,0907*4C
2021:01:22:12:18:19.097000,1611314299.097,$GPGGA,111818.00,6342.682782,N,01058.742722,E,2,12,0.7,12.29,M,40.00,M,7.0,0907*78
2021:01:22:12:18:20.097000,1611314300.097,$GPGGA,111819.00,6342.682822,N,01058.742674,E,2,12,0.7,12.23,M,40.00,M,8.0,0907*7B
2021:01:22:12:18:21.097000,1611314301.097,$GPGGA,111820.00,6342.682763,N,01058.742614,E,2,12,0.7,12.23,M,40.00,M,9.0,0907*7C
2021:01:22:12:18:22.097000,1611314302.097,$GPGGA,111821.00,6342.682704,N,01058.742586,E,2,12,0.7,12.29,M,40.00,M,10.0,0907*46
2021:01:22:12:18:23.097000,1611314303.097,$GPGGA,111822.00,6342.682750,N,01058.742604,E,2,12,0.7,12.30,M,40.00,M,11.0,0907*44
2021:01:22:12:18:24.097000,1611314304.097,$GPGGA,111823.00,6342.682761,N,01058.742549,E,2,12,0.7,12.23,M,40.00,M,12.0,0907*4C
2021:01:22:12:18:25.097000,1611314305.097,$GPGGA,111824.00,6342.682677,N,01058.742495,E,2,12,0.7,12.25,M,40.00,M,7.0,0907*7F
2021:01:22:12:18:27.097000,1611314307.097,$GPGGA,111826.00,6342.682718,N,01058.742520,E,2,12,0.7,12.26,M,40.00,M,9.0,0907*77
2021:01:22:12:18:28.097000,1611314308.097,$GPGGA,111827.00,6342.682689,N,01058.742486,E,2,12,0.7,12.25,M,40.00,M,10.0,0907*49
2021:01:22:12:18:29.097000,1611314309.097,$GPGGA,111828.00,6342.682665,N,01058.742475,E,2,12,0.7,12.26,M,40.00,M,11.0,0907*4A
2021:01:22:12:18:31.097000,1611314311.097,$GPGGA,111830.00,6342.682707,N,01058.742504,E,2,12,0.7,12.23,M,40.00,M,13.0,0907*46
2021:01:22:12:18:32.097000,1611314312.097,$GPGGA,111831.00,6342.682707,N,01058.742487,E,2,12,0.7,12.23,M,40.00,M,9.0,0907*76
2021:01:22:12:18:33.098000,1611314313.098,$GPGGA,111832.00,6342.682692,N,01058.742455,E,2,12,0.7,12.25,M,40.00,M,10.0,0907*49
2021:01:22:12:18:34.098000,1611314314.098,$GPGGA,111833.00,6342.682700,N,01058.742438,E,2,12,0.7,12.27,M,40.00,M,11.0,0907*4A
2021:01:22:12:18:35.097000,1611314315.097,$GPGGA,111834.00,6342.682727,N,01058.742433,E,2,12,0.7,12.24,M,40.00,M,6.0,0907*76
2021:01:22:12:18:36.097000,1611314316.097,$GPGGA,111835.00,6342.682738,N,01058.742395,E,2,12,0.7,12.23,M,40.00,M,7.0,0907*74
2021:01:22:12:18:37.097000,1611314317.097,$GPGGA,111836.00,6342.682716,N,01058.742338,E,2,12,0.7,12.23,M,40.00,M,8.0,0907*73
2021:01:22:12:18:39.097000,1611314319.097,$GPGGA,111838.00,6342.682759,N,01058.742372,E,2,12,0.7,12.26,M,40.00,M,10.0,0907*44
2021:01:22:12:18:40.097000,1611314320.097,$GPGGA,111839.00,6342.682764,N,01058.742305,E,2,12,0.7,12.23,M,40.00,M,11.0,0907*4F
2021:01:22:12:18:41.097000,1611314321.097,$GPGGA,111840.00,6342.682728,N,01058.742232,E,2,12,0.7,12.23,M,40.00,M,12.0,0907*4F
2021:01:22:12:18:42.097000,1611314322.097,$GPGGA,111841.00,6342.682742,N,01058.742268,E,2,12,0.7,12.26,M,40.00,M,13.0,0907*49
2021:01:22:12:18:43.097000,1611314323.097,$GPGGA,111842.00,6342.682789,N,01058.742306,E,2,12,0.7,12.25,M,40.00,M,14.0,0907*40
2021:01:22:12:18:44.097000,1611314324.097,$GPGGA,111843.00,6342.682763,N,01058.742233,E,2,12,0.7,12.23,M,40.00,M,15.0,0907*45
2021:01:22:12:18:45.097000,1611314325.097,$GPGGA,111844.00,6342.682735,N,01058.742173,E,2,12,0.7,12.23,M,40.00,M,6.0,0907*74
2021:01:22:12:18:46.097000,1611314326.097,$GPGGA,111845.00,6342.682768,N,01058.742193,E,2,12,0.7,12.23,M,40.00,M,7.0,0907*72
2021:01:22:12:18:47.097000,1611314327.097,$GPGGA,111846.00,6342.682759,N,01058.742147,E,2,12,0.7,12.20,M,40.00,M,8.0,0907*76
2021:01:22:12:18:48.098000,1611314328.098,$GPGGA,111847.00,6342.682758,N,01058.742167,E,2,12,0.7,12.20,M,40.00,M,9.0,0907*75
2021:01:22:12:18:49.098000,1611314329.098,$GPGGA,111848.00,6342.682751,N,01058.742134,E,2,12,0.7,12.23,M,40.00,M,5.0,0907*7A
2021:01:22:12:18:50.098000,1611314330.098,$GPGGA,111849.00,6342.682724,N,01058.741998,E,2,12,0.7,12.23,M,40.00,M,6.0,0907*77
2021:01:22:12:18:52.098000,1611314332.098,$GPGGA,111851.00,6342.682756,N,01058.742039,E,2,12,0.7,12.20,M,40.00,M,8.0,0907*77
2021:01:22:12:18:53.098000,1611314333.098,$GPGGA,111852.00,6342.682719,N,01058.741974,E,2,12,0.7,12.20,M,40.00,M,9.0,0907*7D
2021:01:22:12:18:54.098000,1611314334.098,$GPGGA,111853.00,6342.682721,N,01058.741986,E,2,12,0.7,12.22,M,40.00,M,10.0,0907*40
2021:01:22:12:18:56.098000,1611314336.098,$GPGGA,111855.00,6342.682725,N,01058.741931,E,2,12,0.7,12.20,M,40.00,M,7.0,0907*7A
2021:01:22:12:18:57.098000,1611314337.098,$GPGGA,111856.00,6342.682726,N,01058.741997,E,2,12,0.7,12.23,M,40.00,M,8.0,0907*7A
2021:01:22:12:18:58.098000,1611314338.098,$GPGGA,111857.00,6342.682762,N,01058.742058,E,2,12,0.7,12.21,M,40.00,M,9.0,0907*71
2021:01:22:12:19:00.098000,1611314340.098,$GPGGA,111859.00,6342.682727,N,01058.742044,E,2,12,0.7,12.22,M,40.00,M,6.0,0907*7F
2021:01:22:12:19:01.098000,1611314341.098,$GPGGA,111900.00,6342.682759,N,01058.742138,E,2,12,0.7,12.22,M,40.00,M,7.0,0907*70
2021:01:22:12:19:02.099000,1611314342.099,$GPGGA,111901.00,6342.682767,N,01058.742172,E,2,12,0.7,12.19,M,40.00,M,8.0,0907*75
2021:01:22:12:19:04.099000,1611314344.099,$GPGGA,111903.00,6342.682751,N,01058.742356,E,2,12,0.7,12.24,M,40.00,M,10.0,0907*41
2021:01:22:12:19:05.098000,1611314345.098,$GPGGA,111904.00,6342.682781,N,01058.742357,E,2,12,0.7,12.18,M,40.00,M,11.0,0907*44
2021:01:22:12:19:06.098000,1611314346.098,$GPGGA,111905.00,6342.682755,N,01058.742397,E,2,12,0.7,12.20,M,40.00,M,6.0,0907*7D
2021:01:22:12:19:07.098000,1611314347.098,$GPGGA,111906.00,6342.682740,N,01058.742609,E,2,12,0.7,12.27,M,40.00,M,7.0,0907*7E
2021:01:22:12:19:08.098000,1611314348.098,$GPGGA,111907.00,6342.682779,N,01058.742698,E,2,12,0.7,12.24,M,40.00,M,8.0,0907*71
2021:01:22:12:19:09.098000,1611314349.098,$GPGGA,111908.00,6342.682773,N,01058.742664,E,2,12,0.7,12.18,M,40.00,M,4.0,0907*74
2021:01:22:12:19:10.099000,1611314350.099,$GPGGA,111909.00,6342.682733,N,01058.742726,E,2,12,0.7,12.21,M,40.00,M,5.0,0907*7D
2021:01:22:12:19:12.098000,1611314352.098,$GPGGA,111911.00,6342.682758,N,01058.742953,E,2,12,0.7,12.21,M,40.00,M,7.0,0907*77
2021:01:22:12:19:13.098000,1611314353.098,$GPGGA,111912.00,6342.682749,N,01058.742954,E,2,12,0.7,12.18,M,40.00,M,8.0,0907*76
2021:01:22:12:19:14.098000,1611314354.098,$GPGGA,111913.00,6342.682731,N,01058.743030,E,2,12,0.7,12.22,M,40.00,M,9.0,0907*7A
2021:01:22:12:19:15.098000,1611314355.098,$GPGGA,111914.00,6342.682728,N,01058.743076,E,2,12,0.7,12.24,M,40.00,M,10.0,0907*49
2021:01:22:12:19:17.099000,1611314357.099,$GPGGA,111916.00,6342.682725,N,01058.743140,E,2,12,0.7,12.21,M,40.00,M,7.0,0907*71
2021:01:22:12:19:18.099000,1611314358.099,$GPGGA,111917.00,6342.682740,N,01058.743226,E,2,12,0.7,12.23,M,40.00,M,8.0,0907*7D
2021:01:22:12:19:19.099000,1611314359.099,$GPGGA,111918.00,6342.682710,N,01058.743265,E,2,12,0.7,12.26,M,40.00,M,9.0,0907*74
2021:01:22:12:19:21.099000,1611314361.099,$GPGGA,111920.00,6342.682741,N,01058.743231,E,2,12,0.7,12.17,M,40.00,M,11.0,0907*41
2021:01:22:12:19:22.099000,1611314362.099,$GPGGA,111921.00,6342.682727,N,01058.743330,E,2,12,0.7,12.23,M,40.00,M,6.0,0907*71
2021:01:22:12:19:23.099000,1611314363.099,$GPGGA,111922.00,6342.682710,N,01058.743380,E,2,12,0.7,12.27,M,40.00,M,7.0,0907*78
2021:01:22:12:19:25.099000,1611314365.099,$GPGGA,111924.00,6342.682744,N,01058.743316,E,2,12,0.7,12.19,M,40.00,M,9.0,0907*73
2021:01:22:12:19:26.099000,1611314366.099,$GPGGA,111925.00,6342.682720,N,01058.743318,E,2,12,0.7,12.25,M,40.00,M,5.0,0907*7D
2021:01:22:12:19:27.099000,1611314367.099,$GPGGA,111926.00,6342.682732,N,01058.743421,E,2,12,0.7,12.28,M,40.00,M,6.0,0907*7E
2021:01:22:12:19:28.099000,1611314368.099,$GPGGA,111927.00,6342.682768,N,01058.743444,E,2,12,0.7,12.26,M,40.00,M,7.0,0907*7C
2021:01:22:12:19:29.099000,1611314369.099,$GPGGA,111928.00,6342.682755,N,01058.743430,E,2,12,0.7,12.27,M,40.00,M,8.0,0907*70
2021:01:22:12:19:30.099000,1611314370.099,$GPGGA,111929.00,6342.682728,N,01058.743344,E,2,12,0.7,12.27,M,40.00,M,9.0,0907*7E
2021:01:22:12:19:31.099000,1611314371.099,$GPGGA,111930.00,6342.682758,N,01058.743380,E,2,12,0.7,12.26,M,40.00,M,10.0,0907*40
2021:01:22:12:19:32.100000,1611314372.1,$GPGGA,111931.00,6342.682773,N,01058.743437,E,2,12,0.7,12.29,M,40.00,M,6.0,0907*7B
2021:01:22:12:19:33.100000,1611314373.1,$GPGGA,111932.00,6342.682737,N,01058.743368,E,2,12,0.7,12.26,M,40.00,M,7.0,0907*7B
2021:01:22:12:19:34.100000,1611314374.1,$GPGGA,111933.00,6342.682736,N,01058.743428,E,2,12,0.7,12.27,M,40.00,M,8.0,0907*76
2021:01:22:12:19:35.100000,1611314375.1,$GPGGA,111934.00,6342.682751,N,01058.743444,E,2,12,0.7,12.29,M,40.00,M,9.0,0907*75
2021:01:22:12:19:37.099000,1611314377.099,$GPGGA,111936.00,6342.682725,N,01058.743383,E,2,12,0.7,12.25,M,40.00,M,11.0,0907*4D
2021:01:22:12:19:38.099000,1611314378.099,$GPGGA,111937.00,6342.682716,N,01058.743471,E,2,12,0.7,12.28,M,40.00,M,12.0,0907*48
2021:01:22:12:19:39.099000,1611314379.099,$GPGGA,111938.00,6342.682759,N,01058.743474,E,2,12,0.7,12.23,M,40.00,M,7.0,0907*76
2021:01:22:12:19:41.099000,1611314381.099,$GPGGA,111940.00,6342.682711,N,01058.743456,E,2,12,0.7,12.25,M,40.00,M,9.0,0907*7D
2021:01:22:12:19:42.099000,1611314382.099,$GPGGA,111941.00,6342.682740,N,01058.743467,E,2,12,0.7,12.25,M,40.00,M,10.0,0907*42
2021:01:22:12:19:43.099000,1611314383.099,$GPGGA,111942.00,6342.682742,N,01058.743428,E,2,12,0.7,12.23,M,40.00,M,11.0,0907*4F
2021:01:22:12:19:46.099000,1611314386.099,$GPGGA,111945.00,6342.682736,N,01058.743403,E,2,12,0.7,12.25,M,40.00,M,4.0,0907*70
2021:01:22:12:19:47.100000,1611314387.1,$GPGGA,111946.00,6342.682742,N,01058.743370,E,2,12,0.7,12.23,M,40.00,M,5.0,0907*74
2021:01:22:12:19:48.100000,1611314388.1,$GPGGA,111947.00,6342.682729,N,01058.743385,E,2,12,0.7,12.25,M,40.00,M,6.0,0907*77
2021:01:22:12:19:50.100000,1611314390.1,$GPGGA,111949.00,6342.682774,N,01058.743431,E,2,12,0.7,12.23,M,40.00,M,8.0,0907*71
2021:01:22:12:19:51.100000,1611314391.1,$GPGGA,111950.00,6342.682773,N,01058.743358,E,2,12,0.7,12.23,M,40.00,M,9.0,0907*77
2021:01:22:12:19:52.100000,1611314392.1,$GPGGA,111951.00,6342.682758,N,01058.743322,E,2,12,0.7,12.25,M,40.00,M,10.0,0907*4C
2021:01:22:12:19:54.100000,1611314394.1,$GPGGA,111953.00,6342.682819,N,01058.743359,E,2,12,0.7,12.25,M,40.00,M,7.0,0907*7E
2021:01:22:12:19:55.100000,1611314395.1,$GPGGA,111954.00,6342.682823,N,01058.743350,E,2,12,0.7,12.24,M,40.00,M,8.0,0907*77
2021:01:22:12:19:56.100000,1611314396.1,$GPGGA,111955.00,6342.682835,N,01058.743360,E,2,12,0.7,12.25,M,40.00,M,9.0,0907*72
2021:01:22:12:19:57.100000,1611314397.1,$GPGGA,111956.00,6342.682841,N,01058.743282,E,2,12,0.7,12.25,M,40.00,M,10.0,0907*47
2021:01:22:12:19:58.100000,1611314398.1,$GPGGA,111957.00,6342.682869,N,01058.743339,E,2,12,0.7,12.27,M,40.00,M,11.0,0907*4E
2021:01:22:12:19:59.100000,1611314399.1,$GPGGA,111958.00,6342.682891,N,01058.743406,E,2,12,0.7,12.27,M,40.00,M,7.0,0907*7A
2021:01:22:12:20:00.100000,1611314400.1,$GPGGA,111959.00,6342.682891,N,01058.743281,E,2,12,0.7,12.21,M,40.00,M,8.0,0907*7B
2021:01:22:12:20:02.101000,1611314402.101,$GPGGA,112001.00,6342.682938,N,01058.743418,E,2,12,0.7,12.30,M,40.00,M,10.0,0907*41
2021:01:22:12:20:03.101000,1611314403.101,$GPGGA,112002.00,6342.682964,N,01058.743354,E,2,12,0.7,12.21,M,40.00,M,5.0,0907*70
2021:01:22:12:20:04.101000,1611314404.101,$GPGGA,112003.00,6342.682972,N,01058.743333,E,2,12,0.7,12.19,M,40.00,M,6.0,0907*7F
2021:01:22:12:20:06.101000,1611314406.101,$GPGGA,112005.00,6342.683025,N,01058.743462,E,2,12,0.7,12.27,M,40.00,M,8.0,0907*73
2021:01:22:12:20:07.100000,1611314407.1,$GPGGA,112006.00,6342.683059,N,01058.743406,E,2,12,0.7,12.19,M,40.00,M,9.0,0907*75
2021:01:22:12:20:08.100000,1611314408.1,$GPGGA,112007.00,6342.683030,N,01058.743402,E,2,12,0.7,12.22,M,40.00,M,10.0,0907*4F
2021:01:22:12:20:10.100000,1611314410.1,$GPGGA,112009.00,6342.683095,N,01058.743452,E,2,12,0.7,12.24,M,40.00,M,7.0,0907*7B
2021:01:22:12:20:11.100000,1611314411.1,$GPGGA,112010.00,6342.683074,N,01058.743391,E,2,12,0.7,12.21,M,40.00,M,8.0,0907*7E
2021:01:22:12:20:12.100000,1611314412.1,$GPGGA,112011.00,6342.683051,N,01058.743452,E,2,12,0.7,12.26,M,40.00,M,9.0,0907*76
2021:01:22:12:20:13.100000,1611314413.1,$GPGGA,112012.00,6342.683086,N,01058.743492,E,2,12,0.7,12.26,M,40.00,M,10.0,0907*4B
2021:01:22:12:20:15.100000,1611314415.1,$GPGGA,112014.00,6342.683062,N,01058.743478,E,2,12,0.7,12.24,M,40.00,M,12.0,0907*43
2021:01:22:12:20:16.100000,1611314416.1,$GPGGA,112015.00,6342.683051,N,01058.743494,E,2,12,0.7,12.25,M,40.00,M,13.0,0907*40
2021:01:22:12:20:17.101000,1611314417.101,$GPGGA,112016.00,6342.683077,N,01058.743515,E,2,12,0.7,12.23,M,40.00,M,8.0,0907*73
2021:01:22:12:20:19.101000,1611314419.101,$GPGGA,112018.00,6342.683038,N,01058.743459,E,2,12,0.7,12.21,M,40.00,M,10.0,0907*44
2021:01:22:12:20:20.101000,1611314420.101,$GPGGA,112019.00,6342.683030,N,01058.743472,E,2,12,0.7,12.25,M,40.00,M,6.0,0907*77
2021:01:22:12:20:21.101000,1611314421.101,$GPGGA,112020.00,6342.683036,N,01058.743516,E,2,12,0.7,12.25,M,40.00,M,7.0,0907*79
2021:01:22:12:20:22.101000,1611314422.101,$GPGGA,112021.00,6342.683032,N,01058.743478,E,2,12,0.7,12.22,M,40.00,M,8.0,0907*7D
2021:01:22:12:20:23.101000,1611314423.101,$GPGGA,112022.00,6342.683012,N,01058.743443,E,2,12,0.7,12.24,M,40.00,M,9.0,0907*73
2021:01:22:12:20:24.101000,1611314424.101,$GPGGA,112023.00,6342.683000,N,01058.743451,E,2,12,0.7,12.26,M,40.00,M,10.0,0907*48
2021:01:22:12:20:25.101000,1611314425.101,$GPGGA,112024.00,6342.682996,N,01058.743425,E,2,12,0.7,12.24,M,40.00,M,11.0,0907*48
2021:01:22:12:20:27.101000,1611314427.101,$GPGGA,112026.00,6342.682972,N,01058.743372,E,2,12,0.7,12.26,M,40.00,M,8.0,0907*7F
2021:01:22:12:20:28.101000,1611314428.101,$GPGGA,112027.00,6342.682954,N,01058.743278,E,2,12,0.7,12.24,M,40.00,M,9.0,0907*72
2021:01:22:12:20:29.101000,1611314429.101,$GPGGA,112028.00,6342.682948,N,01058.743271,E,2,12,0.7,12.26,M,40.00,M,10.0,0907*43
2021:01:22:12:20:31.101000,1611314431.101,$GPGGA,112030.00,6342.682934,N,01058.743201,E,2,12,0.7,12.26,M,40.00,M,7.0,0907*70
2021:01:22:12:20:32.102000,1611314432.102,$GPGGA,112031.00,6342.682926,N,01058.743160,E,2,12,0.7,12.27,M,40.00,M,8.0,0907*78
2021:01:22:12:20:33.102000,1611314433.102,$GPGGA,112032.00,6342.682900,N,01058.743041,E,2,12,0.7,12.26,M,40.00,M,9.0,0907*7D
2021:01:22:12:20:35.102000,1611314435.102,$GPGGA,112034.00,6342.682919,N,01058.742938,E,2,12,0.7,12.25,M,40.00,M,11.0,0907*4F
2021:01:22:12:20:36.101000,1611314436.101,$GPGGA,112035.00,6342.682903,N,01058.742872,E,2,12,0.7,12.25,M,40.00,M,6.0,0907*7C
2021:01:22:12:20:37.101000,1611314437.101,$GPGGA,112036.00,6342.682882,N,01058.742821,E,2,12,0.7,12.27,M,40.00,M,7.0,0907*72
2021:01:22:12:20:39.101000,1611314439.101,$GPGGA,112038.00,6342.682905,N,01058.742691,E,2,12,0.7,12.22,M,40.00,M,9.0,0907*7C
2021:01:22:12:20:40.101000,1611314440.101,$GPGGA,112039.00,6342.682882,N,01058.742678,E,2,12,0.7,12.26,M,40.00,M,10.0,0907*48
2021:01:22:12:20:41.101000,1611314441.101,$GPGGA,112040.00,6342.682898,N,01058.742777,E,2,12,0.7,12.30,M,40.00,M,11.0,0907*45
2021:01:22:12:20:42.101000,1611314442.101,$GPGGA,112041.00,6342.682910,N,01058.742681,E,2,12,0.7,12.26,M,40.00,M,12.0,0907*49
2021:01:22:12:20:43.101000,1611314443.101,$GPGGA,112042.00,6342.682875,N,01058.742563,E,2,12,0.7,12.22,M,40.00,M,13.0,0907*42
2021:01:22:12:20:44.101000,1611314444.101,$GPGGA,112043.00,6342.682886,N,01058.742704,E,2,12,0.7,12.29,M,40.00,M,14.0,0907*40
2021:01:22:12:20:45.101000,1611314445.101,$GPGGA,112044.00,6342.682929,N,01058.742795,E,2,12,0.7,12.30,M,40.00,M,15.0,0907*42
2021:01:22:12:20:46.101000,1611314446.101,$GPGGA,112045.00,6342.682917,N,01058.742735,E,2,12,0.7,12.23,M,40.00,M,16.0,0907*45
2021:01:22:12:20:47.102000,1611314447.102,$GPGGA,112046.00,6342.682898,N,01058.742763,E,2,12,0.7,12.27,M,40.00,M,17.0,0907*46
2021:01:22:12:20:48.102000,1611314448.102,$GPGGA,112047.00,6342.682945,N,01058.742809,E,2,12,0.7,12.28,M,40.00,M,18.0,0907*45
2021:01:22:12:20:49.102000,1611314449.102,$GPGGA,112048.00,6342.682983,N,01058.742805,E,2,12,0.7,12.25,M,40.00,M,19.0,0907*40
2021:01:22:12:20:50.102000,1611314450.102,$GPGGA,112049.00,6342.682977,N,01058.742835,E,2,12,0.7,12.30,M,40.00,M,8.0,0907*7D
2021:01:22:12:20:51.102000,1611314451.102,$GPGGA,112050.00,6342.683002,N,01058.742869,E,2,12,0.7,12.31,M,40.00,M,9.0,0907*76
2021:01:22:12:20:52.102000,1611314452.102,$GPGGA,112051.00,6342.683058,N,01058.742866,E,2,12,0.7,12.29,M,40.00,M,10.0,0907*46
2021:01:22:12:20:53.102000,1611314453.102,$GPGGA,112052.00,6342.683080,N,01058.742879,E,2,12,0.7,12.28,M,40.00,M,11.0,0907*4E
2021:01:22:12:20:54.102000,1611314454.102,$GPGGA,112053.00,6342.683099,N,01058.742881,E,2,12,0.7,12.29,M,40.00,M,7.0,0907*76
2021:01:22:12:20:56.102000,1611314456.102,$GPGGA,112055.00,6342.683201,N,01058.743002,E,2,12,0.7,12.30,M,40.00,M,9.0,0907*77
2021:01:22:12:20:57.102000,1611314457.102,$GPGGA,112056.00,6342.683198,N,01058.742943,E,2,12,0.7,12.26,M,40.00,M,10.0,0907*45
2021:01:22:12:20:58.102000,1611314458.102,$GPGGA,112057.00,6342.683218,N,01058.742976,E,2,12,0.7,12.29,M,40.00,M,11.0,0907*47
2021:01:22:12:21:00.102000,1611314460.102,$GPGGA,112059.00,6342.683286,N,01058.743108,E,2,12,0.7,12.24,M,40.00,M,7.0,0907*74
2021:01:22:12:21:01.103000,1611314461.103,$GPGGA,112100.00,6342.683290,N,01058.743173,E,2,12,0.7,12.26,M,40.00,M,8.0,0907*7F
2021:01:22:12:21:02.103000,1611314462.103,$GPGGA,112101.00,6342.683325,N,01058.743266,E,2,12,0.7,12.29,M,40.00,M,9.0,0907*78
2021:01:22:12:21:04.103000,1611314464.103,$GPGGA,112103.00,6342.683302,N,01058.743225,E,2,12,0.7,12.25,M,40.00,M,6.0,0907*7B
2021:01:22:12:21:05.103000,1611314465.103,$GPGGA,112104.00,6342.683325,N,01058.743368,E,2,12,0.7,12.27,M,40.00,M,7.0,0907*72
2021:01:22:12:21:06.103000,1611314466.103,$GPGGA,112105.00,6342.683328,N,01058.743408,E,2,12,0.7,12.27,M,40.00,M,8.0,0907*70
2021:01:22:12:21:07.102000,1611314467.102,$GPGGA,112106.00,6342.683300,N,01058.743394,E,2,12,0.7,12.24,M,40.00,M,9.0,0907*79
2021:01:22:12:21:08.102000,1611314468.102,$GPGGA,112107.00,6342.683307,N,01058.743462,E,2,12,0.7,12.25,M,40.00,M,10.0,0907*48
2021:01:22:12:21:09.102000,1611314469.102,$GPGGA,112108.00,6342.683300,N,01058.743542,E,2,12,0.7,12.27,M,40.00,M,11.0,0907*40
2021:01:22:12:21:10.102000,1611314470.102,$GPGGA,112109.00,6342.683273,N,01058.743594,E,2,12,0.7,12.28,M,40.00,M,7.0,0907*77
2021:01:22:12:21:11.102000,1611314471.102,$GPGGA,112110.00,6342.683283,N,01058.743680,E,2,12,0.7,12.26,M,40.00,M,8.0,0907*77
2021:01:22:12:21:12.103000,1611314472.103,$GPGGA,112111.00,6342.683275,N,01058.743703,E,2,12,0.7,12.25,M,40.00,M,9.0,0907*77
2021:01:22:12:21:13.102000,1611314473.102,$GPGGA,112112.00,6342.683233,N,01058.743783,E,2,12,0.7,12.31,M,40.00,M,4.0,0907*76
2021:01:22:12:21:14.102000,1611314474.102,$GPGGA,112113.00,6342.683216,N,01058.743841,E,2,12,0.7,12.29,M,40.00,M,5.0,0907*79
2021:01:22:12:21:16.103000,1611314476.103,$GPGGA,112115.00,6342.683199,N,01058.743949,E,2,12,0.7,12.28,M,40.00,M,7.0,0907*71
2021:01:22:12:21:17.103000,1611314477.103,$GPGGA,112116.00,6342.683165,N,01058.744060,E,2,12,0.7,12.32,M,40.00,M,8.0,0907*70
2021:01:22:12:21:18.103000,1611314478.103,$GPGGA,112117.00,6342.683154,N,01058.744098,E,2,12,0.7,12.29,M,40.00,M,9.0,0907*7F
2021:01:22:12:21:19.103000,1611314479.103,$GPGGA,112118.00,6342.683152,N,01058.744120,E,2,12,0.7,12.26,M,40.00,M,10.0,0907*43
2021:01:22:12:21:21.103000,1611314481.103,$GPGGA,112120.00,6342.683098,N,01058.744255,E,2,12,0.7,12.31,M,40.00,M,7.0,0907*7E
2021:01:22:12:21:22.103000,1611314482.103,$GPGGA,112121.00,6342.683102,N,01058.744373,E,2,12,0.7,12.33,M,40.00,M,8.0,0907*75
2021:01:22:12:21:23.103000,1611314483.103,$GPGGA,112122.00,6342.683122,N,01058.744418,E,2,12,0.7,12.30,M,40.00,M,4.0,0907*71
2021:01:22:12:21:25.103000,1611314485.103,$GPGGA,112124.00,6342.683058,N,01058.744451,E,2,12,0.7,12.30,M,40.00,M,6.0,0907*74
2021:01:22:12:21:26.103000,1611314486.103,$GPGGA,112125.00,6342.683054,N,01058.744532,E,2,12,0.7,12.31,M,40.00,M,7.0,0907*7D
2021:01:22:12:21:27.103000,1611314487.103,$GPGGA,112126.00,6342.683098,N,01058.744634,E,2,12,0.7,12.32,M,40.00,M,8.0,0907*77
2021:01:22:12:21:29.103000,1611314489.103,$GPGGA,112128.00,6342.683029,N,01058.744581,E,2,12,0.7,12.31,M,40.00,M,10.0,0907*44
2021:01:22:12:21:30.104000,1611314490.104,$GPGGA,112129.00,6342.683062,N,01058.744705,E,2,12,0.7,12.33,M,40.00,M,11.0,0907*47
2021:01:22:12:21:31.104000,1611314491.104,$GPGGA,112130.00,6342.683074,N,01058.744716,E,2,12,0.7,12.28,M,40.00,M,7.0,0907*77
2021:01:22:12:21:33.104000,1611314493.104,$GPGGA,112132.00,6342.683047,N,01058.744807,E,2,12,0.7,12.29,M,40.00,M,4.0,0907*78
2021:01:22:12:21:34.104000,1611314494.104,$GPGGA,112133.00,6342.683062,N,01058.744889,E,2,12,0.7,12.31,M,40.00,M,5.0,0907*70
2021:01:22:12:21:35.104000,1611314495.104,$GPGGA,112134.00,6342.683043,N,01058.744860,E,2,12,0.7,12.29,M,40.00,M,6.0,0907*79
2021:01:22:12:21:36.104000,1611314496.104,$GPGGA,112135.00,6342.683025,N,01058.744852,E,2,12,0.7,12.25,M,40.00,M,7.0,0907*74
2021:01:22:12:21:37.104000,1611314497.104,$GPGGA,112136.00,6342.683046,N,01058.744957,E,2,12,0.7,12.28,M,40.00,M,8.0,0907*74
2021:01:22:12:21:38.103000,1611314498.103,$GPGGA,112137.00,6342.683038,N,01058.745044,E,2,12,0.7,12.30,M,40.00,M,9.0,0907*7E
2021:01:22:12:21:39.103000,1611314499.103,$GPGGA,112138.00,6342.683033,N,01058.745097,E,2,12,0.7,12.28,M,40.00,M,10.0,0907*45
2021:01:22:12:21:41.103000,1611314501.103,$GPGGA,112140.00,6342.683021,N,01058.745118,E,2,12,0.7,12.28,M,40.00,M,12.0,0907*4D
2021:01:22:12:21:42.103000,1611314502.103,$GPGGA,112141.00,6342.683024,N,01058.745203,E,2,12,0.7,12.30,M,40.00,M,13.0,0907*48
2021:01:22:12:21:43.103000,1611314503.103,$GPGGA,112142.00,6342.683047,N,01058.745177,E,2,12,0.7,12.25,M,40.00,M,14.0,0907*4D
2021:01:22:12:21:45.104000,1611314505.104,$GPGGA,112144.00,6342.683017,N,01058.745314,E,2,12,0.7,12.37,M,40.00,M,16.0,0907*48
2021:01:22:12:21:46.104000,1611314506.104,$GPGGA,112145.00,6342.683047,N,01058.745260,E,2,12,0.7,12.30,M,40.00,M,17.0,0907*48
2021:01:22:12:21:47.104000,1611314507.104,$GPGGA,112146.00,6342.683053,N,01058.745215,E,2,12,0.7,12.26,M,40.00,M,6.0,0907*7B
2021:01:22:12:21:50.104000,1611314510.104,$GPGGA,112149.00,6342.683085,N,01058.745375,E,2,12,0.7,12.31,M,40.00,M,9.0,0907*71
2021:01:22:12:21:51.104000,1611314511.104,$GPGGA,112150.00,6342.683079,N,01058.745355,E,2,12,0.7,12.32,M,40.00,M,10.0,0907*43
2021:01:22:12:21:52.104000,1611314512.104,$GPGGA,112151.00,6342.683061,N,01058.745387,E,2,12,0.7,12.37,M,40.00,M,11.0,0907*40
2021:01:22:12:21:54.104000,1611314514.104,$GPGGA,112153.00,6342.683119,N,01058.745439,E,2,12,0.7,12.28,M,40.00,M,8.0,0907*78
2021:01:22:12:21:55.104000,1611314515.104,$GPGGA,112154.00,6342.683124,N,01058.745473,E,2,12,0.7,12.30,M,40.00,M,9.0,0907*77
2021:01:22:12:21:56.104000,1611314516.104,$GPGGA,112155.00,6342.683121,N,01058.745459,E,2,12,0.7,12.30,M,40.00,M,4.0,0907*76
2021:01:22:12:21:58.104000,1611314518.104,$GPGGA,112157.00,6342.683131,N,01058.745343,E,2,12,0.7,12.28,M,40.00,M,6.0,0907*72
2021:01:22:12:21:59.104000,1611314519.104,$GPGGA,112158.00,6342.683146,N,01058.745345,E,2,12,0.7,12.28,M,40.00,M,7.0,0907*7A
2021:01:22:12:22:00.105000,1611314520.105,$GPGGA,112159.00,6342.683138,N,01058.745333,E,2,12,0.7,12.32,M,40.00,M,8.0,0907*77
2021:01:22:12:22:01.105000,1611314521.105,$GPGGA,112200.00,6342.683128,N,01058.745312,E,2,12,0.7,12.33,M,40.00,M,9.0,0907*7A
2021:01:22:12:22:02.105000,1611314522.105,$GPGGA,112201.00,6342.683138,N,01058.745275,E,2,12,0.7,12.32,M,40.00,M,10.0,0907*43
2021:01:22:12:22:03.105000,1611314523.105,$GPGGA,112202.00,6342.683137,N,01058.745176,E,2,12,0.7,12.28,M,40.00,M,11.0,0907*45
2021:01:22:12:22:04.105000,1611314524.105,$GPGGA,112203.00,6342.683115,N,01058.745176,E,2,12,0.7,12.32,M,40.00,M,7.0,0907*78
2021:01:22:12:22:06.105000,1611314526.105,$GPGGA,112205.00,6342.683130,N,01058.745157,E,2,12,0.7,12.30,M,40.00,M,9.0,0907*76
2021:01:22:12:22:07.104000,1611314527.104,$GPGGA,112206.00,6342.683114,N,01058.745049,E,2,12,0.7,12.29,M,40.00,M,10.0,0907*4D
2021:01:22:12:22:08.104000,1611314528.104,$GPGGA,112207.00,6342.683124,N,01058.745058,E,2,12,0.7,12.31,M,40.00,M,6.0,0907*71
2021:01:22:12:22:10.104000,1611314530.104,$GPGGA,112209.00,6342.683120,N,01058.744955,E,2,12,0.7,12.31,M,40.00,M,8.0,0907*70
2021:01:22:12:22:11.104000,1611314531.104,$GPGGA,112210.00,6342.683142,N,01058.744963,E,2,12,0.7,12.31,M,40.00,M,9.0,0907*78
2021:01:22:12:22:12.104000,1611314532.104,$GPGGA,112211.00,6342.683149,N,01058.744923,E,2,12,0.7,12.32,M,40.00,M,10.0,0907*4D
2021:01:22:12:22:14.104000,1611314534.104,$GPGGA,112213.00,6342.683121,N,01058.744714,E,2,12,0.7,12.29,M,40.00,M,6.0,0907*76
2021:01:22:12:22:15.105000,1611314535.105,$GPGGA,112214.00,6342.683131,N,01058.744721,E,2,12,0.7,12.29,M,40.00,M,7.0,0907*77
2021:01:22:12:22:16.105000,1611314536.105,$GPGGA,112215.00,6342.683108,N,01058.744595,E,2,12,0.7,12.28,M,40.00,M,8.0,0907*7F
2021:01:22:12:22:19.105000,1611314539.105,$GPGGA,112218.00,6342.683077,N,01058.744435,E,2,12,0.7,12.30,M,40.00,M,11.0,0907*41
2021:01:22:12:22:20.105000,1611314540.105,$GPGGA,112219.00,6342.683054,N,01058.744288,E,2,12,0.7,12.25,M,40.00,M,12.0,0907*46
2021:01:22:12:22:21.105000,1611314541.105,$GPGGA,112220.00,6342.683037,N,01058.744240,E,2,12,0.7,12.30,M,40.00,M,8.0,0907*72
2021:01:22:12:22:23.105000,1611314543.105,$GPGGA,112222.00,6342.682993,N,01058.744093,E,2,12,0.7,12.32,M,40.00,M,10.0,0907*41
2021:01:22:12:22:24.105000,1611314544.105,$GPGGA,112223.00,6342.682998,N,01058.744025,E,2,12,0.7,12.29,M,40.00,M,6.0,0907*7B
2021:01:22:12:22:25.105000,1611314545.105,$GPGGA,112224.00,6342.682976,N,01058.743949,E,2,12,0.7,12.32,M,40.00,M,7.0,0907*73
2021:01:22:12:22:26.105000,1611314546.105,$GPGGA,112225.00,6342.682934,N,01058.743882,E,2,12,0.7,12.33,M,40.00,M,8.0,0907*7C
2021:01:22:12:22:27.105000,1611314547.105,$GPGGA,112226.00,6342.682955,N,01058.743842,E,2,12,0.7,12.32,M,40.00,M,9.0,0907*74
2021:01:22:12:22:28.105000,1611314548.105,$GPGGA,112227.00,6342.682946,N,01058.743760,E,2,12,0.7,12.31,M,40.00,M,10.0,0907*43
2021:01:22:12:22:29.105000,1611314549.105,$GPGGA,112228.00,6342.682906,N,01058.743680,E,2,12,0.7,12.35,M,40.00,M,11.0,0907*42
2021:01:22:12:22:31.106000,1611314551.106,$GPGGA,112230.00,6342.682902,N,01058.743549,E,2,12,0.7,12.32,M,40.00,M,7.0,0907*79
2021:01:22:12:22:32.106000,1611314552.106,$GPGGA,112231.00,6342.682892,N,01058.743532,E,2,12,0.7,12.34,M,40.00,M,8.0,0907*75
2021:01:22:12:22:33.106000,1611314553.106,$GPGGA,112232.00,6342.682887,N,01058.743553,E,2,12,0.7,12.36,M,40.00,M,9.0,0907*76
2021:01:22:12:22:35.106000,1611314555.106,$GPGGA,112234.00,6342.682864,N,01058.743355,E,2,12,0.7,12.30,M,40.00,M,6.0,0907*74
2021:01:22:12:22:36.106000,1611314556.106,$GPGGA,112235.00,6342.682865,N,01058.743382,E,2,12,0.7,12.33,M,40.00,M,7.0,0907*7C
2021:01:22:12:22:37.105000,1611314557.105,$GPGGA,112236.00,6342.682851,N,01058.743316,E,2,12,0.7,12.31,M,40.00,M,8.0,0907*78
2021:01:22:12:22:39.105000,1611314559.105,$GPGGA,112238.00,6342.682834,N,01058.743217,E,2,12,0.7,12.32,M,40.00,M,10.0,0907*4F
2021:01:22:12:22:40.105000,1611314560.105,$GPGGA,112239.00,6342.682827,N,01058.743261,E,2,12,0.7,12.36,M,40.00,M,11.0,0907*48
2021:01:22:12:22:41.105000,1611314561.105,$GPGGA,112240.00,6342.682828,N,01058.743215,E,2,12,0.7,12.33,M,40.00,M,12.0,0907*4C
2021:01:22:12:22:43.105000,1611314563.105,$GPGGA,112242.00,6342.682787,N,01058.743108,E,2,12,0.7,12.30,M,40.00,M,14.0,0907*4E
2021:01:22:12:22:44.105000,1611314564.105,$GPGGA,112243.00,6342.682790,N,01058.743178,E,2,12,0.7,12.38,M,40.00,M,15.0,0907*47
2021:01:22:12:22:45.106000,1611314565.106,$GPGGA,112244.00,6342.682797,N,01058.743107,E,2,12,0.7,12.29,M,40.00,M,16.0,0907*4C
2021:01:22:12:22:46.106000,1611314566.106,$GPGGA,112245.00,6342.682778,N,01058.743085,E,2,12,0.7,12.25,M,40.00,M,17.0,0907*4A
2021:01:22:12:22:47.106000,1611314567.106,$GPGGA,112246.00,6342.682736,N,01058.743103,E,2,12,0.7,12.29,M,40.00,M,11.0,0907*46
2021:01:22:12:22:48.106000,1611314568.106,$GPGGA,112247.00,6342.682752,N,01058.743114,E,2,12,0.7,12.29,M,40.00,M,12.0,0907*40
2021:01:22:12:22:49.106000,1611314569.106,$GPGGA,112248.00,6342.682764,N,01058.743166,E,2,12,0.7,12.24,M,40.00,M,13.0,0907*43
2021:01:22:12:22:51.106000,1611314571.106,$GPGGA,112250.00,6342.682728,N,01058.743206,E,2,12,0.7,12.26,M,40.00,M,10.0,0907*46
2021:01:22:12:22:52.106000,1611314572.106,$GPGGA,112251.00,6342.682704,N,01058.743205,E,2,12,0.7,12.26,M,40.00,M,11.0,0907*4B
2021:01:22:12:22:53.106000,1611314573.106,$GPGGA,112252.00,6342.682700,N,01058.743230,E,2,12,0.7,12.26,M,40.00,M,12.0,0907*49
2021:01:22:12:22:54.106000,1611314574.106,$GPGGA,112253.00,6342.682712,N,01058.743262,E,2,12,0.7,12.23,M,40.00,M,13.0,0907*48
2021:01:22:12:22:55.106000,1611314575.106,$GPGGA,112254.00,6342.682681,N,01058.743293,E,2,12,0.7,12.23,M,40.00,M,14.0,0907*4D
2021:01:22:12:22:56.106000,1611314576.106,$GPGGA,112255.00,6342.682646,N,01058.743299,E,2,12,0.7,12.27,M,40.00,M,15.0,0907*48
2021:01:22:12:22:57.106000,1611314577.106,$GPGGA,112256.00,6342.682655,N,01058.743321,E,2,12,0.7,12.28,M,40.00,M,5.0,0907*75
2021:01:22:12:22:58.106000,1611314578.106,$GPGGA,112257.00,6342.682645,N,01058.743319,E,2,12,0.7,12.24,M,40.00,M,6.0,0907*71
2021:01:22:12:23:00.107000,1611314580.107,$GPGGA,112259.00,6342.682595,N,01058.743342,E,2,12,0.7,12.25,M,40.00,M,8.0,0907*70
2021:01:22:12:23:01.107000,1611314581.107,$GPGGA,112300.00,6342.682597,N,01058.743372,E,2,12,0.7,12.25,M,40.00,M,9.0,0907*7D
2021:01:22:12:23:02.107000,1611314582.107,$GPGGA,112301.00,6342.682580,N,01058.743375,E,2,12,0.7,12.25,M,40.00,M,10.0,0907*45
2021:01:22:12:23:04.107000,1611314584.107,$GPGGA,112303.00,6342.682549,N,01058.743373,E,2,12,0.7,12.27,M,40.00,M,7.0,0907*70
2021:01:22:12:23:05.107000,1611314585.107,$GPGGA,112304.00,6342.682534,N,01058.743402,E,2,12,0.7,12.27,M,40.00,M,8.0,0907*73
2021:01:22:12:23:06.107000,1611314586.107,$GPGGA,112305.00,6342.682515,N,01058.743304,E,2,12,0.7,12.22,M,40.00,M,9.0,0907*74
2021:01:22:12:23:08.106000,1611314588.106,$GPGGA,112307.00,6342.682477,N,01058.743330,E,2,12,0.7,12.30,M,40.00,M,5.0,0907*7B
2021:01:22:12:23:09.106000,1611314589.106,$GPGGA,112308.00,6342.682464,N,01058.743293,E,2,12,0.7,12.26,M,40.00,M,6.0,0907*7A
2021:01:22:12:23:10.106000,1611314590.106,$GPGGA,112309.00,6342.682448,N,01058.743241,E,2,12,0.7,12.25,M,40.00,M,7.0,0907*78
2021:01:22:12:23:11.106000,1611314591.106,$GPGGA,112310.00,6342.682448,N,01058.743295,E,2,12,0.7,12.27,M,40.00,M,8.0,0907*74
2021:01:22:12:23:12.106000,1611314592.106,$GPGGA,112311.00,6342.682438,N,01058.743308,E,2,12,0.7,12.28,M,40.00,M,9.0,0907*79
2021:01:22:12:23:13.106000,1611314593.106,$GPGGA,112312.00,6342.682414,N,01058.743310,E,2,12,0.7,12.28,M,40.00,M,10.0,0907*45
2021:01:22:12:23:14.106000,1611314594.106,$GPGGA,112313.00,6342.682395,N,01058.743225,E,2,12,0.7,12.26,M,40.00,M,6.0,0907*74
2021:01:22:12:23:16.107000,1611314596.107,$GPGGA,112315.00,6342.682379,N,01058.743263,E,2,12,0.7,12.30,M,40.00,M,8.0,0907*7B
2021:01:22:12:23:17.107000,1611314597.107,$GPGGA,112316.00,6342.682361,N,01058.743298,E,2,12,0.7,12.30,M,40.00,M,9.0,0907*74
2021:01:22:12:23:18.107000,1611314598.107,$GPGGA,112317.00,6342.682386,N,01058.743320,E,2,12,0.7,12.26,M,40.00,M,10.0,0907*41
2021:01:22:12:23:21.107000,1611314601.107,$GPGGA,112320.00,6342.682339,N,01058.743353,E,2,12,0.7,12.30,M,40.00,M,13.0,0907*41
2021:01:22:12:23:22.107000,1611314602.107,$GPGGA,112321.00,6342.682363,N,01058.743349,E,2,12,0.7,12.27,M,40.00,M,9.0,0907*79
2021:01:22:12:23:25.107000,1611314605.107,$GPGGA,112324.00,6342.682355,N,01058.743346,E,2,12,0.7,12.30,M,40.00,M,6.0,0907*7F
2021:01:22:12:23:26.107000,1611314606.107,$GPGGA,112325.00,6342.682362,N,01058.743345,E,2,12,0.7,12.27,M,40.00,M,7.0,0907*7E
2021:01:22:12:23:27.107000,1611314607.107,$GPGGA,112326.00,6342.682344,N,01058.743310,E,2,12,0.7,12.26,M,40.00,M,8.0,0907*77
2021:01:22:12:23:29.107000,1611314609.107,$GPGGA,112328.00,6342.682379,N,01058.743329,E,2,12,0.7,12.29,M,40.00,M,10.0,0907*4B
2021:01:22:12:23:30.108000,1611314610.108,$GPGGA,112329.00,6342.682385,N,01058.743349,E,2,12,0.7,12.30,M,40.00,M,11.0,0907*46
2021:01:22:12:23:31.108000,1611314611.108,$GPGGA,112330.00,6342.682384,N,01058.743254,E,2,12,0.7,12.27,M,40.00,M,6.0,0907*72
2021:01:22:12:23:33.108000,1611314613.108,$GPGGA,112332.00,6342.682425,N,01058.743335,E,2,12,0.7,12.29,M,40.00,M,8.0,0907*7A
2021:01:22:12:23:34.108000,1611314614.108,$GPGGA,112333.00,6342.682444,N,01058.743326,E,2,12,0.7,12.25,M,40.00,M,9.0,0907*73
2021:01:22:12:23:35.108000,1611314615.108,$GPGGA,112334.00,6342.682443,N,01058.743299,E,2,12,0.7,12.25,M,40.00,M,10.0,0907*4E
2021:01:22:12:23:36.108000,1611314616.108,$GPGGA,112335.00,6342.682462,N,01058.743337,E,2,12,0.7,12.27,M,40.00,M,11.0,0907*4A
2021:01:22:12:23:37.108000,1611314617.108,$GPGGA,112336.00,6342.682491,N,01058.743356,E,2,12,0.7,12.27,M,40.00,M,12.0,0907*41
2021:01:22:12:23:38.108000,1611314618.108,$GPGGA,112337.00,6342.682507,N,01058.743351,E,2,12,0.7,12.24,M,40.00,M,8.0,0907*71
2021:01:22:12:23:39.108000,1611314619.108,$GPGGA,112338.00,6342.682511,N,01058.743381,E,2,12,0.7,12.24,M,40.00,M,9.0,0907*75
2021:01:22:12:23:41.107000,1611314621.107,$GPGGA,112340.00,6342.682572,N,01058.743460,E,2,12,0.7,12.25,M,40.00,M,11.0,0907*4F
2021:01:22:12:23:42.107000,1611314622.107,$GPGGA,112341.00,6342.682567,N,01058.743391,E,2,12,0.7,12.22,M,40.00,M,12.0,0907*47
2021:01:22:12:23:43.107000,1611314623.107,$GPGGA,112342.00,6342.682573,N,01058.743427,E,2,12,0.7,12.24,M,40.00,M,13.0,0907*4C
2021:01:22:12:23:45.108000,1611314625.108,$GPGGA,112344.00,6342.682629,N,01058.743525,E,2,12,0.7,12.27,M,40.00,M,10.0,0907*45
2021:01:22:12:23:46.108000,1611314626.108,$GPGGA,112345.00,6342.682643,N,01058.743489,E,2,12,0.7,12.24,M,40.00,M,11.0,0907*4D
2021:01:22:12:23:47.108000,1611314627.108,$GPGGA,112346.00,6342.682650,N,01058.743535,E,2,12,0.7,12.26,M,40.00,M,12.0,0907*4B
2021:01:22:12:23:49.108000,1611314629.108,$GPGGA,112348.00,6342.682689,N,01058.743550,E,2,12,0.7,12.24,M,40.00,M,9.0,0907*7A
2021:01:22:12:23:50.108000,1611314630.108,$GPGGA,112349.00,6342.682709,N,01058.743672,E,2,12,0.7,12.25,M,40.00,M,10.0,0907*48
2021:01:22:12:23:51.108000,1611314631.108,$GPGGA,112350.00,6342.682717,N,01058.743718,E,2,12,0.7,12.25,M,40.00,M,5.0,0907*76
2021:01:22:12:23:54.108000,1611314634.108,$GPGGA,112353.00,6342.682770,N,01058.743879,E,2,12,0.7,12.25,M,40.00,M,8.0,0907*71
2021:01:22:12:23:55.108000,1611314635.108,$GPGGA,112354.00,6342.682812,N,01058.743966,E,2,12,0.7,12.21,M,40.00,M,9.0,0907*77
2021:01:22:12:23:56.108000,1611314636.108,$GPGGA,112355.00,6342.682823,N,01058.744031,E,2,12,0.7,12.20,M,40.00,M,10.0,0907*41
2021:01:22:12:23:58.108000,1611314638.108,$GPGGA,112357.00,6342.682872,N,01058.744165,E,2,12,0.7,12.24,M,40.00,M,7.0,0907*75
2021:01:22:12:23:59.109000,1611314639.109,$GPGGA,112358.00,6342.682901,N,01058.744303,E,2,12,0.7,12.25,M,40.00,M,8.0,0907*73
2021:01:22:12:24:00.109000,1611314640.109,$GPGGA,112359.00,6342.682906,N,01058.744327,E,2,12,0.7,12.20,M,40.00,M,9.0,0907*77
2021:01:22:12:24:01.109000,1611314641.109,$GPGGA,112400.00,6342.682926,N,01058.744402,E,2,12,0.7,12.21,M,40.00,M,5.0,0907*73
2021:01:22:12:24:02.109000,1611314642.109,$GPGGA,112401.00,6342.682950,N,01058.744523,E,2,12,0.7,12.25,M,40.00,M,6.0,0907*76
2021:01:22:12:24:03.109000,1611314643.109,$GPGGA,112402.00,6342.682978,N,01058.744600,E,2,12,0.7,12.23,M,40.00,M,7.0,0907*7A
2021:01:22:12:24:04.109000,1611314644.109,$GPGGA,112403.00,6342.682984,N,01058.744690,E,2,12,0.7,12.22,M,40.00,M,8.0,0907*7F
2021:01:22:12:24:06.109000,1611314646.109,$GPGGA,112405.00,6342.682992,N,01058.744772,E,2,12,0.7,12.24,M,40.00,M,10.0,0907*4C
2021:01:22:12:24:07.109000,1611314647.109,$GPGGA,112406.00,6342.682992,N,01058.744788,E,2,12,0.7,12.22,M,40.00,M,11.0,0907*4D
2021:01:22:12:24:08.108000,1611314648.108,$GPGGA,112407.00,6342.682981,N,01058.744936,E,2,12,0.7,12.24,M,40.00,M,12.0,0907*40
2021:01:22:12:24:10.108000,1611314650.108,$GPGGA,112409.00,6342.682990,N,01058.745080,E,2,12,0.7,12.23,M,40.00,M,9.0,0907*76
2021:01:22:12:24:11.108000,1611314651.108,$GPGGA,112410.00,6342.682963,N,01058.745081,E,2,12,0.7,12.24,M,40.00,M,5.0,0907*78
2021:01:22:12:24:12.108000,1611314652.108,$GPGGA,112411.00,6342.682944,N,01058.745115,E,2,12,0.7,12.27,M,40.00,M,6.0,0907*70
2021:01:22:12:24:14.109000,1611314654.109,$GPGGA,112413.00,6342.682876,N,01058.745030,E,2,12,0.7,12.23,M,40.00,M,8.0,0907*7E
2021:01:22:12:24:15.109000,1611314655.109,$GPGGA,112414.00,6342.682847,N,01058.744983,E,2,12,0.7,12.23,M,40.00,M,9.0,0907*7A
2021:01:22:12:24:16.109000,1611314656.109,$GPGGA,112415.00,6342.682798,N,01058.744941,E,2,12,0.7,12.26,M,40.00,M,10.0,0907*45
2021:01:22:12:24:18.109000,1611314658.109,$GPGGA,112417.00,6342.682739,N,01058.744876,E,2,12,0.7,12.23,M,40.00,M,6.0,0907*7B
2021:01:22:12:24:19.109000,1611314659.109,$GPGGA,112418.00,6342.682674,N,01058.744778,E,2,12,0.7,12.25,M,40.00,M,7.0,0907*7A
2021:01:22:12:24:20.109000,1611314660.109,$GPGGA,112419.00,6342.682608,N,01058.744699,E,2,12,0.7,12.27,M,40.00,M,8.0,0907*73
2021:01:22:12:24:21.109000,1611314661.109,$GPGGA,112420.00,6342.682589,N,01058.744577,E,2,12,0.7,12.24,M,40.00,M,9.0,0907*72
2021:01:22:12:24:23.109000,1611314663.109,$GPGGA,112422.00,6342.682429,N,01058.744305,E,2,12,0.7,12.27,M,40.00,M,11.0,0907*42
2021:01:22:12:24:24.109000,1611314664.109,$GPGGA,112423.00,6342.682414,N,01058.744253,E,2,12,0.7,12.27,M,40.00,M,12.0,0907*4C
2021:01:22:12:24:26.109000,1611314666.109,$GPGGA,112425.00,6342.682305,N,01058.743975,E,2,12,0.7,12.25,M,40.00,M,9.0,0907*7D
2021:01:22:12:24:27.110000,1611314667.11,$GPGGA,112426.00,6342.682253,N,01058.743883,E,2,12,0.7,12.28,M,40.00,M,10.0,0907*41
2021:01:22:12:24:28.110000,1611314668.11,$GPGGA,112427.00,6342.682252,N,01058.743824,E,2,12,0.7,12.26,M,40.00,M,6.0,0907*75
2021:01:22:12:24:29.110000,1611314669.11,$GPGGA,112428.00,6342.682230,N,01058.743723,E,2,12,0.7,12.24,M,40.00,M,7.0,0907*75
2021:01:22:12:24:31.110000,1611314671.11,$GPGGA,112430.00,6342.682155,N,01058.743513,E,2,12,0.7,12.26,M,40.00,M,9.0,0907*71
2021:01:22:12:24:32.110000,1611314672.11,$GPGGA,112431.00,6342.682162,N,01058.743461,E,2,12,0.7,12.26,M,40.00,M,5.0,0907*7C
2021:01:22:12:24:33.110000,1611314673.11,$GPGGA,112432.00,6342.682149,N,01058.743330,E,2,12,0.7,12.22,M,40.00,M,6.0,0907*72
2021:01:22:12:24:35.110000,1611314675.11,$GPGGA,112434.00,6342.682108,N,01058.743137,E,2,12,0.7,12.24,M,40.00,M,8.0,0907*7C
2021:01:22:12:24:36.110000,1611314676.11,$GPGGA,112435.00,6342.682151,N,01058.743120,E,2,12,0.7,12.25,M,40.00,M,9.0,0907*77
2021:01:22:12:24:37.110000,1611314677.11,$GPGGA,112436.00,6342.682156,N,01058.742974,E,2,12,0.7,12.18,M,40.00,M,10.0,0907*4D
2021:01:22:12:24:39.110000,1611314679.11,$GPGGA,112438.00,6342.682142,N,01058.742867,E,2,12,0.7,12.24,M,40.00,M,12.0,0907*48
2021:01:22:12:24:40.109000,1611314680.109,$GPGGA,112439.00,6342.682186,N,01058.742827,E,2,12,0.7,12.22,M,40.00,M,13.0,0907*42
2021:01:22:12:24:41.109000,1611314681.109,$GPGGA,112440.00,6342.682181,N,01058.742725,E,2,12,0.7,12.17,M,40.00,M,14.0,0907*47
2021:01:22:12:24:43.110000,1611314683.11,$GPGGA,112442.00,6342.682215,N,01058.742744,E,2,12,0.7,12.22,M,40.00,M,16.0,0907*48
2021:01:22:12:24:44.110000,1611314684.11,$GPGGA,112443.00,6342.682247,N,01058.742714,E,2,12,0.7,12.17,M,40.00,M,17.0,0907*4C
2021:01:22:12:24:45.110000,1611314685.11,$GPGGA,112444.00,6342.682238,N,01058.742737,E,2,12,0.7,12.19,M,40.00,M,18.0,0907*43
2021:01:22:12:24:46.110000,1611314686.11,$GPGGA,112445.00,6342.682269,N,01058.742773,E,2,12,0.7,12.22,M,40.00,M,12.0,0907*44
2021:01:22:12:24:47.110000,1611314687.11,$GPGGA,112446.00,6342.682310,N,01058.742800,E,2,12,0.7,12.23,M,40.00,M,13.0,0907*43
2021:01:22:12:24:48.110000,1611314688.11,$GPGGA,112447.00,6342.682324,N,01058.742827,E,2,12,0.7,12.23,M,40.00,M,14.0,0907*47
2021:01:22:12:24:49.110000,1611314689.11,$GPGGA,112448.00,6342.682349,N,01058.742862,E,2,12,0.7,12.20,M,40.00,M,15.0,0907*40
2021:01:22:12:24:51.110000,1611314691.11,$GPGGA,112450.00,6342.682398,N,01058.742924,E,2,12,0.7,12.23,M,40.00,M,17.0,0907*47
2021:01:22:12:24:52.110000,1611314692.11,$GPGGA,112451.00,6342.682432,N,01058.742980,E,2,12,0.7,12.24,M,40.00,M,10.0,0907*4F
2021:01:22:12:24:53.110000,1611314693.11,$GPGGA,112452.00,6342.682472,N,01058.743038,E,2,12,0.7,12.24,M,40.00,M,11.0,0907*42
2021:01:22:12:24:56.111000,1611314696.111,$GPGGA,112455.00,6342.682533,N,01058.743094,E,2,12,0.7,12.27,M,40.00,M,10.0,0907*45
2021:01:22:12:24:57.111000,1611314697.111,$GPGGA,112456.00,6342.682580,N,01058.743151,E,2,12,0.7,12.28,M,40.00,M,11.0,0907*48
2021:01:22:12:24:58.111000,1611314698.111,$GPGGA,112457.00,6342.682603,N,01058.743153,E,2,12,0.7,12.24,M,40.00,M,8.0,0907*77
2021:01:22:12:25:00.111000,1611314700.111,$GPGGA,112459.00,6342.682649,N,01058.743305,E,2,12,0.7,12.28,M,40.00,M,10.0,0907*43
2021:01:22:12:25:01.111000,1611314701.111,$GPGGA,112500.00,6342.682690,N,01058.743312,E,2,12,0.7,12.26,M,40.00,M,11.0,0907*43
2021:01:22:12:25:02.111000,1611314702.111,$GPGGA,112501.00,6342.682687,N,01058.743297,E,2,12,0.7,12.24,M,40.00,M,6.0,0907*7C
2021:01:22:12:25:04.111000,1611314704.111,$GPGGA,112503.00,6342.682764,N,01058.743524,E,2,12,0.7,12.26,M,40.00,M,8.0,0907*71
2021:01:22:12:25:05.111000,1611314705.111,$GPGGA,112504.00,6342.682769,N,01058.743470,E,2,12,0.7,12.21,M,40.00,M,4.0,0907*70
2021:01:22:12:25:06.111000,1611314706.111,$GPGGA,112505.00,6342.682764,N,01058.743466,E,2,12,0.7,12.22,M,40.00,M,5.0,0907*79
2021:01:22:12:25:08.111000,1611314708.111,$GPGGA,112507.00,6342.682822,N,01058.743604,E,2,12,0.7,12.22,M,40.00,M,7.0,0907*72
2021:01:22:12:25:09.110000,1611314709.11,$GPGGA,112508.00,6342.682826,N,01058.743592,E,2,12,0.7,12.18,M,40.00,M,8.0,0907*73
2021:01:22:12:25:10.112000,1611314710.112,$GPGGA,112509.00,6342.682821,N,01058.743713,E,2,12,0.7,12.23,M,40.00,M,9.0,0907*77
2021:01:22:12:25:11.111000,1611314711.111,$GPGGA,112510.00,6342.682830,N,01058.743723,E,2,12,0.7,12.24,M,40.00,M,5.0,0907*77
2021:01:22:12:25:12.111000,1611314712.111,$GPGGA,112511.00,6342.682852,N,01058.743695,E,2,12,0.7,12.18,M,40.00,M,6.0,0907*72
2021:01:22:12:25:13.111000,1611314713.111,$GPGGA,112512.00,6342.682852,N,01058.743806,E,2,12,0.7,12.22,M,40.00,M,7.0,0907*7D
2021:01:22:12:25:14.111000,1611314714.111,$GPGGA,112513.00,6342.682844,N,01058.743860,E,2,12,0.7,12.25,M,40.00,M,8.0,0907*73
2021:01:22:12:25:16.111000,1611314716.111,$GPGGA,112515.00,6342.682837,N,01058.743855,E,2,12,0.7,12.22,M,40.00,M,10.0,0907*49
2021:01:22:12:25:17.111000,1611314717.111,$GPGGA,112516.00,6342.682838,N,01058.743909,E,2,12,0.7,12.22,M,40.00,M,11.0,0907*4C
2021:01:22:12:25:18.111000,1611314718.111,$GPGGA,112517.00,6342.682836,N,01058.743908,E,2,12,0.7,12.20,M,40.00,M,12.0,0907*43
2021:01:22:12:25:20.111000,1611314720.111,$GPGGA,112519.00,6342.682796,N,01058.743878,E,2,12,0.7,12.23,M,40.00,M,8.0,0907*76
2021:01:22:12:25:21.111000,1611314721.111,$GPGGA,112520.00,6342.682788,N,01058.743858,E,2,12,0.7,12.20,M,40.00,M,9.0,0907*73
2021:01:22:12:25:22.111000,1611314722.111,$GPGGA,112521.00,6342.682755,N,01058.743899,E,2,12,0.7,12.23,M,40.00,M,10.0,0907*44
2021:01:22:12:25:25.112000,1611314725.112,$GPGGA,112524.00,6342.682686,N,01058.743839,E,2,12,0.7,12.22,M,40.00,M,8.0,0907*7C
2021:01:22:12:25:26.112000,1611314726.112,$GPGGA,112525.00,6342.682613,N,01058.743824,E,2,12,0.7,12.27,M,40.00,M,9.0,0907*79
2021:01:22:12:25:27.112000,1611314727.112,$GPGGA,112526.00,6342.682615,N,01058.743806,E,2,12,0.7,12.23,M,40.00,M,10.0,0907*40
2021:01:22:12:25:29.112000,1611314729.112,$GPGGA,112528.00,6342.682536,N,01058.743785,E,2,12,0.7,12.28,M,40.00,M,7.0,0907*75
2021:01:22:12:25:30.112000,1611314730.112,$GPGGA,112529.00,6342.682505,N,01058.743755,E,2,12,0.7,12.29,M,40.00,M,8.0,0907*77
2021:01:22:12:25:31.112000,1611314731.112,$GPGGA,112530.00,6342.682513,N,01058.743695,E,2,12,0.7,12.24,M,40.00,M,9.0,0907*79
2021:01:22:12:25:33.112000,1611314733.112,$GPGGA,112532.00,6342.682423,N,01058.743656,E,2,12,0.7,12.24,M,40.00,M,6.0,0907*79
2021:01:22:12:25:34.112000,1611314734.112,$GPGGA,112533.00,6342.682405,N,01058.743615,E,2,12,0.7,12.22,M,40.00,M,7.0,0907*7C
2021:01:22:12:25:35.112000,1611314735.112,$GPGGA,112534.00,6342.682376,N,01058.743494,E,2,12,0.7,12.21,M,40.00,M,8.0,0907*7F
2021:01:22:12:25:36.112000,1611314736.112,$GPGGA,112535.00,6342.682363,N,01058.743470,E,2,12,0.7,12.21,M,40.00,M,9.0,0907*71
2021:01:22:12:25:37.112000,1611314737.112,$GPGGA,112536.00,6342.682325,N,01058.743407,E,2,12,0.7,12.21,M,40.00,M,10.0,0907*48
2021:01:22:12:25:38.112000,1611314738.112,$GPGGA,112537.00,6342.682278,N,01058.743337,E,2,12,0.7,12.22,M,40.00,M,11.0,0907*46
2021:01:22:12:25:39.112000,1611314739.112,$GPGGA,112538.00,6342.682272,N,01058.743270,E,2,12,0.7,12.21,M,40.00,M,7.0,0907*75
2021:01:22:12:25:41.112000,1611314741.112,$GPGGA,112540.00,6342.682179,N,01058.743019,E,2,12,0.7,12.21,M,40.00,M,9.0,0907*71
2021:01:22:12:25:42.112000,1611314742.112,$GPGGA,112541.00,6342.682156,N,01058.742994,E,2,12,0.7,12.24,M,40.00,M,5.0,0907*79
2021:01:22:12:25:43.112000,1611314743.112,$GPGGA,112542.00,6342.682153,N,01058.742901,E,2,12,0.7,12.19,M,40.00,M,6.0,0907*7E
2021:01:22:12:25:45.112000,1611314745.112,$GPGGA,112544.00,6342.682089,N,01058.742771,E,2,12,0.7,12.23,M,40.00,M,8.0,0907*70
2021:01:22:12:25:46.112000,1611314746.112,$GPGGA,112545.00,6342.682095,N,01058.742761,E,2,12,0.7,12.23,M,40.00,M,9.0,0907*7C
2021:01:22:12:25:47.112000,1611314747.112,$GPGGA,112546.00,6342.682074,N,01058.742589,E,2,12,0.7,12.16,M,40.00,M,10.0,0907*4A
2021:01:22:12:25:49.112000,1611314749.112,$GPGGA,112548.00,6342.682034,N,01058.742594,E,2,12,0.7,12.26,M,40.00,M,12.0,0907*4D
2021:01:22:12:25:50.112000,1611314750.112,$GPGGA,112549.00,6342.682056,N,01058.742476,E,2,12,0.7,12.20,M,40.00,M,13.0,0907*42
2021:01:22:12:25:51.112000,1611314751.112,$GPGGA,112550.00,6342.682050,N,01058.742342,E,2,12,0.7,12.14,M,40.00,M,14.0,0907*4C
2021:01:22:12:25:53.113000,1611314753.113,$GPGGA,112552.00,6342.682015,N,01058.742327,E,2,12,0.7,12.23,M,40.00,M,11.0,0907*4D
2021:01:22:12:25:54.113000,1611314754.113,$GPGGA,112553.00,6342.682049,N,01058.742291,E,2,12,0.7,12.18,M,40.00,M,12.0,0907*42
2021:01:22:12:25:55.113000,1611314755.113,$GPGGA,112554.00,6342.681992,N,01058.742251,E,2,12,0.7,12.21,M,40.00,M,13.0,0907*4E
2021:01:22:12:25:56.113000,1611314756.113,$GPGGA,112555.00,6342.681966,N,01058.742192,E,2,12,0.7,12.23,M,40.00,M,8.0,0907*70
2021:01:22:12:25:58.113000,1611314758.113,$GPGGA,112557.00,6342.681991,N,01058.742241,E,2,12,0.7,12.22,M,40.00,M,5.0,0907*7B
2021:01:22:12:25:59.113000,1611314759.113,$GPGGA,112558.00,6342.681949,N,01058.742224,E,2,12,0.7,12.22,M,40.00,M,6.0,0907*71
2021:01:22:12:26:00.113000,1611314760.113,$GPGGA,112559.00,6342.681947,N,01058.742193,E,2,12,0.7,12.23,M,40.00,M,7.0,0907*71
2021:01:22:12:26:01.113000,1611314761.113,$GPGGA,112600.00,6342.681971,N,01058.742243,E,2,12,0.7,12.23,M,40.00,M,8.0,0907*7A
2021:01:22:12:26:02.113000,1611314762.113,$GPGGA,112601.00,6342.681952,N,01058.742318,E,2,12,0.7,12.23,M,40.00,M,9.0,0907*74
2021:01:22:12:26:03.113000,1611314763.113,$GPGGA,112602.00,6342.681923,N,01058.742310,E,2,12,0.7,12.23,M,40.00,M,10.0,0907*41
2021:01:22:12:26:04.113000,1611314764.113,$GPGGA,112603.00,6342.681945,N,01058.742280,E,2,12,0.7,12.20,M,40.00,M,11.0,0907*4A
2021:01:22:12:26:06.113000,1611314766.113,$GPGGA,112605.00,6342.681934,N,01058.742461,E,2,12,0.7,12.24,M,40.00,M,7.0,0907*70
2021:01:22:12:26:07.114000,1611314767.114,$GPGGA,112606.00,6342.681955,N,01058.742521,E,2,12,0.7,12.25,M,40.00,M,8.0,0907*7F
2021:01:22:12:26:08.114000,1611314768.114,$GPGGA,112607.00,6342.681941,N,01058.742487,E,2,12,0.7,12.19,M,40.00,M,9.0,0907*78
2021:01:22:12:26:10.113000,1611314770.113,$GPGGA,112609.00,6342.681974,N,01058.742615,E,2,12,0.7,12.23,M,40.00,M,11.0,0907*49
2021:01:22:12:26:11.114000,1611314771.114,$GPGGA,112610.00,6342.681976,N,01058.742670,E,2,12,0.7,12.23,M,40.00,M,12.0,0907*43
2021:01:22:12:26:12.113000,1611314772.113,$GPGGA,112611.00,6342.681996,N,01058.742693,E,2,12,0.7,12.21,M,40.00,M,8.0,0907*78
2021:01:22:12:26:14.113000,1611314774.113,$GPGGA,112613.00,6342.682023,N,01058.742738,E,2,12,0.7,12.24,M,40.00,M,10.0,0907*42
2021:01:22:12:26:15.113000,1611314775.113,$GPGGA,112614.00,6342.682062,N,01058.742857,E,2,12,0.7,12.25,M,40.00,M,11.0,0907*46
2021:01:22:12:26:16.113000,1611314776.113,$GPGGA,112615.00,6342.682095,N,01058.742809,E,2,12,0.7,12.21,M,40.00,M,7.0,0907*77
2021:01:22:12:26:18.113000,1611314778.113,$GPGGA,112617.00,6342.682106,N,01058.742847,E,2,12,0.7,12.23,M,40.00,M,9.0,0907*78
2021:01:22:12:26:19.113000,1611314779.113,$GPGGA,112618.00,6342.682168,N,01058.742940,E,2,12,0.7,12.23,M,40.00,M,10.0,0907*41
2021:01:22:12:26:20.113000,1611314780.113,$GPGGA,112619.00,6342.682194,N,01058.742964,E,2,12,0.7,12.22,M,40.00,M,11.0,0907*45
2021:01:22:12:26:21.113000,1611314781.113,$GPGGA,112620.00,6342.682192,N,01058.742906,E,2,12,0.7,12.21,M,40.00,M,12.0,0907*4D
2021:01:22:12:26:22.114000,1611314782.114,$GPGGA,112621.00,6342.682207,N,01058.742870,E,2,12,0.7,12.21,M,40.00,M,8.0,0907*78
2021:01:22:12:26:23.114000,1611314783.114,$GPGGA,112622.00,6342.682263,N,01058.742966,E,2,12,0.8,12.26,M,40.00,M,9.0,0907*76
2021:01:22:12:26:24.114000,1611314784.114,$GPGGA,112623.00,6342.682286,N,01058.742999,E,2,12,0.8,12.25,M,40.00,M,10.0,0907*47
2021:01:22:12:26:26.114000,1611314786.114,$GPGGA,112625.00,6342.682293,N,01058.742968,E,2,12,0.8,12.27,M,40.00,M,6.0,0907*7E
2021:01:22:12:26:27.114000,1611314787.114,$GPGGA,112626.00,6342.682333,N,01058.743024,E,2,12,0.8,12.27,M,40.00,M,7.0,0907*77
2021:01:22:12:26:28.114000,1611314788.114,$GPGGA,112627.00,6342.682328,N,01058.743002,E,2,12,0.8,12.22,M,40.00,M,8.0,0907*72
2021:01:22:12:26:29.114000,1611314789.114,$GPGGA,112628.00,6342.682307,N,01058.743049,E,2,12,0.8,12.23,M,40.00,M,4.0,0907*72
2021:01:22:12:26:31.114000,1611314791.114,$GPGGA,112630.00,6342.682330,N,01058.743053,E,2,12,0.8,12.18,M,40.00,M,6.0,0907*7E
2021:01:22:12:26:32.114000,1611314792.114,$GPGGA,112631.00,6342.682300,N,01058.743032,E,2,12,0.8,12.18,M,40.00,M,7.0,0907*7A
2021:01:22:12:26:33.114000,1611314793.114,$GPGGA,112632.00,6342.682298,N,01058.743108,E,2,12,0.8,12.19,M,40.00,M,8.0,0907*7F
2021:01:22:12:26:35.114000,1611314795.114,$GPGGA,112634.00,6342.682286,N,01058.743144,E,2,12,0.8,12.16,M,40.00,M,10.0,0907*48
2021:01:22:12:26:36.114000,1611314796.114,$GPGGA,112635.00,6342.682285,N,01058.743195,E,2,12,0.8,12.19,M,40.00,M,6.0,0907*7E
2021:01:22:12:26:37.115000,1611314797.115,$GPGGA,112636.00,6342.682274,N,01058.743125,E,2,12,0.8,12.16,M,40.00,M,7.0,0907*76
2021:01:22:12:26:39.115000,1611314799.115,$GPGGA,112638.00,6342.682238,N,01058.743163,E,2,12,0.8,12.17,M,40.00,M,9.0,0907*7D
2021:01:22:12:26:40.114000,1611314800.114,$GPGGA,112639.00,6342.682226,N,01058.743145,E,2,12,0.8,12.16,M,40.00,M,10.0,0907*4E
2021:01:22:12:26:41.114000,1611314801.114,$GPGGA,112640.00,6342.682221,N,01058.743126,E,2,12,0.8,12.13,M,40.00,M,11.0,0907*46
2021:01:22:12:26:43.114000,1611314803.114,$GPGGA,112642.00,6342.682182,N,01058.743139,E,2,12,0.8,12.22,M,40.00,M,7.0,0907*75
2021:01:22:12:26:44.114000,1611314804.114,$GPGGA,112643.00,6342.682224,N,01058.743234,E,2,12,0.8,12.21,M,40.00,M,8.0,0907*79
2021:01:22:12:26:45.114000,1611314805.114,$GPGGA,112644.00,6342.682181,N,01058.743180,E,2,12,0.8,12.18,M,40.00,M,9.0,0907*75
2021:01:22:12:26:46.114000,1611314806.114,$GPGGA,112645.00,6342.682139,N,01058.743152,E,2,12,0.8,12.20,M,40.00,M,10.0,0907*4B
2021:01:22:12:26:47.114000,1611314807.114,$GPGGA,112646.00,6342.682192,N,01058.743240,E,2,12,0.8,12.26,M,40.00,M,6.0,0907*78
2021:01:22:12:26:48.114000,1611314808.114,$GPGGA,112647.00,6342.682207,N,01058.743253,E,2,12,0.8,12.21,M,40.00,M,7.0,0907*72
2021:01:22:12:26:49.114000,1611314809.114,$GPGGA,112648.00,6342.682166,N,01058.743216,E,2,12,0.8,12.20,M,40.00,M,8.0,0907*76
2021:01:22:12:26:51.114000,1611314811.114,$GPGGA,112650.00,6342.682208,N,01058.743337,E,2,12,0.8,12.22,M,40.00,M,10.0,0907*4D
2021:01:22:12:26:52.115000,1611314812.115,$GPGGA,112651.00,6342.682215,N,01058.743273,E,2,12,0.8,12.17,M,40.00,M,11.0,0907*46
2021:01:22:12:26:53.115000,1611314813.115,$GPGGA,112652.00,6342.682204,N,01058.743293,E,2,12,0.8,12.23,M,40.00,M,7.0,0907*7B
2021:01:22:12:26:55.115000,1611314815.115,$GPGGA,112654.00,6342.682255,N,01058.743315,E,2,12,0.8,12.21,M,40.00,M,9.0,0907*7A
2021:01:22:12:26:56.115000,1611314816.115,$GPGGA,112655.00,6342.682253,N,01058.743261,E,2,12,0.8,12.20,M,40.00,M,4.0,0907*73
2021:01:22:12:26:57.115000,1611314817.115,$GPGGA,112656.00,6342.682250,N,01058.743324,E,2,12,0.8,12.26,M,40.00,M,5.0,0907*74
2021:01:22:12:27:00.115000,1611314820.115,$GPGGA,112659.00,6342.682314,N,01058.743258,E,2,12,0.8,12.21,M,40.00,M,8.0,0907*7A
2021:01:22:12:27:01.115000,1611314821.115,$GPGGA,112700.00,6342.682305,N,01058.743214,E,2,12,0.8,12.23,M,40.00,M,9.0,0907*7C
2021:01:22:12:27:02.115000,1611314822.115,$GPGGA,112701.00,6342.682345,N,01058.743245,E,2,12,0.8,12.25,M,40.00,M,10.0,0907*43
2021:01:22:12:27:04.115000,1611314824.115,$GPGGA,112703.00,6342.682356,N,01058.743176,E,2,12,0.8,12.23,M,40.00,M,7.0,0907*70
2021:01:22:12:27:05.115000,1611314825.115,$GPGGA,112704.00,6342.682366,N,01058.743143,E,2,12,0.8,12.23,M,40.00,M,8.0,0907*7D
2021:01:22:12:27:06.116000,1611314826.116,$GPGGA,112705.00,6342.682410,N,01058.743161,E,2,12,0.8,12.26,M,40.00,M,9.0,0907*7E
2021:01:22:12:27:08.116000,1611314828.116,$GPGGA,112707.00,6342.682408,N,01058.743027,E,2,12,0.8,12.22,M,40.00,M,11.0,0907*4B
2021:01:22:12:27:09.116000,1611314829.116,$GPGGA,112708.00,6342.682430,N,01058.743058,E,2,12,0.8,12.26,M,40.00,M,12.0,0907*40
2021:01:22:12:27:10.115000,1611314830.115,$GPGGA,112709.00,6342.682458,N,01058.743057,E,2,12,0.8,12.27,M,40.00,M,8.0,0907*7A
2021:01:22:12:27:11.115000,1611314831.115,$GPGGA,112710.00,6342.682478,N,01058.742933,E,2,12,0.8,12.20,M,40.00,M,9.0,0907*7C
2021:01:22:12:27:12.115000,1611314832.115,$GPGGA,112711.00,6342.682496,N,01058.742885,E,2,12,0.8,12.24,M,40.00,M,4.0,0907*78
2021:01:22:12:27:13.115000,1611314833.115,$GPGGA,112712.00,6342.682506,N,01058.742991,E,2,12,0.8,12.29,M,40.00,M,5.0,0907*7B
2021:01:22:12:27:14.115000,1611314834.115,$GPGGA,112713.00,6342.682566,N,01058.743014,E,2,12,0.8,12.28,M,40.00,M,6.0,0907*7B
2021:01:22:12:27:16.115000,1611314836.115,$GPGGA,112715.00,6342.682554,N,01058.742782,E,2,12,0.8,12.21,M,40.00,M,8.0,0907*72
2021:01:22:12:27:17.115000,1611314837.115,$GPGGA,112716.00,6342.682601,N,01058.742868,E,2,12,0.8,12.27,M,40.00,M,9.0,0907*7E
2021:01:22:12:27:18.115000,1611314838.115,$GPGGA,112717.00,6342.682655,N,01058.742896,E,2,12,0.8,12.25,M,40.00,M,10.0,0907*45
2021:01:22:12:27:20.115000,1611314840.115,$GPGGA,112719.00,6342.682637,N,01058.742705,E,2,12,0.8,12.22,M,40.00,M,12.0,0907*4F
2021:01:22:12:27:21.116000,1611314841.116,$GPGGA,112720.00,6342.682643,N,01058.742602,E,2,12,0.8,12.22,M,40.00,M,13.0,0907*41
2021:01:22:12:27:22.116000,1611314842.116,$GPGGA,112721.00,6342.682673,N,01058.742608,E,2,12,0.8,12.23,M,40.00,M,9.0,0907*73
2021:01:22:12:27:23.116000,1611314843.116,$GPGGA,112722.00,6342.682675,N,01058.742645,E,2,12,0.8,12.25,M,40.00,M,5.0,0907*75
2021:01:22:12:27:24.116000,1611314844.116,$GPGGA,112723.00,6342.682656,N,01058.742566,E,2,12,0.8,12.22,M,40.00,M,6.0,0907*73
2021:01:22:12:27:25.116000,1611314845.116,$GPGGA,112724.00,6342.682669,N,01058.742501,E,2,12,0.8,12.22,M,40.00,M,7.0,0907*78
2021:01:22:12:27:26.116000,1611314846.116,$GPGGA,112725.00,6342.682663,N,01058.742458,E,2,12,0.8,12.21,M,40.00,M,8.0,0907*72
2021:01:22:12:27:28.116000,1611314848.116,$GPGGA,112727.00,6342.682663,N,01058.742534,E,2,12,0.8,12.22,M,40.00,M,10.0,0907*41
2021:01:22:12:27:29.116000,1611314849.116,$GPGGA,112728.00,6342.682657,N,01058.742457,E,2,12,0.8,12.19,M,40.00,M,11.0,0907*44
2021:01:22:12:27:30.116000,1611314850.116,$GPGGA,112729.00,6342.682641,N,01058.742401,E,2,12,0.8,12.21,M,40.00,M,7.0,0907*7D
2021:01:22:12:27:31.116000,1611314851.116,$GPGGA,112730.00,6342.682649,N,01058.742514,E,2,12,0.8,12.27,M,40.00,M,8.0,0907*71
2021:01:22:12:27:33.116000,1611314853.116,$GPGGA,112732.00,6342.682659,N,01058.742516,E,2,12,0.8,12.20,M,40.00,M,10.0,0907*4E
2021:01:22:12:27:34.116000,1611314854.116,$GPGGA,112733.00,6342.682657,N,01058.742597,E,2,12,0.8,12.23,M,40.00,M,11.0,0907*4A
2021:01:22:12:27:35.116000,1611314855.116,$GPGGA,112734.00,6342.682655,N,01058.742606,E,2,12,0.8,12.26,M,40.00,M,12.0,0907*42
2021:01:22:12:27:36.117000,1611314856.117,$GPGGA,112735.00,6342.682662,N,01058.742629,E,2,12,0.8,12.22,M,40.00,M,8.0,0907*75
2021:01:22:12:27:37.117000,1611314857.117,$GPGGA,112736.00,6342.682676,N,01058.742722,E,2,12,0.8,12.23,M,40.00,M,9.0,0907*79
2021:01:22:12:27:38.117000,1611314858.117,$GPGGA,112737.00,6342.682682,N,01058.742782,E,2,12,0.8,12.24,M,40.00,M,10.0,0907*46
2021:01:22:12:27:39.117000,1611314859.117,$GPGGA,112738.00,6342.682684,N,01058.742805,E,2,12,0.8,12.26,M,40.00,M,11.0,0907*4C
2021:01:22:12:27:41.116000,1611314861.116,$GPGGA,112740.00,6342.682728,N,01058.742932,E,2,12,0.8,12.26,M,40.00,M,13.0,0907*43
2021:01:22:12:27:42.116000,1611314862.116,$GPGGA,112741.00,6342.682728,N,01058.742968,E,2,12,0.8,12.27,M,40.00,M,14.0,0907*4B
2021:01:22:12:27:43.116000,1611314863.116,$GPGGA,112742.00,6342.682717,N,01058.742987,E,2,12,0.8,12.28,M,40.00,M,9.0,0907*76
2021:01:22:12:27:45.116000,1611314865.116,$GPGGA,112744.00,6342.682792,N,01058.743133,E,2,12,0.8,12.27,M,40.00,M,6.0,0907*7B
2021:01:22:12:27:46.116000,1611314866.116,$GPGGA,112745.00,6342.682766,N,01058.743125,E,2,12,0.8,12.28,M,40.00,M,7.0,0907*78
2021:01:22:12:27:47.116000,1611314867.116,$GPGGA,112746.00,6342.682776,N,01058.743113,E,2,12,0.8,12.25,M,40.00,M,8.0,0907*7D
2021:01:22:12:27:48.116000,1611314868.116,$GPGGA,112747.00,6342.682819,N,01058.743204,E,2,12,0.8,12.27,M,40.00,M,9.0,0907*7C
2021:01:22:12:27:49.116000,1611314869.116,$GPGGA,112748.00,6342.682835,N,01058.743279,E,2,12,0.8,12.29,M,40.00,M,10.0,0907*41
2021:01:22:12:27:50.117000,1611314870.117,$GPGGA,112749.00,6342.682856,N,01058.743253,E,2,12,0.8,12.24,M,40.00,M,11.0,0907*41
2021:01:22:12:27:51.117000,1611314871.117,$GPGGA,112750.00,6342.682866,N,01058.743274,E,2,12,0.8,12.26,M,40.00,M,12.0,0907*4E
2021:01:22:12:27:53.117000,1611314873.117,$GPGGA,112752.00,6342.682923,N,01058.743376,E,2,12,0.8,12.24,M,40.00,M,9.0,0907*77
2021:01:22:12:27:54.117000,1611314874.117,$GPGGA,112753.00,6342.682959,N,01058.743373,E,2,12,0.8,12.19,M,40.00,M,10.0,0907*48
2021:01:22:12:27:55.117000,1611314875.117,$GPGGA,112754.00,6342.682934,N,01058.743405,E,2,12,0.8,12.27,M,40.00,M,11.0,0907*4E
2021:01:22:12:27:56.117000,1611314876.117,$GPGGA,112755.00,6342.682961,N,01058.743497,E,2,12,0.8,12.29,M,40.00,M,12.0,0907*49
2021:01:22:12:27:57.117000,1611314877.117,$GPGGA,112756.00,6342.683061,N,01058.743562,E,2,12,0.8,12.21,M,40.00,M,8.0,0907*7A
2021:01:22:12:27:58.117000,1611314878.117,$GPGGA,112757.00,6342.683057,N,01058.743528,E,2,12,0.8,12.19,M,40.00,M,9.0,0907*7A
2021:01:22:12:27:59.117000,1611314879.117,$GPGGA,112758.00,6342.683029,N,01058.743579,E,2,12,0.8,12.26,M,40.00,M,5.0,0907*78
2021:01:22:12:28:01.117000,1611314881.117,$GPGGA,112800.00,6342.683171,N,01058.743669,E,2,12,0.8,12.20,M,40.00,M,7.0,0907*70
2021:01:22:12:28:02.117000,1611314882.117,$GPGGA,112801.00,6342.683149,N,01058.743750,E,2,12,0.8,12.29,M,40.00,M,8.0,0907*77
2021:01:22:12:28:03.117000,1611314883.117,$GPGGA,112802.00,6342.683149,N,01058.743736,E,2,12,0.8,12.30,M,40.00,M,9.0,0907*7D
2021:01:22:12:28:04.117000,1611314884.117,$GPGGA,112803.00,6342.683224,N,01058.743663,E,2,12,0.8,12.21,M,40.00,M,10.0,0907*4D
2021:01:22:12:28:06.118000,1611314886.118,$GPGGA,112805.00,6342.683209,N,01058.743804,E,2,12,0.8,12.33,M,40.00,M,12.0,0907*4A
2021:01:22:12:28:07.118000,1611314887.118,$GPGGA,112806.00,6342.683291,N,01058.743797,E,2,12,0.8,12.25,M,40.00,M,7.0,0907*7E
2021:01:22:12:28:08.118000,1611314888.118,$GPGGA,112807.00,6342.683307,N,01058.743731,E,2,12,0.8,12.19,M,40.00,M,8.0,0907*7D
2021:01:22:12:28:10.118000,1611314890.118,$GPGGA,112809.00,6342.683332,N,01058.743889,E,2,12,0.8,12.27,M,40.00,M,10.0,0907*4D
2021:01:22:12:28:11.117000,1611314891.117,$GPGGA,112810.00,6342.683379,N,01058.743882,E,2,12,0.8,12.21,M,40.00,M,11.0,0907*46
2021:01:22:12:28:12.117000,1611314892.117,$GPGGA,112811.00,6342.683356,N,01058.743830,E,2,12,0.8,12.19,M,40.00,M,12.0,0907*4B
2021:01:22:12:28:13.117000,1611314893.117,$GPGGA,112812.00,6342.683349,N,01058.743963,E,2,12,0.8,12.27,M,40.00,M,8.0,0907*77
2021:01:22:12:28:14.117000,1611314894.117,$GPGGA,112813.00,6342.683395,N,01058.744051,E,2,12,0.8,12.26,M,40.00,M,9.0,0907*78
2021:01:22:12:28:15.117000,1611314895.117,$GPGGA,112814.00,6342.683401,N,01058.744060,E,2,12,0.8,12.21,M,40.00,M,10.0,0907*48
2021:01:22:12:28:16.117000,1611314896.117,$GPGGA,112815.00,6342.683363,N,01058.744178,E,2,12,0.8,12.23,M,40.00,M,11.0,0907*41
2021:01:22:12:28:18.117000,1611314898.117,$GPGGA,112817.00,6342.683395,N,01058.744223,E,2,12,0.8,12.20,M,40.00,M,8.0,0907*7C
2021:01:22:12:28:19.117000,1611314899.117,$GPGGA,112818.00,6342.683379,N,01058.744339,E,2,12,0.8,12.25,M,40.00,M,9.0,0907*7F
2021:01:22:12:28:20.118000,1611314900.118,$GPGGA,112819.00,6342.683344,N,01058.744344,E,2,12,0.8,12.25,M,40.00,M,10.0,0907*42
2021:01:22:12:28:21.118000,1611314901.118,$GPGGA,112820.00,6342.683369,N,01058.744331,E,2,12,0.8,12.23,M,40.00,M,11.0,0907*42
2021:01:22:12:28:22.118000,1611314902.118,$GPGGA,112821.00,6342.683370,N,01058.744358,E,2,12,0.8,12.22,M,40.00,M,12.0,0907*46
2021:01:22:12:28:23.118000,1611314903.118,$GPGGA,112822.00,6342.683346,N,01058.744416,E,2,12,0.8,12.24,M,40.00,M,8.0,0907*70
2021:01:22:12:28:24.118000,1611314904.118,$GPGGA,112823.00,6342.683365,N,01058.744461,E,2,12,0.8,12.23,M,40.00,M,9.0,0907*76
2021:01:22:12:28:26.118000,1611314906.118,$GPGGA,112825.00,6342.683353,N,01058.744415,E,2,12,0.8,12.23,M,40.00,M,11.0,0907*4F
2021:01:22:12:28:27.118000,1611314907.118,$GPGGA,112826.00,6342.683348,N,01058.744447,E,2,12,0.8,12.25,M,40.00,M,7.0,0907*70
2021:01:22:12:28:28.118000,1611314908.118,$GPGGA,112827.00,6342.683361,N,01058.744484,E,2,12,0.8,12.25,M,40.00,M,8.0,0907*7A
2021:01:22:12:28:31.119000,1611314911.119,$GPGGA,112830.00,6342.683344,N,01058.744404,E,2,12,0.8,12.25,M,40.00,M,5.0,0907*7E
2021:01:22:12:28:32.118000,1611314912.118,$GPGGA,112831.00,6342.683347,N,01058.744438,E,2,12,0.8,12.25,M,40.00,M,6.0,0907*70
2021:01:22:12:28:33.118000,1611314913.118,$GPGGA,112832.00,6342.683348,N,01058.744426,E,2,12,0.8,12.24,M,40.00,M,7.0,0907*73
2021:01:22:12:28:35.119000,1611314915.119,$GPGGA,112834.00,6342.683343,N,01058.744350,E,2,12,0.8,12.20,M,40.00,M,9.0,0907*72
2021:01:22:12:28:36.119000,1611314916.119,$GPGGA,112835.00,6342.683352,N,01058.744373,E,2,12,0.8,12.22,M,40.00,M,5.0,0907*7C
2021:01:22:12:28:37.119000,1611314917.119,$GPGGA,112836.00,6342.683375,N,01058.744397,E,2,12,0.8,12.23,M,40.00,M,6.0,0907*72
2021:01:22:12:28:38.119000,1611314918.119,$GPGGA,112837.00,6342.683368,N,01058.744305,E,2,12,0.8,12.19,M,40.00,M,7.0,0907*7C
2021:01:22:12:28:39.119000,1611314919.119,$GPGGA,112838.00,6342.683369,N,01058.744251,E,2,12,0.8,12.19,M,40.00,M,8.0,0907*7D
2021:01:22:12:28:40.119000,1611314920.119,$GPGGA,112839.00,6342.683389,N,01058.744279,E,2,12,0.8,12.24,M,40.00,M,9.0,0907*77
2021:01:22:12:28:41.118000,1611314921.118,$GPGGA,112840.00,6342.683403,N,01058.744245,E,2,12,0.8,12.22,M,40.00,M,10.0,0907*4D
2021:01:22:12:28:43.118000,1611314923.118,$GPGGA,112842.00,6342.683424,N,01058.744117,E,2,12,0.8,12.20,M,40.00,M,12.0,0907*4E
2021:01:22:12:28:44.118000,1611314924.118,$GPGGA,112843.00,6342.683440,N,01058.744083,E,2,12,0.8,12.25,M,40.00,M,7.0,0907*70
2021:01:22:12:28:45.118000,1611314925.118,$GPGGA,112844.00,6342.683460,N,01058.743992,E,2,12,0.8,12.20,M,40.00,M,8.0,0907*71
2021:01:22:12:28:46.118000,1611314926.118,$GPGGA,112845.00,6342.683467,N,01058.743863,E,2,12,0.8,12.17,M,40.00,M,9.0,0907*7D
2021:01:22:12:28:47.118000,1611314927.118,$GPGGA,112846.00,6342.683467,N,01058.743794,E,2,12,0.8,12.21,M,40.00,M,5.0,0907*70
2021:01:22:12:28:48.118000,1611314928.118,$GPGGA,112847.00,6342.683481,N,01058.743761,E,2,12,0.8,12.25,M,40.00,M,6.0,0907*74
2021:01:22:12:28:49.119000,1611314929.119,$GPGGA,112848.00,6342.683521,N,01058.743730,E,2,12,0.8,12.21,M,40.00,M,7.0,0907*71
2021:01:22:12:28:51.119000,1611314931.119,$GPGGA,112850.00,6342.683505,N,01058.743626,E,2,12,0.8,12.23,M,40.00,M,9.0,0907*74
2021:01:22:12:28:52.119000,1611314932.119,$GPGGA,112851.00,6342.683521,N,01058.743549,E,2,12,0.8,12.23,M,40.00,M,10.0,0907*41
2021:01:22:12:28:53.119000,1611314933.119,$GPGGA,112852.00,6342.683545,N,01058.743537,E,2,12,0.8,12.21,M,40.00,M,11.0,0907*4A
2021:01:22:12:28:55.119000,1611314935.119,$GPGGA,112854.00,6342.683517,N,01058.743477,E,2,12,0.8,12.19,M,40.00,M,13.0,0907*47
2021:01:22:12:28:56.119000,1611314936.119,$GPGGA,112855.00,6342.683531,N,01058.743536,E,2,12,0.8,12.21,M,40.00,M,14.0,0907*4A
2021:01:22:12:28:57.119000,1611314937.119,$GPGGA,112856.00,6342.683516,N,01058.743527,E,2,12,0.8,12.22,M,40.00,M,5.0,0907*7F
2021:01:22:12:28:58.119000,1611314938.119,$GPGGA,112857.00,6342.683513,N,01058.743513,E,2,12,0.8,12.20,M,40.00,M,6.0,0907*7D
2021:01:22:12:28:59.119000,1611314939.119,$GPGGA,112858.00,6342.683510,N,01058.743582,E,2,12,0.8,12.20,M,40.00,M,7.0,0907*78
2021:01:22:12:29:00.119000,1611314940.119,$GPGGA,112859.00,6342.683488,N,01058.743677,E,2,12,0.8,12.25,M,40.00,M,8.0,0907*7A
2021:01:22:12:29:01.119000,1611314941.119,$GPGGA,112900.00,6342.683467,N,01058.743685,E,2,12,0.8,12.26,M,40.00,M,9.0,0907*79
2021:01:22:12:29:03.119000,1611314943.119,$GPGGA,112902.00,6342.683427,N,01058.743888,E,2,12,0.8,12.28,M,40.00,M,11.0,0907*4B
2021:01:22:12:29:04.120000,1611314944.12,$GPGGA,112903.00,6342.683380,N,01058.743953,E,2,12,0.8,12.28,M,40.00,M,7.0,0907*70
2021:01:22:12:29:05.120000,1611314945.12,$GPGGA,112904.00,6342.683356,N,01058.743969,E,2,12,0.8,12.25,M,40.00,M,8.0,0907*77
2021:01:22:12:29:06.120000,1611314946.12,$GPGGA,112905.00,6342.683320,N,01058.744029,E,2,12,0.8,12.27,M,40.00,M,9.0,0907*7E
2021:01:22:12:29:08.120000,1611314948.12,$GPGGA,112907.00,6342.683214,N,01058.743961,E,2,12,0.8,12.27,M,40.00,M,11.0,0907*41
2021:01:22:12:29:09.120000,1611314949.12,$GPGGA,112908.00,6342.683172,N,01058.743951,E,2,12,0.8,12.28,M,40.00,M,12.0,0907*42
2021:01:22:12:29:10.120000,1611314950.12,$GPGGA,112909.00,6342.683120,N,01058.743949,E,2,12,0.8,12.30,M,40.00,M,13.0,0907*45
2021:01:22:12:29:11.119000,1611314951.119,$GPGGA,112910.00,6342.683093,N,01058.743926,E,2,12,0.8,12.26,M,40.00,M,9.0,0907*71
2021:01:22:12:29:12.119000,1611314952.119,$GPGGA,112911.00,6342.683058,N,01058.743925,E,2,12,0.8,12.26,M,40.00,M,10.0,0907*4C
2021:01:22:12:29:13.119000,1611314953.119,$GPGGA,112912.00,6342.683019,N,01058.743919,E,2,12,0.8,12.27,M,40.00,M,6.0,0907*73
2021:01:22:12:29:14.119000,1611314954.119,$GPGGA,112913.00,6342.682987,N,01058.743875,E,2,12,0.8,12.27,M,40.00,M,7.0,0907*77
2021:01:22:12:29:16.119000,1611314956.119,$GPGGA,112915.00,6342.682946,N,01058.743768,E,2,12,0.8,12.23,M,40.00,M,9.0,0907*75
2021:01:22:12:29:17.119000,1611314957.119,$GPGGA,112916.00,6342.682919,N,01058.743732,E,2,12,0.8,12.26,M,40.00,M,10.0,0907*4E
2021:01:22:12:29:18.119000,1611314958.119,$GPGGA,112917.00,6342.682902,N,01058.743764,E,2,12,0.8,12.28,M,40.00,M,11.0,0907*49
2021:01:22:12:29:20.120000,1611314960.12,$GPGGA,112919.00,6342.682896,N,01058.743711,E,2,12,0.8,12.23,M,40.00,M,13.0,0907*40
2021:01:22:12:29:21.120000,1611314961.12,$GPGGA,112920.00,6342.682869,N,01058.743664,E,2,12,0.8,12.25,M,40.00,M,8.0,0907*75
2021:01:22:12:29:22.120000,1611314962.12,$GPGGA,112921.00,6342.682859,N,01058.743665,E,2,12,0.8,12.23,M,40.00,M,9.0,0907*71
2021:01:22:12:29:23.120000,1611314963.12,$GPGGA,112922.00,6342.682853,N,01058.743632,E,2,12,0.8,12.21,M,40.00,M,5.0,0907*74
2021:01:22:12:29:24.120000,1611314964.12,$GPGGA,112923.00,6342.682860,N,01058.743603,E,2,12,0.8,12.20,M,40.00,M,6.0,0907*75
2021:01:22:12:29:25.120000,1611314965.12,$GPGGA,112924.00,6342.682856,N,01058.743601,E,2,12,0.8,12.22,M,40.00,M,7.0,0907*76
2021:01:22:12:29:26.120000,1611314966.12,$GPGGA,112925.00,6342.682841,N,01058.743599,E,2,12,0.8,12.24,M,40.00,M,8.0,0907*7A
2021:01:22:12:29:28.120000,1611314968.12,$GPGGA,112927.00,6342.682864,N,01058.743595,E,2,12,0.8,12.26,M,40.00,M,5.0,0907*7C
2021:01:22:12:29:29.120000,1611314969.12,$GPGGA,112928.00,6342.682859,N,01058.743582,E,2,12,0.8,12.25,M,40.00,M,6.0,0907*7B
2021:01:22:12:29:30.120000,1611314970.12,$GPGGA,112929.00,6342.682828,N,01058.743595,E,2,12,0.8,12.27,M,40.00,M,7.0,0907*79
2021:01:22:12:29:31.120000,1611314971.12,$GPGGA,112930.00,6342.682823,N,01058.743546,E,2,12,0.8,12.26,M,40.00,M,8.0,0907*7A
2021:01:22:12:29:33.120000,1611314973.12,$GPGGA,112932.00,6342.682830,N,01058.743595,E,2,12,0.8,12.24,M,40.00,M,10.0,0907*4F
2021:01:22:12:29:34.121000,1611314974.121,$GPGGA,112933.00,6342.682823,N,01058.743613,E,2,12,0.8,12.23,M,40.00,M,6.0,0907*71
2021:01:22:12:29:35.121000,1611314975.121,$GPGGA,112934.00,6342.682819,N,01058.743615,E,2,12,0.8,12.24,M,40.00,M,7.0,0907*7F
2021:01:22:12:29:36.121000,1611314976.121,$GPGGA,112935.00,6342.682793,N,01058.743590,E,2,12,0.8,12.24,M,40.00,M,8.0,0907*72
2021:01:22:12:29:37.121000,1611314977.121,$GPGGA,112936.00,6342.682805,N,01058.743533,E,2,12,0.8,12.18,M,40.00,M,9.0,0907*76
2021:01:22:12:29:38.121000,1611314978.121,$GPGGA,112937.00,6342.682799,N,01058.743569,E,2,12,0.8,12.17,M,40.00,M,10.0,0907*45
2021:01:22:12:29:39.121000,1611314979.121,$GPGGA,112938.00,6342.682770,N,01058.743605,E,2,12,0.8,12.24,M,40.00,M,11.0,0907*45
2021:01:22:12:29:41.121000,1611314981.121,$GPGGA,112940.00,6342.682761,N,01058.743502,E,2,12,0.8,12.20,M,40.00,M,8.0,0907*72
2021:01:22:12:29:42.120000,1611314982.12,$GPGGA,112941.00,6342.682738,N,01058.743498,E,2,12,0.8,12.23,M,40.00,M,9.0,0907*7F
2021:01:22:12:29:43.120000,1611314983.12,$GPGGA,112942.00,6342.682748,N,01058.743566,E,2,12,0.8,12.23,M,40.00,M,10.0,0907*43
2021:01:22:12:29:45.120000,1611314985.12,$GPGGA,112944.00,6342.682697,N,01058.743487,E,2,12,0.8,12.19,M,40.00,M,12.0,0907*43
2021:01:22:12:29:46.120000,1611314986.12,$GPGGA,112945.00,6342.682658,N,01058.743442,E,2,12,0.8,12.23,M,40.00,M,13.0,0907*40
2021:01:22:12:29:47.120000,1611314987.12,$GPGGA,112946.00,6342.682652,N,01058.743387,E,2,12,0.8,12.19,M,40.00,M,14.0,0907*49
2021:01:22:12:29:48.121000,1611314988.121,$GPGGA,112947.00,6342.682646,N,01058.743417,E,2,12,0.8,12.23,M,40.00,M,9.0,0907*76
2021:01:22:12:29:49.121000,1611314989.121,$GPGGA,112948.00,6342.682592,N,01058.743429,E,2,12,0.8,12.27,M,40.00,M,10.0,0907*42
2021:01:22:12:29:50.121000,1611314990.121,$GPGGA,112949.00,6342.682566,N,01058.743373,E,2,12,0.8,12.27,M,40.00,M,11.0,0907*41
2021:01:22:12:29:51.121000,1611314991.121,$GPGGA,112950.00,6342.682540,N,01058.743280,E,2,12,0.8,12.21,M,40.00,M,12.0,0907*45
2021:01:22:12:29:53.121000,1611314993.121,$GPGGA,112952.00,6342.682446,N,01058.743294,E,2,12,0.8,12.28,M,40.00,M,14.0,0907*4A
2021:01:22:12:29:54.121000,1611314994.121,$GPGGA,112953.00,6342.682446,N,01058.743247,E,2,12,0.8,12.24,M,40.00,M,10.0,0907*4D
2021:01:22:12:29:55.121000,1611314995.121,$GPGGA,112954.00,6342.682399,N,01058.743188,E,2,12,0.8,12.25,M,40.00,M,11.0,0907*4F
2021:01:22:12:29:56.121000,1611314996.121,$GPGGA,112955.00,6342.682364,N,01058.743211,E,2,12,0.8,12.31,M,40.00,M,12.0,0907*49
2021:01:22:12:29:57.121000,1611314997.121,$GPGGA,112956.00,6342.682343,N,01058.743167,E,2,12,0.8,12.30,M,40.00,M,13.0,0907*4D
2021:01:22:12:29:58.121000,1611314998.121,$GPGGA,112957.00,6342.682326,N,01058.743095,E,2,12,0.8,12.27,M,40.00,M,9.0,0907*7E
2021:01:22:12:29:59.121000,1611314999.121,$GPGGA,112958.00,6342.682318,N,01058.743134,E,2,12,0.8,12.29,M,40.00,M,10.0,0907*40
2021:01:22:12:30:01.121000,1611315001.121,$GPGGA,113000.00,6342.682257,N,01058.742945,E,2,12,0.8,12.24,M,40.00,M,6.0,0907*7A
2021:01:22:12:30:02.121000,1611315002.121,$GPGGA,113001.00,6342.682265,N,01058.742912,E,2,12,0.8,12.27,M,40.00,M,7.0,0907*7A
2021:01:22:12:30:03.122000,1611315003.122,$GPGGA,113002.00,6342.682238,N,01058.742962,E,2,12,0.8,12.31,M,40.00,M,8.0,0907*7E
2021:01:22:12:30:04.122000,1611315004.122,$GPGGA,113003.00,6342.682229,N,01058.742898,E,2,12,0.8,12.26,M,40.00,M,4.0,0907*71
2021:01:22:12:30:06.122000,1611315006.122,$GPGGA,113005.00,6342.682218,N,01058.742883,E,2,12,0.8,12.29,M,40.00,M,6.0,0907*72
2021:01:22:12:30:07.122000,1611315007.122,$GPGGA,113006.00,6342.682203,N,01058.742843,E,2,12,0.8,12.29,M,40.00,M,7.0,0907*76
2021:01:22:12:30:08.122000,1611315008.122,$GPGGA,113007.00,6342.682187,N,01058.742748,E,2,12,0.8,12.25,M,40.00,M,8.0,0907*7F
2021:01:22:12:30:10.122000,1611315010.122,$GPGGA,113009.00,6342.682184,N,01058.742835,E,2,12,0.8,12.31,M,40.00,M,10.0,0907*4B
2021:01:22:12:30:11.122000,1611315011.122,$GPGGA,113010.00,6342.682158,N,01058.742748,E,2,12,0.8,12.27,M,40.00,M,11.0,0907*41
2021:01:22:12:30:12.121000,1611315012.121,$GPGGA,113011.00,6342.682181,N,01058.742751,E,2,12,0.8,12.25,M,40.00,M,12.0,0907*4D
2021:01:22:12:30:13.121000,1611315013.121,$GPGGA,113012.00,6342.682160,N,01058.742807,E,2,12,0.8,12.32,M,40.00,M,13.0,0907*4A
2021:01:22:12:30:14.121000,1611315014.121,$GPGGA,113013.00,6342.682151,N,01058.742756,E,2,12,0.8,12.31,M,40.00,M,8.0,0907*7B
2021:01:22:12:30:15.121000,1611315015.121,$GPGGA,113014.00,6342.682186,N,01058.742809,E,2,12,0.8,12.29,M,40.00,M,9.0,0907*7B
2021:01:22:12:30:16.121000,1611315016.121,$GPGGA,113015.00,6342.682162,N,01058.742841,E,2,12,0.8,12.35,M,40.00,M,10.0,0907*49
2021:01:22:12:30:18.122000,1611315018.122,$GPGGA,113017.00,6342.682202,N,01058.742814,E,2,12,0.8,12.29,M,40.00,M,7.0,0907*75
2021:01:22:12:30:19.122000,1611315019.122,$GPGGA,113018.00,6342.682188,N,01058.742816,E,2,12,0.8,12.31,M,40.00,M,8.0,0907*7F
2021:01:22:12:30:20.122000,1611315020.122,$GPGGA,113019.00,6342.682166,N,01058.742878,E,2,12,0.8,12.36,M,40.00,M,9.0,0907*70
2021:01:22:12:30:21.122000,1611315021.122,$GPGGA,113020.00,6342.682202,N,01058.742900,E,2,12,0.8,12.28,M,40.00,M,5.0,0907*76
2021:01:22:12:30:22.122000,1611315022.122,$GPGGA,113021.00,6342.682235,N,01058.742895,E,2,12,0.8,12.24,M,40.00,M,6.0,0907*71
2021:01:22:12:30:23.122000,1611315023.122,$GPGGA,113022.00,6342.682217,N,01058.742929,E,2,12,0.8,12.28,M,40.00,M,7.0,0907*79
2021:01:22:12:30:24.122000,1611315024.122,$GPGGA,113023.00,6342.682207,N,01058.742889,E,2,12,0.8,12.28,M,40.00,M,8.0,0907*7D
2021:01:22:12:30:26.122000,1611315026.122,$GPGGA,113025.00,6342.682277,N,01058.742956,E,2,12,0.8,12.28,M,40.00,M,10.0,0907*46
2021:01:22:12:30:27.122000,1611315027.122,$GPGGA,113026.00,6342.682282,N,01058.743002,E,2,12,0.8,12.29,M,40.00,M,11.0,0907*46
2021:01:22:12:30:28.122000,1611315028.122,$GPGGA,113027.00,6342.682290,N,01058.742938,E,2,12,0.8,12.26,M,40.00,M,7.0,0907*7D
2021:01:22:12:30:30.122000,1611315030.122,$GPGGA,113029.00,6342.682318,N,01058.742989,E,2,12,0.8,12.30,M,40.00,M,9.0,0907*71
2021:01:22:12:30:31.122000,1611315031.122,$GPGGA,113030.00,6342.682349,N,01058.742985,E,2,12,0.8,12.26,M,40.00,M,4.0,0907*7B
2021:01:22:12:30:32.122000,1611315032.122,$GPGGA,113031.00,6342.682380,N,01058.743037,E,2,12,0.8,12.28,M,40.00,M,5.0,0907*71
2021:01:22:12:30:33.123000,1611315033.123,$GPGGA,113032.00,6342.682385,N,01058.743084,E,2,12,0.8,12.34,M,40.00,M,6.0,0907*71
2021:01:22:12:30:34.123000,1611315034.123,$GPGGA,113033.00,6342.682402,N,01058.743060,E,2,12,0.8,12.31,M,40.00,M,7.0,0907*76
2021:01:22:12:30:35.123000,1611315035.123,$GPGGA,113034.00,6342.682430,N,01058.743002,E,2,12,0.7,12.26,M,40.00,M,8.0,0907*72
2021:01:22:12:30:36.123000,1611315036.123,$GPGGA,113035.00,6342.682428,N,01058.743002,E,2,12,0.7,12.28,M,40.00,M,9.0,0907*75
2021:01:22:12:30:37.123000,1611315037.123,$GPGGA,113036.00,6342.682456,N,01058.743078,E,2,12,0.7,12.30,M,40.00,M,10.0,0907*43
2021:01:22:12:30:38.123000,1611315038.123,$GPGGA,113037.00,6342.682492,N,01058.743089,E,2,12,0.7,12.29,M,40.00,M,11.0,0907*4D
2021:01:22:12:30:39.123000,1611315039.123,$GPGGA,113038.00,6342.682524,N,01058.743032,E,2,12,0.7,12.27,M,40.00,M,12.0,0907*43
2021:01:22:12:30:40.123000,1611315040.123,$GPGGA,113039.00,6342.682530,N,01058.742982,E,2,12,0.7,12.28,M,40.00,M,13.0,0907*4A
2021:01:22:12:30:41.123000,1611315041.123,$GPGGA,113040.00,6342.682540,N,01058.742982,E,2,12,0.7,12.29,M,40.00,M,9.0,0907*79
2021:01:22:12:30:42.123000,1611315042.123,$GPGGA,113041.00,6342.682600,N,01058.743035,E,2,12,0.7,12.28,M,40.00,M,10.0,0907*42
2021:01:22:12:30:43.122000,1611315043.122,$GPGGA,113042.00,6342.682636,N,01058.743006,E,2,12,0.7,12.25,M,40.00,M,11.0,0907*48
2021:01:22:12:30:44.122000,1611315044.122,$GPGGA,113043.00,6342.682623,N,01058.742933,E,2,12,0.7,12.26,M,40.00,M,12.0,0907*43
2021:01:22:12:30:45.122000,1611315045.122,$GPGGA,113044.00,6342.682666,N,01058.742941,E,2,12,0.7,12.29,M,40.00,M,8.0,0907*74
2021:01:22:12:30:46.122000,1611315046.122,$GPGGA,113045.00,6342.682730,N,01058.742947,E,2,12,0.7,12.28,M,40.00,M,9.0,0907*71
2021:01:22:12:30:47.122000,1611315047.122,$GPGGA,113046.00,6342.682743,N,01058.742907,E,2,12,0.7,12.26,M,40.00,M,10.0,0907*44
2021:01:22:12:30:48.123000,1611315048.123,$GPGGA,113047.00,6342.682757,N,01058.742925,E,2,12,0.7,12.27,M,40.00,M,11.0,0907*40
2021:01:22:12:30:49.123000,1611315049.123,$GPGGA,113048.00,6342.682813,N,01058.742991,E,2,12,0.7,12.26,M,40.00,M,7.0,0907*79
2021:01:22:12:30:50.123000,1611315050.123,$GPGGA,113049.00,6342.682866,N,01058.743012,E,2,12,0.7,12.26,M,40.00,M,8.0,0907*76
2021:01:22:12:30:51.123000,1611315051.123,$GPGGA,113050.00,6342.682853,N,01058.742958,E,2,12,0.7,12.22,M,40.00,M,9.0,0907*7B
2021:01:22:12:30:52.123000,1611315052.123,$GPGGA,113051.00,6342.682881,N,01058.742956,E,2,12,0.7,12.22,M,40.00,M,10.0,0907*43
2021:01:22:12:30:53.123000,1611315053.123,$GPGGA,113052.00,6342.682948,N,01058.743102,E,2,12,0.7,12.23,M,40.00,M,11.0,0907*4C
2021:01:22:12:30:54.123000,1611315054.123,$GPGGA,113053.00,6342.682947,N,01058.743137,E,2,12,0.7,12.23,M,40.00,M,12.0,0907*47
2021:01:22:12:30:55.123000,1611315055.123,$GPGGA,113054.00,6342.682955,N,01058.743097,E,2,12,0.7,12.20,M,40.00,M,13.0,0907*4A
2021:01:22:12:30:56.123000,1611315056.123,$GPGGA,113055.00,6342.683010,N,01058.743184,E,2,12,0.7,12.21,M,40.00,M,14.0,0907*47
2021:01:22:12:30:57.123000,1611315057.123,$GPGGA,113056.00,6342.683018,N,01058.743241,E,2,12,0.7,12.24,M,40.00,M,15.0,0907*42
2021:01:22:12:30:58.123000,1611315058.123,$GPGGA,113057.00,6342.683024,N,01058.743256,E,2,12,0.7,12.25,M,40.00,M,11.0,0907*4F
2021:01:22:12:30:59.123000,1611315059.123,$GPGGA,113058.00,6342.683065,N,01058.743299,E,2,12,0.7,12.24,M,40.00,M,12.0,0907*44
2021:01:22:12:31:00.123000,1611315060.123,$GPGGA,113059.00,6342.683082,N,01058.743353,E,2,12,0.7,12.24,M,40.00,M,13.0,0907*4A
2021:01:22:12:31:01.123000,1611315061.123,$GPGGA,113100.00,6342.683089,N,01058.743383,E,2,12,0.7,12.29,M,40.00,M,8.0,0907*76
2021:01:22:12:31:02.123000,1611315062.123,$GPGGA,113101.00,6342.683091,N,01058.743351,E,2,12,0.7,12.28,M,40.00,M,9.0,0907*71
2021:01:22:12:31:03.124000,1611315063.124,$GPGGA,113102.00,6342.683102,N,01058.743329,E,2,12,0.7,12.26,M,40.00,M,10.0,0907*40
2021:01:22:12:31:04.124000,1611315064.124,$GPGGA,113103.00,6342.683112,N,01058.743345,E,2,12,0.7,12.29,M,40.00,M,11.0,0907*44
2021:01:22:12:31:05.124000,1611315065.124,$GPGGA,113104.00,6342.683092,N,01058.743374,E,2,12,0.7,12.29,M,40.00,M,7.0,0907*7F
2021:01:22:12:31:06.124000,1611315066.124,$GPGGA,113105.00,6342.683107,N,01058.743376,E,2,12,0.7,12.25,M,40.00,M,8.0,0907*72
2021:01:22:12:31:08.124000,1611315068.124,$GPGGA,113107.00,6342.683083,N,01058.743335,E,2,12,0.7,12.30,M,40.00,M,10.0,0907*47
2021:01:22:12:31:09.124000,1611315069.124,$GPGGA,113108.00,6342.683084,N,01058.743397,E,2,12,0.7,12.29,M,40.00,M,11.0,0907*4E
2021:01:22:12:31:10.124000,1611315070.124,$GPGGA,113109.00,6342.683124,N,01058.743416,E,2,12,0.7,12.24,M,40.00,M,12.0,0907*44
2021:01:22:12:31:11.124000,1611315071.124,$GPGGA,113110.00,6342.683109,N,01058.743435,E,2,12,0.7,12.25,M,40.00,M,13.0,0907*42
2021:01:22:12:31:12.124000,1611315072.124,$GPGGA,113111.00,6342.683095,N,01058.743486,E,2,12,0.7,12.28,M,40.00,M,9.0,0907*79
2021:01:22:12:31:13.123000,1611315073.123,$GPGGA,113112.00,6342.683136,N,01058.743516,E,2,12,0.7,12.28,M,40.00,M,10.0,0907*42
2021:01:22:12:31:14.123000,1611315074.123,$GPGGA,113113.00,6342.683141,N,01058.743550,E,2,12,0.7,12.24,M,40.00,M,5.0,0907*79
2021:01:22:12:31:16.123000,1611315076.123,$GPGGA,113115.00,6342.683151,N,01058.743655,E,2,12,0.7,12.28,M,40.00,M,7.0,0907*76
2021:01:22:12:31:17.123000,1611315077.123,$GPGGA,113116.00,6342.683181,N,01058.743699,E,2,12,0.7,12.29,M,40.00,M,8.0,0907*76
2021:01:22:12:31:18.124000,1611315078.124,$GPGGA,113117.00,6342.683155,N,01058.743607,E,2,12,0.7,12.26,M,40.00,M,9.0,0907*77
2021:01:22:12:31:20.124000,1611315080.124,$GPGGA,113119.00,6342.683173,N,01058.743666,E,2,12,0.7,12.29,M,40.00,M,11.0,0907*4C
2021:01:22:12:31:21.124000,1611315081.124,$GPGGA,113120.00,6342.683200,N,01058.743698,E,2,12,0.7,12.30,M,40.00,M,12.0,0907*4B
2021:01:22:12:31:22.124000,1611315082.124,$GPGGA,113121.00,6342.683200,N,01058.743746,E,2,12,0.7,12.31,M,40.00,M,8.0,0907*72
2021:01:22:12:31:23.124000,1611315083.124,$GPGGA,113122.00,6342.683178,N,01058.743659,E,2,12,0.7,12.28,M,40.00,M,9.0,0907*7B
2021:01:22:12:31:24.124000,1611315084.124,$GPGGA,113123.00,6342.683203,N,01058.743650,E,2,12,0.7,12.27,M,40.00,M,5.0,0907*7F
2021:01:22:12:31:25.124000,1611315085.124,$GPGGA,113124.00,6342.683233,N,01058.743654,E,2,12,0.7,12.28,M,40.00,M,6.0,0907*73
2021:01:22:12:31:26.124000,1611315086.124,$GPGGA,113125.00,6342.683200,N,01058.743561,E,2,12,0.7,12.26,M,40.00,M,7.0,0907*78
2021:01:22:12:31:28.124000,1611315088.124,$GPGGA,113127.00,6342.683218,N,01058.743563,E,2,12,0.7,12.29,M,40.00,M,9.0,0907*70
2021:01:22:12:31:29.124000,1611315089.124,$GPGGA,113128.00,6342.683215,N,01058.743507,E,2,12,0.7,12.27,M,40.00,M,10.0,0907*46
2021:01:22:12:31:30.124000,1611315090.124,$GPGGA,113129.00,6342.683184,N,01058.743429,E,2,12,0.7,12.27,M,40.00,M,11.0,0907*40
2021:01:22:12:31:31.124000,1611315091.124,$GPGGA,113130.00,6342.683158,N,01058.743377,E,2,12,0.7,12.27,M,40.00,M,12.0,0907*46
2021:01:22:12:31:32.124000,1611315092.124,$GPGGA,113131.00,6342.683159,N,01058.743360,E,2,12,0.7,12.28,M,40.00,M,7.0,0907*7B
2021:01:22:12:31:33.125000,1611315093.125,$GPGGA,113132.00,6342.683133,N,01058.743352,E,2,12,0.7,12.29,M,40.00,M,8.0,0907*7B
2021:01:22:12:31:34.125000,1611315094.125,$GPGGA,113133.00,6342.683095,N,01058.743252,E,2,12,0.7,12.28,M,40.00,M,9.0,0907*76
2021:01:22:12:31:36.125000,1611315096.125,$GPGGA,113135.00,6342.683036,N,01058.743119,E,2,12,0.7,12.28,M,40.00,M,11.0,0907*4C
2021:01:22:12:31:37.125000,1611315097.125,$GPGGA,113136.00,6342.683016,N,01058.743118,E,2,12,0.7,12.27,M,40.00,M,12.0,0907*40
2021:01:22:12:31:38.125000,1611315098.125,$GPGGA,113137.00,6342.682975,N,01058.743007,E,2,12,0.7,12.24,M,40.00,M,8.0,0907*7B
2021:01:22:12:31:39.125000,1611315099.125,$GPGGA,113138.00,6342.682912,N,01058.742903,E,2,12,0.7,12.26,M,40.00,M,9.0,0907*7A
2021:01:22:12:31:40.125000,1611315100.125,$GPGGA,113139.00,6342.682887,N,01058.742820,E,2,12,0.7,12.27,M,40.00,M,10.0,0907*4F
2021:01:22:12:31:41.125000,1611315101.125,$GPGGA,113140.00,6342.682844,N,01058.742693,E,2,12,0.7,12.25,M,40.00,M,11.0,0907*4B
2021:01:22:12:31:42.125000,1611315102.125,$GPGGA,113141.00,6342.682755,N,01058.742597,E,2,12,0.7,12.24,M,40.00,M,7.0,0907*74
2021:01:22:12:31:43.124000,1611315103.124,$GPGGA,113142.00,6342.682709,N,01058.742573,E,2,12,0.7,12.26,M,40.00,M,8.0,0907*79
2021:01:22:12:31:44.124000,1611315104.124,$GPGGA,113143.00,6342.682677,N,01058.742539,E,2,12,0.7,12.28,M,40.00,M,9.0,0907*71
2021:01:22:12:31:45.124000,1611315105.124,$GPGGA,113144.00,6342.682584,N,01058.742412,E,2,12,0.7,12.28,M,40.00,M,4.0,0907*7C
2021:01:22:12:31:46.124000,1611315106.124,$GPGGA,113145.00,6342.682506,N,01058.742330,E,2,12,0.7,12.26,M,40.00,M,5.0,0907*7F
2021:01:22:12:31:47.124000,1611315107.124,$GPGGA,113146.00,6342.682454,N,01058.742360,E,2,12,0.7,12.31,M,40.00,M,6.0,0907*7A
2021:01:22:12:31:48.125000,1611315108.125,$GPGGA,113147.00,6342.682377,N,01058.742287,E,2,12,0.7,12.32,M,40.00,M,7.0,0907*77
2021:01:22:12:31:49.125000,1611315109.125,$GPGGA,113148.00,6342.682294,N,01058.742173,E,2,12,0.7,12.28,M,40.00,M,8.0,0907*78
2021:01:22:12:31:50.125000,1611315110.125,$GPGGA,113149.00,6342.682234,N,01058.742170,E,2,12,0.7,12.28,M,40.00,M,9.0,0907*71
2021:01:22:12:31:51.125000,1611315111.125,$GPGGA,113150.00,6342.682173,N,01058.742184,E,2,12,0.7,12.34,M,40.00,M,10.0,0907*47
2021:01:22:12:31:52.125000,1611315112.125,$GPGGA,113151.00,6342.682115,N,01058.742174,E,2,12,0.7,12.37,M,40.00,M,6.0,0907*7D
2021:01:22:12:31:53.125000,1611315113.125,$GPGGA,113152.00,6342.682075,N,01058.742160,E,2,12,0.7,12.34,M,40.00,M,7.0,0907*7E
2021:01:22:12:31:54.125000,1611315114.125,$GPGGA,113153.00,6342.682012,N,01058.742094,E,2,12,0.7,12.34,M,40.00,M,8.0,0907*7B
2021:01:22:12:31:55.125000,1611315115.125,$GPGGA,113154.00,6342.681945,N,01058.742048,E,2,12,0.7,12.36,M,40.00,M,9.0,0907*76
2021:01:22:12:31:56.125000,1611315116.125,$GPGGA,113155.00,6342.681928,N,01058.742076,E,2,12,0.7,12.37,M,40.00,M,10.0,0907*48
2021:01:22:12:31:57.125000,1611315117.125,$GPGGA,113156.00,6342.681892,N,01058.742062,E,2,12,0.7,12.36,M,40.00,M,11.0,0907*4E
2021:01:22:12:31:58.125000,1611315118.125,$GPGGA,113157.00,6342.681832,N,01058.742040,E,2,12,0.7,12.37,M,40.00,M,12.0,0907*47
2021:01:22:12:31:59.125000,1611315119.125,$GPGGA,113158.00,6342.681816,N,01058.742071,E,2,12,0.7,12.38,M,40.00,M,8.0,0907*78
2021:01:22:12:32:00.125000,1611315120.125,$GPGGA,113159.00,6342.681803,N,01058.742043,E,2,12,0.7,12.35,M,40.00,M,9.0,0907*70
2021:01:22:12:32:01.125000,1611315121.125,$GPGGA,113200.00,6342.681749,N,01058.742030,E,2,12,0.7,12.32,M,40.00,M,5.0,0907*71
2021:01:22:12:32:02.125000,1611315122.125,$GPGGA,113201.00,6342.681708,N,01058.742035,E,2,12,0.7,12.33,M,40.00,M,6.0,0907*72
2021:01:22:12:32:03.126000,1611315123.126,$GPGGA,113202.00,6342.681713,N,01058.742021,E,2,12,0.7,12.31,M,40.00,M,7.0,0907*7D
2021:01:22:12:32:04.126000,1611315124.126,$GPGGA,113203.00,6342.681689,N,01058.742007,E,2,12,0.7,12.30,M,40.00,M,8.0,0907*74
2021:01:22:12:32:05.126000,1611315125.126,$GPGGA,113204.00,6342.681659,N,01058.742031,E,2,12,0.7,12.33,M,40.00,M,9.0,0907*79
2021:01:22:12:32:06.126000,1611315126.126,$GPGGA,113205.00,6342.681661,N,01058.742032,E,2,12,0.7,12.33,M,40.00,M,10.0,0907*48
2021:01:22:12:32:07.126000,1611315127.126,$GPGGA,113206.00,6342.681659,N,01058.742002,E,2,12,0.7,12.31,M,40.00,M,11.0,0907*40
2021:01:22:12:32:08.126000,1611315128.126,$GPGGA,113207.00,6342.681649,N,01058.742018,E,2,12,0.7,12.33,M,40.00,M,12.0,0907*4A
2021:01:22:12:32:10.126000,1611315130.126,$GPGGA,113209.00,6342.681657,N,01058.742016,E,2,12,0.7,12.34,M,40.00,M,14.0,0907*44
2021:01:22:12:32:11.126000,1611315131.126,$GPGGA,113210.00,6342.681644,N,01058.741894,E,2,12,0.7,12.31,M,40.00,M,15.0,0907*4B
2021:01:22:12:32:12.126000,1611315132.126,$GPGGA,113211.00,6342.681653,N,01058.741946,E,2,12,0.7,12.35,M,40.00,M,16.0,0907*45
2021:01:22:12:32:13.125000,1611315133.125,$GPGGA,113212.00,6342.681673,N,01058.741999,E,2,12,0.7,12.38,M,40.00,M,10.0,0907*4D
2021:01:22:12:32:14.125000,1611315134.125,$GPGGA,113213.00,6342.681674,N,01058.741933,E,2,12,0.7,12.35,M,40.00,M,11.0,0907*47
2021:01:22:12:32:15.125000,1611315135.125,$GPGGA,113214.00,6342.681685,N,01058.741975,E,2,12,0.7,12.34,M,40.00,M,7.0,0907*7A
2021:01:22:12:32:16.125000,1611315136.125,$GPGGA,113215.00,6342.681680,N,01058.741959,E,2,12,0.7,12.36,M,40.00,M,8.0,0907*7D
2021:01:22:12:32:18.136000,1611315138.136,$GPGGA,113217.00,6342.681694,N,01058.741955,E,2,12,0.7,12.33,M,40.00,M,10.0,0907*4A
2021:01:22:12:32:19.136000,1611315139.136,$GPGGA,113218.00,6342.681715,N,01058.742012,E,2,12,0.7,12.33,M,40.00,M,11.0,0907*45
2021:01:22:12:32:20.136000,1611315140.136,$GPGGA,113219.00,6342.681724,N,01058.742039,E,2,12,0.7,12.35,M,40.00,M,12.0,0907*4A
2021:01:22:12:32:21.136000,1611315141.136,$GPGGA,113220.00,6342.681722,N,01058.742073,E,2,12,0.7,12.34,M,40.00,M,13.0,0907*48
2021:01:22:12:32:22.136000,1611315142.136,$GPGGA,113221.00,6342.681745,N,01058.742098,E,2,12,0.7,12.31,M,40.00,M,8.0,0907*72
2021:01:22:12:32:23.136000,1611315143.136,$GPGGA,113222.00,6342.681767,N,01058.742122,E,2,12,0.7,12.29,M,40.00,M,9.0,0907*79
2021:01:22:12:32:24.136000,1611315144.136,$GPGGA,113223.00,6342.681770,N,01058.742200,E,2,12,0.7,12.32,M,40.00,M,10.0,0907*4F
2021:01:22:12:32:26.136000,1611315146.136,$GPGGA,113225.00,6342.681808,N,01058.742245,E,2,12,0.7,12.23,M,40.00,M,7.0,0907*7E
2021:01:22:12:32:27.136000,1611315147.136,$GPGGA,113226.00,6342.681831,N,01058.742313,E,2,12,0.7,12.25,M,40.00,M,8.0,0907*7C
2021:01:22:12:32:28.136000,1611315148.136,$GPGGA,113227.00,6342.681874,N,01058.742481,E,2,12,0.7,12.33,M,40.00,M,4.0,0907*7B
2021:01:22:12:32:30.136000,1611315150.136,$GPGGA,113229.00,6342.681903,N,01058.742457,E,2,12,0.7,12.27,M,40.00,M,6.0,0907*78
2021:01:22:12:32:31.136000,1611315151.136,$GPGGA,113230.00,6342.681932,N,01058.742559,E,2,12,0.7,12.31,M,40.00,M,7.0,0907*7B
2021:01:22:12:32:32.137000,1611315152.137,$GPGGA,113231.00,6342.681975,N,01058.742639,E,2,12,0.7,12.32,M,40.00,M,8.0,0907*70
2021:01:22:12:32:33.137000,1611315153.137,$GPGGA,113232.00,6342.681980,N,01058.742637,E,2,12,0.7,12.29,M,40.00,M,9.0,0907*7C
2021:01:22:12:32:34.137000,1611315154.137,$GPGGA,113233.00,6342.681975,N,01058.742681,E,2,12,0.7,12.31,M,40.00,M,10.0,0907*4B
2021:01:22:12:32:35.137000,1611315155.137,$GPGGA,113234.00,6342.682014,N,01058.742730,E,2,12,0.7,12.32,M,40.00,M,11.0,0907*48
2021:01:22:12:32:36.137000,1611315156.137,$GPGGA,113235.00,6342.682045,N,01058.742757,E,2,12,0.7,12.27,M,40.00,M,7.0,0907*7F
2021:01:22:12:32:38.136000,1611315158.136,$GPGGA,113237.00,6342.682045,N,01058.742859,E,2,12,0.7,12.33,M,40.00,M,9.0,0907*77
2021:01:22:12:32:39.136000,1611315159.136,$GPGGA,113238.00,6342.682076,N,01058.742821,E,2,12,0.7,12.29,M,40.00,M,10.0,0907*44
2021:01:22:12:32:40.136000,1611315160.136,$GPGGA,113239.00,6342.682101,N,01058.742832,E,2,12,0.7,12.27,M,40.00,M,11.0,0907*49
2021:01:22:12:32:41.136000,1611315161.136,$GPGGA,113240.00,6342.682087,N,01058.742830,E,2,12,0.7,12.30,M,40.00,M,12.0,0907*4F
2021:01:22:12:32:42.136000,1611315162.136,$GPGGA,113241.00,6342.682096,N,01058.742815,E,2,12,0.7,12.30,M,40.00,M,8.0,0907*72
2021:01:22:12:32:43.136000,1611315163.136,$GPGGA,113242.00,6342.682164,N,01058.742921,E,2,12,0.7,12.29,M,40.00,M,9.0,0907*72
2021:01:22:12:32:44.136000,1611315164.136,$GPGGA,113243.00,6342.682191,N,01058.743007,E,2,12,0.7,12.31,M,40.00,M,10.0,0907*44
2021:01:22:12:32:45.136000,1611315165.136,$GPGGA,113244.00,6342.682182,N,01058.742984,E,2,12,0.7,12.30,M,40.00,M,11.0,0907*42
2021:01:22:12:32:46.136000,1611315166.136,$GPGGA,113245.00,6342.682221,N,01058.742980,E,2,12,0.7,12.29,M,40.00,M,7.0,0907*72
2021:01:22:12:32:47.137000,1611315167.137,$GPGGA,113246.00,6342.682274,N,01058.743075,E,2,12,0.7,12.30,M,40.00,M,8.0,0907*74
2021:01:22:12:32:48.137000,1611315168.137,$GPGGA,113247.00,6342.682298,N,01058.743137,E,2,12,0.7,12.32,M,40.00,M,9.0,0907*73
2021:01:22:12:32:49.137000,1611315169.137,$GPGGA,113248.00,6342.682325,N,01058.743162,E,2,12,0.7,12.33,M,40.00,M,10.0,0907*42
2021:01:22:12:32:50.137000,1611315170.137,$GPGGA,113249.00,6342.682370,N,01058.743205,E,2,12,0.7,12.33,M,40.00,M,11.0,0907*40
2021:01:22:12:32:51.137000,1611315171.137,$GPGGA,113250.00,6342.682404,N,01058.743244,E,2,12,0.7,12.33,M,40.00,M,12.0,0907*4A
2021:01:22:12:32:52.137000,1611315172.137,$GPGGA,113251.00,6342.682408,N,01058.743269,E,2,12,0.7,12.32,M,40.00,M,7.0,0907*7D
2021:01:22:12:32:53.137000,1611315173.137,$GPGGA,113252.00,6342.682442,N,01058.743278,E,2,12,0.7,12.29,M,40.00,M,8.0,0907*75
2021:01:22:12:32:54.137000,1611315174.137,$GPGGA,113253.00,6342.682496,N,01058.743365,E,2,12,0.7,12.31,M,40.00,M,9.0,0907*78
2021:01:22:12:32:55.137000,1611315175.137,$GPGGA,113254.00,6342.682471,N,01058.743411,E,2,12,0.7,12.35,M,40.00,M,10.0,0907*4E
2021:01:22:12:32:56.137000,1611315176.137,$GPGGA,113255.00,6342.682473,N,01058.743363,E,2,12,0.7,12.31,M,40.00,M,6.0,0907*7C
2021:01:22:12:32:57.137000,1611315177.137,$GPGGA,113256.00,6342.682510,N,01058.743281,E,2,12,0.7,12.27,M,40.00,M,7.0,0907*70
2021:01:22:12:32:58.137000,1611315178.137,$GPGGA,113257.00,6342.682479,N,01058.743322,E,2,12,0.7,12.29,M,40.00,M,8.0,0907*76
2021:01:22:12:32:59.137000,1611315179.137,$GPGGA,113258.00,6342.682476,N,01058.743437,E,2,12,0.7,12.32,M,40.00,M,9.0,0907*7E
2021:01:22:12:33:00.137000,1611315180.137,$GPGGA,113259.00,6342.682529,N,01058.743447,E,2,12,0.7,12.28,M,40.00,M,10.0,0907*40
2021:01:22:12:33:01.137000,1611315181.137,$GPGGA,113300.00,6342.682495,N,01058.743318,E,2,12,0.7,12.26,M,40.00,M,11.0,0907*49
2021:01:22:12:33:02.138000,1611315182.138,$GPGGA,113301.00,6342.682455,N,01058.743271,E,2,12,0.7,12.30,M,40.00,M,7.0,0907*7A
2021:01:22:12:33:03.138000,1611315183.138,$GPGGA,113302.00,6342.682480,N,01058.743330,E,2,12,0.7,12.32,M,40.00,M,8.0,0907*78
2021:01:22:12:33:04.138000,1611315184.138,$GPGGA,113303.00,6342.682509,N,01058.743367,E,2,12,0.7,12.31,M,40.00,M,9.0,0907*79
2021:01:22:12:33:05.138000,1611315185.138,$GPGGA,113304.00,6342.682470,N,01058.743303,E,2,12,0.7,12.28,M,40.00,M,4.0,0907*76
2021:01:22:12:33:06.138000,1611315186.138,$GPGGA,113305.00,6342.682458,N,01058.743264,E,2,12,0.7,12.29,M,40.00,M,5.0,0907*7D
2021:01:22:12:33:07.137000,1611315187.137,$GPGGA,113306.00,6342.682496,N,01058.743317,E,2,12,0.7,12.32,M,40.00,M,6.0,0907*70
2021:01:22:12:33:08.137000,1611315188.137,$GPGGA,113307.00,6342.682486,N,01058.743374,E,2,12,0.7,12.31,M,40.00,M,7.0,0907*77
2021:01:22:12:33:09.137000,1611315189.137,$GPGGA,113308.00,6342.682459,N,01058.743282,E,2,12,0.7,12.23,M,40.00,M,8.0,0907*7E
2021:01:22:12:33:10.137000,1611315190.137,$GPGGA,113309.00,6342.682482,N,01058.743285,E,2,12,0.7,12.24,M,40.00,M,9.0,0907*78
2021:01:22:12:33:12.137000,1611315192.137,$GPGGA,113311.00,6342.682498,N,01058.743378,E,2,12,0.7,12.25,M,40.00,M,11.0,0907*41
2021:01:22:12:33:13.137000,1611315193.137,$GPGGA,113312.00,6342.682496,N,01058.743317,E,2,12,0.7,12.22,M,40.00,M,7.0,0907*75
2021:01:22:12:33:14.137000,1611315194.137,$GPGGA,113313.00,6342.682512,N,01058.743381,E,2,12,0.7,12.27,M,40.00,M,8.0,0907*7C
2021:01:22:12:33:16.137000,1611315196.137,$GPGGA,113315.00,6342.682534,N,01058.743371,E,2,12,0.7,12.28,M,40.00,M,5.0,0907*73
2021:01:22:12:33:17.138000,1611315197.138,$GPGGA,113316.00,6342.682537,N,01058.743333,E,2,12,0.7,12.29,M,40.00,M,6.0,0907*77
2021:01:22:12:33:18.138000,1611315198.138,$GPGGA,113317.00,6342.682553,N,01058.743383,E,2,12,0.7,12.30,M,40.00,M,7.0,0907*76
2021:01:22:12:33:20.138000,1611315200.138,$GPGGA,113319.00,6342.682554,N,01058.743238,E,2,12,0.7,12.24,M,40.00,M,9.0,0907*75
2021:01:22:12:33:21.138000,1611315201.138,$GPGGA,113320.00,6342.682569,N,01058.743333,E,2,12,0.7,12.31,M,40.00,M,10.0,0907*47
2021:01:22:12:33:22.138000,1611315202.138,$GPGGA,113321.00,6342.682585,N,01058.743301,E,2,12,0.7,12.31,M,40.00,M,11.0,0907*44
2021:01:22:12:33:23.138000,1611315203.138,$GPGGA,113322.00,6342.682580,N,01058.743159,E,2,12,0.7,12.26,M,40.00,M,7.0,0907*7C
2021:01:22:12:33:24.138000,1611315204.138,$GPGGA,113323.00,6342.682574,N,01058.743124,E,2,12,0.7,12.27,M,40.00,M,8.0,0907*72
2021:01:22:12:33:25.138000,1611315205.138,$GPGGA,113324.00,6342.682614,N,01058.743170,E,2,12,0.7,12.33,M,40.00,M,9.0,0907*75
2021:01:22:12:33:26.138000,1611315206.138,$GPGGA,113325.00,6342.682614,N,01058.743101,E,2,12,0.7,12.32,M,40.00,M,10.0,0907*4B
2021:01:22:12:33:28.138000,1611315208.138,$GPGGA,113327.00,6342.682601,N,01058.742988,E,2,12,0.7,12.29,M,40.00,M,12.0,0907*4D
2021:01:22:12:33:29.138000,1611315209.138,$GPGGA,113328.00,6342.682618,N,01058.742971,E,2,12,0.7,12.31,M,40.00,M,7.0,0907*71
2021:01:22:12:33:30.138000,1611315210.138,$GPGGA,113329.00,6342.682645,N,01058.742960,E,2,12,0.7,12.30,M,40.00,M,8.0,0907*76
2021:01:22:12:33:32.139000,1611315212.139,$GPGGA,113331.00,6342.682611,N,01058.742874,E,2,12,0.7,12.31,M,40.00,M,10.0,0907*42
2021:01:22:12:33:33.139000,1611315213.139,$GPGGA,113332.00,6342.682652,N,01058.742886,E,2,12,0.7,12.31,M,40.00,M,6.0,0907*7C
2021:01:22:12:33:34.139000,1611315214.139,$GPGGA,113333.00,6342.682646,N,01058.742840,E,2,12,0.7,12.29,M,40.00,M,7.0,0907*7A
2021:01:22:12:33:36.139000,1611315216.139,$GPGGA,113335.00,6342.682655,N,01058.742918,E,2,12,0.7,12.28,M,40.00,M,9.0,0907*7D
2021:01:22:12:33:37.138000,1611315217.138,$GPGGA,113336.00,6342.682646,N,01058.742863,E,2,12,0.7,12.27,M,40.00,M,10.0,0907*46
2021:01:22:12:33:38.138000,1611315218.138,$GPGGA,113337.00,6342.682657,N,01058.742902,E,2,12,0.7,12.25,M,40.00,M,11.0,0907*42
2021:01:22:12:33:40.138000,1611315220.138,$GPGGA,113339.00,6342.682665,N,01058.742918,E,2,12,0.7,12.26,M,40.00,M,8.0,0907*7D
2021:01:22:12:33:41.138000,1611315221.138,$GPGGA,113340.00,6342.682662,N,01058.742931,E,2,12,0.7,12.25,M,40.00,M,9.0,0907*7D
2021:01:22:12:33:42.138000,1611315222.138,$GPGGA,113341.00,6342.682677,N,01058.742974,E,2,12,0.7,12.26,M,40.00,M,10.0,0907*42
2021:01:22:12:33:43.138000,1611315223.138,$GPGGA,113342.00,6342.682702,N,01058.743017,E,2,12,0.7,12.28,M,40.00,M,5.0,0907*75
2021:01:22:12:33:44.138000,1611315224.138,$GPGGA,113343.00,6342.682692,N,01058.743056,E,2,12,0.7,12.29,M,40.00,M,6.0,0907*7B
2021:01:22:12:33:45.138000,1611315225.138,$GPGGA,113344.00,6342.682700,N,01058.743063,E,2,12,0.7,12.30,M,40.00,M,7.0,0907*79
2021:01:22:12:33:46.138000,1611315226.138,$GPGGA,113345.00,6342.682745,N,01058.743081,E,2,12,0.7,12.27,M,40.00,M,8.0,0907*7C
2021:01:22:12:33:47.139000,1611315227.139,$GPGGA,113346.00,6342.682738,N,01058.743097,E,2,12,0.7,12.29,M,40.00,M,9.0,0907*7D
2021:01:22:12:33:48.139000,1611315228.139,$GPGGA,113347.00,6342.682735,N,01058.743117,E,2,12,0.7,12.30,M,40.00,M,10.0,0907*48
2021:01:22:12:33:49.139000,1611315229.139,$GPGGA,113348.00,6342.682798,N,01058.743172,E,2,12,0.7,12.30,M,40.00,M,11.0,0907*42
2021:01:22:12:33:50.139000,1611315230.139,$GPGGA,113349.00,6342.682819,N,01058.743211,E,2,12,0.7,12.29,M,40.00,M,7.0,0907*7C
2021:01:22:12:33:51.139000,1611315231.139,$GPGGA,113350.00,6342.682804,N,01058.743221,E,2,12,0.7,12.30,M,40.00,M,8.0,0907*7C
2021:01:22:12:33:52.139000,1611315232.139,$GPGGA,113351.00,6342.682836,N,01058.743216,E,2,12,0.7,12.25,M,40.00,M,9.0,0907*7D
2021:01:22:12:33:53.139000,1611315233.139,$GPGGA,113352.00,6342.682897,N,01058.743248,E,2,12,0.7,12.24,M,40.00,M,10.0,0907*47
2021:01:22:12:33:54.139000,1611315234.139,$GPGGA,113353.00,6342.682919,N,01058.743288,E,2,12,0.7,12.26,M,40.00,M,11.0,0907*4E
2021:01:22:12:33:55.139000,1611315235.139,$GPGGA,113354.00,6342.682916,N,01058.743279,E,2,12,0.7,12.27,M,40.00,M,12.0,0907*4A
2021:01:22:12:33:56.139000,1611315236.139,$GPGGA,113355.00,6342.682971,N,01058.743277,E,2,12,0.7,12.26,M,40.00,M,8.0,0907*7E
2021:01:22:12:33:57.139000,1611315237.139,$GPGGA,113356.00,6342.683022,N,01058.743306,E,2,12,0.7,12.27,M,40.00,M,9.0,0907*74
2021:01:22:12:33:58.139000,1611315238.139,$GPGGA,113357.00,6342.683027,N,01058.743308,E,2,12,0.7,12.27,M,40.00,M,10.0,0907*46
2021:01:22:12:33:59.139000,1611315239.139,$GPGGA,113358.00,6342.683043,N,01058.743325,E,2,12,0.7,12.27,M,40.00,M,11.0,0907*45
2021:01:22:12:34:00.139000,1611315240.139,$GPGGA,113359.00,6342.683080,N,01058.743335,E,2,12,0.7,12.30,M,40.00,M,6.0,0907*7A
2021:01:22:12:34:01.139000,1611315241.139,$GPGGA,113400.00,6342.683091,N,01058.743284,E,2,12,0.7,12.27,M,40.00,M,7.0,0907*7D
2021:01:22:12:34:02.140000,1611315242.14,$GPGGA,113401.00,6342.683089,N,01058.743229,E,2,12,0.7,12.26,M,40.00,M,8.0,0907*7C
2021:01:22:12:34:03.140000,1611315243.14,$GPGGA,113402.00,6342.683091,N,01058.743265,E,2,12,0.7,12.30,M,40.00,M,9.0,0907*78
2021:01:22:12:34:04.140000,1611315244.14,$GPGGA,113403.00,6342.683122,N,01058.743339,E,2,12,0.7,12.30,M,40.00,M,10.0,0907*40
2021:01:22:12:34:05.140000,1611315245.14,$GPGGA,113404.00,6342.683141,N,01058.743336,E,2,12,0.7,12.27,M,40.00,M,11.0,0907*4A
2021:01:22:12:34:06.140000,1611315246.14,$GPGGA,113405.00,6342.683095,N,01058.743268,E,2,12,0.7,12.26,M,40.00,M,7.0,0907*7F
2021:01:22:12:34:07.140000,1611315247.14,$GPGGA,113406.00,6342.683072,N,01058.743307,E,2,12,0.7,12.31,M,40.00,M,8.0,0907*74
2021:01:22:12:34:08.139000,1611315248.139,$GPGGA,113407.00,6342.683096,N,01058.743326,E,2,12,0.7,12.29,M,40.00,M,9.0,0907*74
2021:01:22:12:34:09.139000,1611315249.139,$GPGGA,113408.00,6342.683075,N,01058.743275,E,2,12,0.7,12.25,M,40.00,M,10.0,0907*45
2021:01:22:12:34:10.139000,1611315250.139,$GPGGA,113409.00,6342.683020,N,01058.743284,E,2,12,0.7,12.27,M,40.00,M,11.0,0907*49
2021:01:22:12:34:11.139000,1611315251.139,$GPGGA,113410.00,6342.682994,N,01058.743285,E,2,12,0.7,12.29,M,40.00,M,12.0,0907*4A
2021:01:22:12:34:12.139000,1611315252.139,$GPGGA,113411.00,6342.682987,N,01058.743271,E,2,12,0.7,12.28,M,40.00,M,13.0,0907*42
2021:01:22:12:34:13.139000,1611315253.139,$GPGGA,113412.00,6342.682969,N,01058.743265,E,2,12,0.7,12.28,M,40.00,M,9.0,0907*7F
2021:01:22:12:34:14.139000,1611315254.139,$GPGGA,113413.00,6342.682910,N,01058.743246,E,2,12,0.7,12.29,M,40.00,M,10.0,0907*48
2021:01:22:12:34:15.140000,1611315255.14,$GPGGA,113414.00,6342.682867,N,01058.743201,E,2,12,0.7,12.32,M,40.00,M,11.0,0907*46
2021:01:22:12:34:16.139000,1611315256.139,$GPGGA,113415.00,6342.682845,N,01058.743138,E,2,12,0.7,12.31,M,40.00,M,7.0,0907*7A
2021:01:22:12:34:18.140000,1611315258.14,$GPGGA,113417.00,6342.682777,N,01058.743186,E,2,12,0.7,12.30,M,40.00,M,9.0,0907*7C
2021:01:22:12:34:19.140000,1611315259.14,$GPGGA,113418.00,6342.682734,N,01058.743156,E,2,12,0.7,12.28,M,40.00,M,10.0,0907*48
2021:01:22:12:34:20.140000,1611315260.14,$GPGGA,113419.00,6342.682697,N,01058.743041,E,2,12,0.7,12.26,M,40.00,M,11.0,0907*49
2021:01:22:12:34:22.140000,1611315262.14,$GPGGA,113421.00,6342.682636,N,01058.743186,E,2,12,0.7,12.35,M,40.00,M,13.0,0907*43
2021:01:22:12:34:23.140000,1611315263.14,$GPGGA,113422.00,6342.682622,N,01058.743122,E,2,12,0.7,12.26,M,40.00,M,9.0,0907*72
2021:01:22:12:34:24.140000,1611315264.14,$GPGGA,113423.00,6342.682585,N,01058.743018,E,2,12,0.7,12.21,M,40.00,M,10.0,0907*4A
2021:01:22:12:34:26.140000,1611315266.14,$GPGGA,113425.00,6342.682558,N,01058.743173,E,2,12,0.7,12.34,M,40.00,M,6.0,0907*73
2021:01:22:12:34:27.140000,1611315267.14,$GPGGA,113426.00,6342.682575,N,01058.743146,E,2,12,0.7,12.26,M,40.00,M,7.0,0907*7B
2021:01:22:12:34:28.140000,1611315268.14,$GPGGA,113427.00,6342.682524,N,01058.743085,E,2,12,0.7,12.23,M,40.00,M,8.0,0907*7A
2021:01:22:12:34:30.140000,1611315270.14,$GPGGA,113429.00,6342.682547,N,01058.743207,E,2,12,0.7,12.32,M,40.00,M,5.0,0907*74
2021:01:22:12:34:31.140000,1611315271.14,$GPGGA,113430.00,6342.682531,N,01058.743186,E,2,12,0.7,12.26,M,40.00,M,6.0,0907*71
2021:01:22:12:34:32.141000,1611315272.141,$GPGGA,113431.00,6342.682487,N,01058.743144,E,2,12,0.7,12.25,M,40.00,M,7.0,0907*70
2021:01:22:12:34:33.141000,1611315273.141,$GPGGA,113432.00,6342.682500,N,01058.743187,E,2,12,0.7,12.29,M,40.00,M,8.0,0907*71
2021:01:22:12:34:34.141000,1611315274.141,$GPGGA,113433.00,6342.682497,N,01058.743181,E,2,12,0.7,12.31,M,40.00,M,9.0,0907*71
2021:01:22:12:34:35.141000,1611315275.141,$GPGGA,113434.00,6342.682475,N,01058.743178,E,2,12,0.7,12.29,M,40.00,M,10.0,0907*4D
2021:01:22:12:34:36.141000,1611315276.141,$GPGGA,113435.00,6342.682463,N,01058.743213,E,2,12,0.7,12.28,M,40.00,M,11.0,0907*45
2021:01:22:12:34:38.140000,1611315278.14,$GPGGA,113437.00,6342.682433,N,01058.743243,E,2,12,0.7,12.29,M,40.00,M,8.0,0907*7E
2021:01:22:12:34:39.140000,1611315279.14,$GPGGA,113438.00,6342.682408,N,01058.743218,E,2,12,0.7,12.30,M,40.00,M,9.0,0907*7E
2021:01:22:12:34:40.140000,1611315280.14,$GPGGA,113439.00,6342.682391,N,01058.743210,E,2,12,0.7,12.27,M,40.00,M,10.0,0907*4E
2021:01:22:12:34:42.140000,1611315282.14,$GPGGA,113441.00,6342.682331,N,01058.743185,E,2,12,0.7,12.29,M,40.00,M,12.0,0907*48
2021:01:22:12:34:43.140000,1611315283.14,$GPGGA,113442.00,6342.682305,N,01058.743151,E,2,12,0.7,12.29,M,40.00,M,8.0,0907*7E
2021:01:22:12:34:44.140000,1611315284.14,$GPGGA,113443.00,6342.682283,N,01058.743163,E,2,12,0.7,12.30,M,40.00,M,9.0,0907*78
2021:01:22:12:34:46.140000,1611315286.14,$GPGGA,113445.00,6342.682212,N,01058.743067,E,2,12,0.7,12.28,M,40.00,M,11.0,0907*43
2021:01:22:12:34:47.141000,1611315287.141,$GPGGA,113446.00,6342.682184,N,01058.743038,E,2,12,0.7,12.29,M,40.00,M,7.0,0907*70
2021:01:22:12:34:48.141000,1611315288.141,$GPGGA,113447.00,6342.682162,N,01058.742961,E,2,12,0.7,12.27,M,40.00,M,8.0,0907*7C
2021:01:22:12:34:49.141000,1611315289.141,$GPGGA,113448.00,6342.682125,N,01058.742841,E,2,12,0.7,12.26,M,40.00,M,9.0,0907*73
2021:01:22:12:34:50.141000,1611315290.141,$GPGGA,113449.00,6342.682084,N,01058.742818,E,2,12,0.7,12.30,M,40.00,M,10.0,0907*4B
2021:01:22:12:34:51.141000,1611315291.141,$GPGGA,113450.00,6342.682071,N,01058.742796,E,2,12,0.7,12.32,M,40.00,M,11.0,0907*43
2021:01:22:12:34:52.141000,1611315292.141,$GPGGA,113451.00,6342.682054,N,01058.742636,E,2,12,0.7,12.28,M,40.00,M,12.0,0907*46
2021:01:22:12:34:53.141000,1611315293.141,$GPGGA,113452.00,6342.682011,N,01058.742564,E,2,12,0.7,12.30,M,40.00,M,7.0,0907*7D
2021:01:22:12:34:54.141000,1611315294.141,$GPGGA,113453.00,6342.681984,N,01058.742548,E,2,12,0.7,12.34,M,40.00,M,8.0,0907*7F
2021:01:22:12:34:55.141000,1611315295.141,$GPGGA,113454.00,6342.681976,N,01058.742469,E,2,12,0.7,12.29,M,40.00,M,9.0,0907*7A
2021:01:22:12:34:56.141000,1611315296.141,$GPGGA,113455.00,6342.681931,N,01058.742397,E,2,12,0.7,12.29,M,40.00,M,10.0,0907*46
2021:01:22:12:34:57.141000,1611315297.141,$GPGGA,113456.00,6342.681898,N,01058.742393,E,2,12,0.7,12.31,M,40.00,M,6.0,0907*7D
2021:01:22:12:34:58.141000,1611315298.141,$GPGGA,113457.00,6342.681904,N,01058.742385,E,2,12,0.7,12.31,M,40.00,M,7.0,0907*7E
2021:01:22:12:34:59.141000,1611315299.141,$GPGGA,113458.00,6342.681874,N,01058.742278,E,2,12,0.7,12.27,M,40.00,M,8.0,0907*7C
2021:01:22:12:35:00.141000,1611315300.141,$GPGGA,113459.00,6342.681822,N,01058.742224,E,2,12,0.7,12.27,M,40.00,M,9.0,0907*76
2021:01:22:12:35:01.141000,1611315301.141,$GPGGA,113500.00,6342.681831,N,01058.742336,E,2,12,0.7,12.33,M,40.00,M,10.0,0907*46
2021:01:22:12:35:02.142000,1611315302.142,$GPGGA,113501.00,6342.681845,N,01058.742337,E,2,12,0.7,12.30,M,40.00,M,11.0,0907*47
2021:01:22:12:35:03.142000,1611315303.142,$GPGGA,113502.00,6342.681788,N,01058.742193,E,2,12,0.7,12.26,M,40.00,M,6.0,0907*77
2021:01:22:12:35:04.142000,1611315304.142,$GPGGA,113503.00,6342.681764,N,01058.742192,E,2,12,0.7,12.32,M,40.00,M,7.0,0907*71
2021:01:22:12:35:05.142000,1611315305.142,$GPGGA,113504.00,6342.681795,N,01058.742269,E,2,12,0.7,12.34,M,40.00,M,8.0,0907*76
2021:01:22:12:35:06.142000,1611315306.142,$GPGGA,113505.00,6342.681811,N,01058.742320,E,2,12,0.7,12.31,M,40.00,M,9.0,0907*7C
2021:01:22:12:35:07.142000,1611315307.142,$GPGGA,113506.00,6342.681789,N,01058.742329,E,2,12,0.7,12.31,M,40.00,M,10.0,0907*40
2021:01:22:12:35:08.142000,1611315308.142,$GPGGA,113507.00,6342.681779,N,01058.742308,E,2,12,0.7,12.34,M,40.00,M,11.0,0907*49
2021:01:22:12:35:09.142000,1611315309.142,$GPGGA,113508.00,6342.681807,N,01058.742322,E,2,12,0.7,12.33,M,40.00,M,12.0,0907*4C
2021:01:22:12:35:10.141000,1611315310.141,$GPGGA,113509.00,6342.681831,N,01058.742376,E,2,12,0.7,12.30,M,40.00,M,8.0,0907*71
2021:01:22:12:35:11.141000,1611315311.141,$GPGGA,113510.00,6342.681837,N,01058.742410,E,2,12,0.7,12.30,M,40.00,M,9.0,0907*79
2021:01:22:12:35:12.141000,1611315312.141,$GPGGA,113511.00,6342.681853,N,01058.742447,E,2,12,0.7,12.31,M,40.00,M,10.0,0907*41
2021:01:22:12:35:13.141000,1611315313.141,$GPGGA,113512.00,6342.681883,N,01058.742447,E,2,12,0.7,12.31,M,40.00,M,11.0,0907*4E
2021:01:22:12:35:14.141000,1611315314.141,$GPGGA,113513.00,6342.681906,N,01058.742465,E,2,12,0.7,12.31,M,40.00,M,7.0,0907*74
2021:01:22:12:35:16.142000,1611315316.142,$GPGGA,113515.00,6342.681948,N,01058.742489,E,2,12,0.7,12.29,M,40.00,M,4.0,0907*70
2021:01:22:12:35:17.142000,1611315317.142,$GPGGA,113516.00,6342.681963,N,01058.742509,E,2,12,0.7,12.31,M,40.00,M,5.0,0907*7B
2021:01:22:12:35:18.142000,1611315318.142,$GPGGA,113517.00,6342.681992,N,01058.742567,E,2,12,0.7,12.34,M,40.00,M,6.0,0907*7A
2021:01:22:12:35:20.142000,1611315320.142,$GPGGA,113519.00,6342.682020,N,01058.742493,E,2,12,0.7,12.27,M,40.00,M,8.0,0907*71
2021:01:22:12:35:21.142000,1611315321.142,$GPGGA,113520.00,6342.682022,N,01058.742532,E,2,12,0.7,12.31,M,40.00,M,9.0,0907*75
2021:01:22:12:35:22.142000,1611315322.142,$GPGGA,113521.00,6342.682063,N,01058.742576,E,2,12,0.7,12.30,M,40.00,M,10.0,0907*48
2021:01:22:12:35:23.142000,1611315323.142,$GPGGA,113522.00,6342.682117,N,01058.742590,E,2,12,0.7,12.27,M,40.00,M,11.0,0907*46
2021:01:22:12:35:24.142000,1611315324.142,$GPGGA,113523.00,6342.682095,N,01058.742550,E,2,12,0.7,12.26,M,40.00,M,7.0,0907*76
2021:01:22:12:35:25.142000,1611315325.142,$GPGGA,113524.00,6342.682084,N,01058.742507,E,2,12,0.7,12.28,M,40.00,M,8.0,0907*72
2021:01:22:12:35:26.142000,1611315326.142,$GPGGA,113525.00,6342.682164,N,01058.742591,E,2,12,0.7,12.30,M,40.00,M,4.0,0907*76
2021:01:22:12:35:28.142000,1611315328.142,$GPGGA,113527.00,6342.682195,N,01058.742608,E,2,12,0.7,12.28,M,40.00,M,6.0,0907*72
2021:01:22:12:35:29.142000,1611315329.142,$GPGGA,113528.00,6342.682221,N,01058.742624,E,2,12,0.7,12.31,M,40.00,M,7.0,0907*76
2021:01:22:12:35:30.142000,1611315330.142,$GPGGA,113529.00,6342.682280,N,01058.742634,E,2,12,0.7,12.32,M,40.00,M,8.0,0907*71
2021:01:22:12:35:32.143000,1611315332.143,$GPGGA,113531.00,6342.682319,N,01058.742679,E,2,12,0.7,12.32,M,40.00,M,10.0,0907*49
2021:01:22:12:35:33.143000,1611315333.143,$GPGGA,113532.00,6342.682361,N,01058.742687,E,2,12,0.7,12.30,M,40.00,M,11.0,0907*47
2021:01:22:12:35:34.143000,1611315334.143,$GPGGA,113533.00,6342.682377,N,01058.742661,E,2,12,0.7,12.27,M,40.00,M,6.0,0907*79
2021:01:22:12:35:36.143000,1611315336.143,$GPGGA,113535.00,6342.682456,N,01058.742785,E,2,12,0.7,12.29,M,40.00,M,8.0,0907*70
2021:01:22:12:35:37.143000,1611315337.143,$GPGGA,113536.00,6342.682465,N,01058.742751,E,2,12,0.7,12.27,M,40.00,M,9.0,0907*75
2021:01:22:12:35:38.143000,1611315338.143,$GPGGA,113537.00,6342.682487,N,01058.742744,E,2,12,0.7,12.28,M,40.00,M,10.0,0907*4B
2021:01:22:12:35:40.143000,1611315340.143,$GPGGA,113539.00,6342.682566,N,01058.742858,E,2,12,0.7,12.31,M,40.00,M,12.0,0907*43
2021:01:22:12:35:41.142000,1611315341.142,$GPGGA,113540.00,6342.682591,N,01058.742881,E,2,12,0.7,12.29,M,40.00,M,13.0,0907*49
2021:01:22:12:35:42.142000,1611315342.142,$GPGGA,113541.00,6342.682640,N,01058.742943,E,2,12,0.7,12.32,M,40.00,M,14.0,0907*45
2021:01:22:12:35:43.142000,1611315343.142,$GPGGA,113542.00,6342.682643,N,01058.742908,E,2,12,0.7,12.29,M,40.00,M,8.0,0907*7D
2021:01:22:12:35:44.142000,1611315344.142,$GPGGA,113543.00,6342.682665,N,01058.742943,E,2,12,0.7,12.26,M,40.00,M,9.0,0907*79
2021:01:22:12:35:45.142000,1611315345.142,$GPGGA,113544.00,6342.682717,N,01058.743060,E,2,12,0.7,12.26,M,40.00,M,10.0,0907*4B
2021:01:22:12:35:46.143000,1611315346.143,$GPGGA,113545.00,6342.682733,N,01058.743085,E,2,12,0.7,12.24,M,40.00,M,11.0,0907*44
2021:01:22:12:35:48.143000,1611315348.143,$GPGGA,113547.00,6342.682778,N,01058.743151,E,2,12,0.7,12.22,M,40.00,M,10.0,0907*46
2021:01:22:12:35:49.143000,1611315349.143,$GPGGA,113548.00,6342.682819,N,01058.743180,E,2,12,0.7,12.20,M,40.00,M,11.0,0907*4E
2021:01:22:12:35:50.143000,1611315350.143,$GPGGA,113549.00,6342.682853,N,01058.743284,E,2,12,0.7,12.21,M,40.00,M,12.0,0907*44
2021:01:22:12:35:51.143000,1611315351.143,$GPGGA,113550.00,6342.682891,N,01058.743371,E,2,12,0.7,12.24,M,40.00,M,7.0,0907*78
2021:01:22:12:35:52.143000,1611315352.143,$GPGGA,113551.00,6342.682917,N,01058.743366,E,2,12,0.7,12.23,M,40.00,M,8.0,0907*78
2021:01:22:12:35:53.143000,1611315353.143,$GPGGA,113552.00,6342.682941,N,01058.743404,E,2,12,0.7,12.28,M,40.00,M,4.0,0907*7C
2021:01:22:12:35:54.143000,1611315354.143,$GPGGA,113553.00,6342.682985,N,01058.743501,E,2,12,0.7,12.31,M,40.00,M,5.0,0907*78
2021:01:22:12:35:55.143000,1611315355.143,$GPGGA,113554.00,6342.683012,N,01058.743534,E,2,12,0.7,12.29,M,40.00,M,6.0,0907*75
2021:01:22:12:35:56.143000,1611315356.143,$GPGGA,113555.00,6342.683030,N,01058.743624,E,2,12,0.7,12.33,M,40.00,M,7.0,0907*7C
2021:01:22:12:35:57.143000,1611315357.143,$GPGGA,113556.00,6342.683069,N,01058.743793,E,2,12,0.7,12.38,M,40.00,M,8.0,0907*7A
2021:01:22:12:35:58.143000,1611315358.143,$GPGGA,113557.00,6342.683096,N,01058.743802,E,2,12,0.7,12.35,M,40.00,M,9.0,0907*70
2021:01:22:12:35:59.143000,1611315359.143,$GPGGA,113558.00,6342.683095,N,01058.743808,E,2,12,0.7,12.35,M,40.00,M,10.0,0907*4E
2021:01:22:12:36:00.143000,1611315360.143,$GPGGA,113559.00,6342.683102,N,01058.743950,E,2,12,0.7,12.39,M,40.00,M,11.0,0907*41
2021:01:22:12:36:01.144000,1611315361.144,$GPGGA,113600.00,6342.683125,N,01058.744040,E,2,12,0.7,12.35,M,40.00,M,7.0,0907*7F
2021:01:22:12:36:02.144000,1611315362.144,$GPGGA,113601.00,6342.683151,N,01058.744096,E,2,12,0.7,12.32,M,40.00,M,8.0,0907*7E
2021:01:22:12:36:03.144000,1611315363.144,$GPGGA,113602.00,6342.683143,N,01058.744144,E,2,12,0.7,12.33,M,40.00,M,9.0,0907*70
2021:01:22:12:36:04.144000,1611315364.144,$GPGGA,113603.00,6342.683137,N,01058.744186,E,2,12,0.7,12.35,M,40.00,M,10.0,0907*42
2021:01:22:12:36:05.144000,1611315365.144,$GPGGA,113604.00,6342.683161,N,01058.744213,E,2,12,0.7,12.34,M,40.00,M,11.0,0907*49
2021:01:22:12:36:06.144000,1611315366.144,$GPGGA,113605.00,6342.683174,N,01058.744224,E,2,12,0.7,12.31,M,40.00,M,12.0,0907*4E
2021:01:22:12:36:07.144000,1611315367.144,$GPGGA,113606.00,6342.683154,N,01058.744284,E,2,12,0.7,12.30,M,40.00,M,7.0,0907*70
2021:01:22:12:36:08.144000,1611315368.144,$GPGGA,113607.00,6342.683149,N,01058.744288,E,2,12,0.7,12.30,M,40.00,M,8.0,0907*7E
2021:01:22:12:36:09.144000,1611315369.144,$GPGGA,113608.00,6342.683177,N,01058.744284,E,2,12,0.7,12.27,M,40.00,M,9.0,0907*77
2021:01:22:12:36:10.143000,1611315370.143,$GPGGA,113609.00,6342.683186,N,01058.744293,E,2,12,0.7,12.27,M,40.00,M,10.0,0907*46
2021:01:22:12:36:11.143000,1611315371.143,$GPGGA,113610.00,6342.683169,N,01058.744275,E,2,12,0.7,12.27,M,40.00,M,11.0,0907*46
2021:01:22:12:36:12.143000,1611315372.143,$GPGGA,113611.00,6342.683187,N,01058.744302,E,2,12,0.7,12.28,M,40.00,M,12.0,0907*4A
2021:01:22:12:36:13.143000,1611315373.143,$GPGGA,113612.00,6342.683212,N,01058.744297,E,2,12,0.7,12.27,M,40.00,M,13.0,0907*45
2021:01:22:12:36:14.144000,1611315374.144,$GPGGA,113613.00,6342.683214,N,01058.744258,E,2,12,0.7,12.27,M,40.00,M,14.0,0907*46
2021:01:22:12:36:15.144000,1611315375.144,$GPGGA,113614.00,6342.683211,N,01058.744207,E,2,12,0.7,12.25,M,40.00,M,15.0,0907*4D
2021:01:22:12:36:16.144000,1611315376.144,$GPGGA,113615.00,6342.683203,N,01058.744151,E,2,12,0.7,12.26,M,40.00,M,16.0,0907*4F
2021:01:22:12:36:18.144000,1611315378.144,$GPGGA,113617.00,6342.683221,N,01058.744124,E,2,12,0.7,12.24,M,40.00,M,13.0,0907*48
2021:01:22:12:36:19.144000,1611315379.144,$GPGGA,113618.00,6342.683199,N,01058.744071,E,2,12,0.7,12.25,M,40.00,M,14.0,0907*40
2021:01:22:12:36:20.144000,1611315380.144,$GPGGA,113619.00,6342.683172,N,01058.743977,E,2,12,0.7,12.27,M,40.00,M,15.0,0907*4F
2021:01:22:12:36:22.144000,1611315382.144,$GPGGA,113621.00,6342.683143,N,01058.743772,E,2,12,0.7,12.24,M,40.00,M,12.0,0907*49
2021:01:22:12:36:23.144000,1611315383.144,$GPGGA,113622.00,6342.683116,N,01058.743782,E,2,12,0.7,12.27,M,40.00,M,13.0,0907*47
2021:01:22:12:36:24.144000,1611315384.144,$GPGGA,113623.00,6342.683130,N,01058.743739,E,2,12,0.7,12.25,M,40.00,M,9.0,0907*7B
2021:01:22:12:36:26.144000,1611315386.144,$GPGGA,113625.00,6342.683040,N,01058.743535,E,2,12,0.7,12.29,M,40.00,M,11.0,0907*40
2021:01:22:12:36:27.144000,1611315387.144,$GPGGA,113626.00,6342.683027,N,01058.743453,E,2,12,0.7,12.29,M,40.00,M,6.0,0907*75
2021:01:22:12:36:28.144000,1611315388.144,$GPGGA,113627.00,6342.682999,N,01058.743406,E,2,12,0.7,12.27,M,40.00,M,7.0,0907*76
2021:01:22:12:36:30.145000,1611315390.145,$GPGGA,113629.00,6342.682946,N,01058.743369,E,2,12,0.7,12.33,M,40.00,M,4.0,0907*72
2021:01:22:12:36:31.145000,1611315391.145,$GPGGA,113630.00,6342.682918,N,01058.743289,E,2,12,0.7,12.31,M,40.00,M,5.0,0907*7D
2021:01:22:12:36:32.145000,1611315392.145,$GPGGA,113631.00,6342.682876,N,01058.743203,E,2,12,0.7,12.27,M,40.00,M,6.0,0907*73
2021:01:22:12:36:33.145000,1611315393.145,$GPGGA,113632.00,6342.682847,N,01058.743201,E,2,12,0.7,12.30,M,40.00,M,7.0,0907*77
2021:01:22:12:36:34.145000,1611315394.145,$GPGGA,113633.00,6342.682834,N,01058.743213,E,2,12,0.7,12.34,M,40.00,M,8.0,0907*7A
2021:01:22:12:36:35.145000,1611315395.145,$GPGGA,113634.00,6342.682824,N,01058.743104,E,2,12,0.7,12.27,M,40.00,M,9.0,0907*7A
2021:01:22:12:36:36.145000,1611315396.145,$GPGGA,113635.00,6342.682774,N,01058.742992,E,2,12,0.7,12.26,M,40.00,M,10.0,0907*4E
2021:01:22:12:36:38.145000,1611315398.145,$GPGGA,113637.00,6342.682760,N,01058.743019,E,2,12,0.7,12.32,M,40.00,M,6.0,0907*70
2021:01:22:12:36:39.145000,1611315399.145,$GPGGA,113638.00,6342.682754,N,01058.742904,E,2,12,0.7,12.24,M,40.00,M,7.0,0907*7A
2021:01:22:12:36:40.145000,1611315400.145,$GPGGA,113639.00,6342.682725,N,01058.742914,E,2,12,0.7,12.29,M,40.00,M,8.0,0907*7E
2021:01:22:12:36:42.144000,1611315402.144,$GPGGA,113641.00,6342.682730,N,01058.742863,E,2,12,0.7,12.28,M,40.00,M,10.0,0907*4C
2021:01:22:12:36:43.144000,1611315403.144,$GPGGA,113642.00,6342.682724,N,01058.742826,E,2,12,0.7,12.29,M,40.00,M,11.0,0907*4B
2021:01:22:12:36:44.144000,1611315404.144,$GPGGA,113643.00,6342.682697,N,01058.742796,E,2,12,0.7,12.32,M,40.00,M,7.0,0907*7A
2021:01:22:12:36:46.145000,1611315406.145,$GPGGA,113645.00,6342.682725,N,01058.742772,E,2,12,0.7,12.28,M,40.00,M,9.0,0907*7B
2021:01:22:12:36:47.145000,1611315407.145,$GPGGA,113646.00,6342.682713,N,01058.742738,E,2,12,0.7,12.29,M,40.00,M,10.0,0907*4A
2021:01:22:12:36:48.145000,1611315408.145,$GPGGA,113647.00,6342.682699,N,01058.742755,E,2,12,0.7,12.32,M,40.00,M,6.0,0907*7E
2021:01:22:12:36:50.145000,1611315410.145,$GPGGA,113649.00,6342.682720,N,01058.742676,E,2,12,0.7,12.25,M,40.00,M,8.0,0907*7B
2021:01:22:12:36:51.145000,1611315411.145,$GPGGA,113650.00,6342.682714,N,01058.742704,E,2,12,0.7,12.28,M,40.00,M,9.0,0907*7C
2021:01:22:12:36:52.145000,1611315412.145,$GPGGA,113651.00,6342.682735,N,01058.742766,E,2,12,0.7,12.30,M,40.00,M,10.0,0907*4B
2021:01:22:12:36:53.145000,1611315413.145,$GPGGA,113652.00,6342.682743,N,01058.742700,E,2,12,0.7,12.26,M,40.00,M,11.0,0907*4F
2021:01:22:12:36:54.145000,1611315414.145,$GPGGA,113653.00,6342.682723,N,01058.742619,E,2,12,0.7,12.20,M,40.00,M,6.0,0907*71
2021:01:22:12:36:55.145000,1611315415.145,$GPGGA,113654.00,6342.682754,N,01058.742723,E,2,12,0.7,12.25,M,40.00,M,7.0,0907*7A
2021:01:22:12:36:56.145000,1611315416.145,$GPGGA,113655.00,6342.682767,N,01058.742750,E,2,12,0.7,12.24,M,40.00,M,8.0,0907*71
2021:01:22:12:36:57.145000,1611315417.145,$GPGGA,113656.00,6342.682760,N,01058.742643,E,2,12,0.7,12.19,M,40.00,M,9.0,0907*79
2021:01:22:12:36:58.145000,1611315418.145,$GPGGA,113657.00,6342.682761,N,01058.742623,E,2,12,0.7,12.20,M,40.00,M,10.0,0907*4D
2021:01:22:12:36:59.145000,1611315419.145,$GPGGA,113658.00,6342.682785,N,01058.742698,E,2,12,0.7,12.24,M,40.00,M,11.0,0907*4D
2021:01:22:12:37:00.146000,1611315420.146,$GPGGA,113659.00,6342.682818,N,01058.742756,E,2,12,0.7,12.22,M,40.00,M,12.0,0907*41
2021:01:22:12:37:01.146000,1611315421.146,$GPGGA,113700.00,6342.682833,N,01058.742747,E,2,12,0.7,12.19,M,40.00,M,8.0,0907*76
2021:01:22:12:37:02.146000,1611315422.146,$GPGGA,113701.00,6342.682833,N,01058.742748,E,2,12,0.7,12.19,M,40.00,M,9.0,0907*79
2021:01:22:12:37:03.146000,1611315423.146,$GPGGA,113702.00,6342.682871,N,01058.742813,E,2,12,0.7,12.23,M,40.00,M,10.0,0907*4C
2021:01:22:12:37:04.146000,1611315424.146,$GPGGA,113703.00,6342.682903,N,01058.742822,E,2,12,0.7,12.23,M,40.00,M,6.0,0907*7C
2021:01:22:12:37:05.146000,1611315425.146,$GPGGA,113704.00,6342.682918,N,01058.742801,E,2,12,0.7,12.20,M,40.00,M,7.0,0907*72
2021:01:22:12:37:06.146000,1611315426.146,$GPGGA,113705.00,6342.682947,N,01058.742859,E,2,12,0.7,12.22,M,40.00,M,8.0,0907*79
2021:01:22:12:37:07.146000,1611315427.146,$GPGGA,113706.00,6342.682984,N,01058.742931,E,2,12,0.7,12.25,M,40.00,M,4.0,0907*71
2021:01:22:12:37:08.146000,1611315428.146,$GPGGA,113707.00,6342.683021,N,01058.742927,E,2,12,0.7,12.25,M,40.00,M,5.0,0907*71
2021:01:22:12:37:09.146000,1611315429.146,$GPGGA,113708.00,6342.683034,N,01058.742908,E,2,12,0.7,12.25,M,40.00,M,6.0,0907*74
2021:01:22:12:37:10.146000,1611315430.146,$GPGGA,113709.00,6342.683047,N,01058.742940,E,2,12,0.7,12.27,M,40.00,M,7.0,0907*7E
2021:01:22:12:37:11.146000,1611315431.146,$GPGGA,113710.00,6342.683079,N,01058.742953,E,2,12,0.7,12.25,M,40.00,M,8.0,0907*74
2021:01:22:12:37:12.145000,1611315432.145,$GPGGA,113711.00,6342.683115,N,01058.742984,E,2,12,0.7,12.27,M,40.00,M,9.0,0907*77
2021:01:22:12:37:13.145000,1611315433.145,$GPGGA,113712.00,6342.683136,N,01058.743024,E,2,12,0.7,12.27,M,40.00,M,10.0,0907*4F
2021:01:22:12:37:14.145000,1611315434.145,$GPGGA,113713.00,6342.683152,N,01058.743021,E,2,12,0.7,12.26,M,40.00,M,11.0,0907*49
2021:01:22:12:37:15.146000,1611315435.146,$GPGGA,113714.00,6342.683170,N,01058.743050,E,2,12,0.7,12.28,M,40.00,M,12.0,0907*45
2021:01:22:12:37:16.146000,1611315436.146,$GPGGA,113715.00,6342.683216,N,01058.743095,E,2,12,0.7,12.28,M,40.00,M,13.0,0907*4F
2021:01:22:12:37:17.146000,1611315437.146,$GPGGA,113716.00,6342.683242,N,01058.743102,E,2,12,0.7,12.26,M,40.00,M,8.0,0907*76
2021:01:22:12:37:18.146000,1611315438.146,$GPGGA,113717.00,6342.683219,N,01058.743067,E,2,12,0.7,12.27,M,40.00,M,9.0,0907*7B
2021:01:22:12:37:20.146000,1611315440.146,$GPGGA,113719.00,6342.683272,N,01058.743091,E,2,12,0.7,12.27,M,40.00,M,11.0,0907*48
2021:01:22:12:37:21.146000,1611315441.146,$GPGGA,113720.00,6342.683270,N,01058.743126,E,2,12,0.7,12.30,M,40.00,M,12.0,0907*48
2021:01:22:12:37:22.146000,1611315442.146,$GPGGA,113721.00,6342.683247,N,01058.743074,E,2,12,0.7,12.26,M,40.00,M,13.0,0907*4D
2021:01:22:12:37:24.146000,1611315444.146,$GPGGA,113723.00,6342.683245,N,01058.743113,E,2,12,0.7,12.29,M,40.00,M,15.0,0907*44
2021:01:22:12:37:25.146000,1611315445.146,$GPGGA,113724.00,6342.683233,N,01058.743142,E,2,12,0.7,12.27,M,40.00,M,11.0,0907*4C
2021:01:22:12:37:26.146000,1611315446.146,$GPGGA,113725.00,6342.683195,N,01058.743108,E,2,12,0.7,12.24,M,40.00,M,12.0,0907*4C
2021:01:22:12:37:28.146000,1611315448.146,$GPGGA,113727.00,6342.683154,N,01058.743103,E,2,12,0.7,12.26,M,40.00,M,8.0,0907*71
2021:01:22:12:37:29.146000,1611315449.146,$GPGGA,113728.00,6342.683120,N,01058.743132,E,2,12,0.7,12.28,M,40.00,M,9.0,0907*70
2021:01:22:12:37:30.147000,1611315450.147,$GPGGA,113729.00,6342.683095,N,01058.743174,E,2,12,0.7,12.28,M,40.00,M,10.0,0907*44
2021:01:22:12:37:32.147000,1611315452.147,$GPGGA,113731.00,6342.683047,N,01058.743130,E,2,12,0.7,12.27,M,40.00,M,7.0,0907*7B
2021:01:22:12:37:33.147000,1611315453.147,$GPGGA,113732.00,6342.683021,N,01058.743187,E,2,12,0.7,12.30,M,40.00,M,8.0,0907*7D
2021:01:22:12:37:34.147000,1611315454.147,$GPGGA,113733.00,6342.683003,N,01058.743221,E,2,12,0.7,12.30,M,40.00,M,9.0,0907*72
2021:01:22:12:37:36.147000,1611315456.147,$GPGGA,113735.00,6342.682928,N,01058.743090,E,2,12,0.7,12.27,M,40.00,M,6.0,0907*74
2021:01:22:12:37:37.147000,1611315457.147,$GPGGA,113736.00,6342.682922,N,01058.743160,E,2,12,0.7,12.33,M,40.00,M,7.0,0907*77
2021:01:22:12:37:38.147000,1611315458.147,$GPGGA,113737.00,6342.682903,N,01058.743130,E,2,12,0.7,12.28,M,40.00,M,8.0,0907*75
2021:01:22:12:37:40.147000,1611315460.147,$GPGGA,113739.00,6342.682834,N,01058.743017,E,2,12,0.7,12.28,M,40.00,M,10.0,0907*43
2021:01:22:12:37:41.147000,1611315461.147,$GPGGA,113740.00,6342.682848,N,01058.743084,E,2,12,0.7,12.30,M,40.00,M,6.0,0907*72
2021:01:22:12:37:42.146000,1611315462.146,$GPGGA,113741.00,6342.682835,N,01058.743081,E,2,12,0.7,12.27,M,40.00,M,7.0,0907*7B
2021:01:22:12:37:44.146000,1611315464.146,$GPGGA,113743.00,6342.682794,N,01058.743047,E,2,12,0.7,12.26,M,40.00,M,9.0,0907*78
2021:01:22:12:37:45.147000,1611315465.147,$GPGGA,113744.00,6342.682797,N,01058.743093,E,2,12,0.7,12.28,M,40.00,M,10.0,0907*43
2021:01:22:12:37:46.147000,1611315466.147,$GPGGA,113745.00,6342.682791,N,01058.743069,E,2,12,0.7,12.27,M,40.00,M,11.0,0907*4F
2021:01:22:12:37:48.147000,1611315468.147,$GPGGA,113747.00,6342.682799,N,01058.743185,E,2,12,0.7,12.29,M,40.00,M,7.0,0907*7F
2021:01:22:12:37:49.147000,1611315469.147,$GPGGA,113748.00,6342.682788,N,01058.743130,E,2,12,0.7,12.27,M,40.00,M,8.0,0907*7F
2021:01:22:12:37:50.147000,1611315470.147,$GPGGA,113749.00,6342.682783,N,01058.743078,E,2,12,0.7,12.26,M,40.00,M,9.0,0907*78
2021:01:22:12:37:52.147000,1611315472.147,$GPGGA,113751.00,6342.682801,N,01058.743207,E,2,12,0.7,12.29,M,40.00,M,11.0,0907*48
2021:01:22:12:37:53.147000,1611315473.147,$GPGGA,113752.00,6342.682783,N,01058.743110,E,2,12,0.7,12.26,M,40.00,M,12.0,0907*47
2021:01:22:12:37:54.147000,1611315474.147,$GPGGA,113753.00,6342.682768,N,01058.743070,E,2,12,0.7,12.26,M,40.00,M,8.0,0907*7F
2021:01:22:12:37:55.147000,1611315475.147,$GPGGA,113754.00,6342.682792,N,01058.743088,E,2,12,0.7,12.28,M,40.00,M,9.0,0907*75
2021:01:22:12:37:56.147000,1611315476.147,$GPGGA,113755.00,6342.682793,N,01058.743096,E,2,12,0.7,12.26,M,40.00,M,10.0,0907*4C
2021:01:22:12:37:57.147000,1611315477.147,$GPGGA,113756.00,6342.682770,N,01058.743072,E,2,12,0.7,12.26,M,40.00,M,11.0,0907*49
2021:01:22:12:37:58.147000,1611315478.147,$GPGGA,113757.00,6342.682782,N,01058.743026,E,2,12,0.7,12.24,M,40.00,M,7.0,0907*71
2021:01:22:12:37:59.148000,1611315479.148,$GPGGA,113758.00,6342.682781,N,01058.742922,E,2,12,0.7,12.24,M,40.00,M,8.0,0907*7E
2021:01:22:12:38:00.148000,1611315480.148,$GPGGA,113759.00,6342.682756,N,01058.742850,E,2,12,0.7,12.23,M,40.00,M,9.0,0907*77
2021:01:22:12:38:01.148000,1611315481.148,$GPGGA,113800.00,6342.682750,N,01058.742874,E,2,12,0.7,12.24,M,40.00,M,10.0,0907*4B
2021:01:22:12:38:02.148000,1611315482.148,$GPGGA,113801.00,6342.682742,N,01058.742800,E,2,12,0.7,12.24,M,40.00,M,5.0,0907*7E
2021:01:22:12:38:03.148000,1611315483.148,$GPGGA,113802.00,6342.682735,N,01058.742686,E,2,12,0.7,12.20,M,40.00,M,6.0,0907*7A
2021:01:22:12:38:04.148000,1611315484.148,$GPGGA,113803.00,6342.682720,N,01058.742667,E,2,12,0.7,12.22,M,40.00,M,7.0,0907*73
2021:01:22:12:38:05.148000,1611315485.148,$GPGGA,113804.00,6342.682663,N,01058.742586,E,2,12,0.7,12.23,M,40.00,M,8.0,0907*70
2021:01:22:12:38:06.148000,1611315486.148,$GPGGA,113805.00,6342.682643,N,01058.742546,E,2,12,0.7,12.21,M,40.00,M,9.0,0907*7C
2021:01:22:12:38:07.148000,1611315487.148,$GPGGA,113806.00,6342.682665,N,01058.742586,E,2,12,0.7,12.19,M,40.00,M,10.0,0907*44
2021:01:22:12:38:08.148000,1611315488.148,$GPGGA,113807.00,6342.682620,N,01058.742527,E,2,12,0.7,12.17,M,40.00,M,11.0,0907*40
2021:01:22:12:38:09.148000,1611315489.148,$GPGGA,113808.00,6342.682580,N,01058.742537,E,2,12,0.7,12.18,M,40.00,M,12.0,0907*4B
2021:01:22:12:38:10.148000,1611315490.148,$GPGGA,113809.00,6342.682570,N,01058.742592,E,2,12,0.7,12.18,M,40.00,M,13.0,0907*4B
2021:01:22:12:38:11.148000,1611315491.148,$GPGGA,113810.00,6342.682552,N,01058.742584,E,2,12,0.7,12.16,M,40.00,M,14.0,0907*4D
2021:01:22:12:38:12.148000,1611315492.148,$GPGGA,113811.00,6342.682528,N,01058.742580,E,2,12,0.7,12.17,M,40.00,M,9.0,0907*78
2021:01:22:12:38:13.148000,1611315493.148,$GPGGA,113812.00,6342.682494,N,01058.742599,E,2,12,0.7,12.20,M,40.00,M,10.0,0907*49
2021:01:22:12:38:14.148000,1611315494.148,$GPGGA,113813.00,6342.682463,N,01058.742592,E,2,12,0.7,12.21,M,40.00,M,11.0,0907*4B
2021:01:22:12:38:15.148000,1611315495.148,$GPGGA,113814.00,6342.682458,N,01058.742603,E,2,12,0.7,12.21,M,40.00,M,7.0,0907*78
2021:01:22:12:38:16.148000,1611315496.148,$GPGGA,113815.00,6342.682431,N,01058.742609,E,2,12,0.7,12.19,M,40.00,M,8.0,0907*78
2021:01:22:12:38:17.148000,1611315497.148,$GPGGA,113816.00,6342.682405,N,01058.742612,E,2,12,0.7,12.20,M,40.00,M,9.0,0907*7D
2021:01:22:12:38:18.148000,1611315498.148,$GPGGA,113817.00,6342.682396,N,01058.742672,E,2,12,0.7,12.22,M,40.00,M,10.0,0907*4D
2021:01:22:12:38:19.148000,1611315499.148,$GPGGA,113818.00,6342.682385,N,01058.742633,E,2,12,0.7,12.21,M,40.00,M,11.0,0907*47
2021:01:22:12:38:20.148000,1611315500.148,$GPGGA,113819.00,6342.682360,N,01058.742609,E,2,12,0.7,12.19,M,40.00,M,12.0,0907*4C
2021:01:22:12:38:21.148000,1611315501.148,$GPGGA,113820.00,6342.682346,N,01058.742646,E,2,12,0.7,12.23,M,40.00,M,13.0,0907*41
2021:01:22:12:38:22.148000,1611315502.148,$GPGGA,113821.00,6342.682361,N,01058.742672,E,2,12,0.7,12.25,M,40.00,M,9.0,0907*7F
2021:01:22:12:38:23.148000,1611315503.148,$GPGGA,113822.00,6342.682357,N,01058.742697,E,2,12,0.7,12.25,M,40.00,M,10.0,0907*4A
2021:01:22:12:38:24.148000,1611315504.148,$GPGGA,113823.00,6342.682331,N,01058.742713,E,2,12,0.7,12.24,M,40.00,M,11.0,0907*46
2021:01:22:12:38:26.148000,1611315506.148,$GPGGA,113825.00,6342.682350,N,01058.742796,E,2,12,0.7,12.27,M,40.00,M,13.0,0907*4B
2021:01:22:12:38:27.148000,1611315507.148,$GPGGA,113826.00,6342.682340,N,01058.742814,E,2,12,0.7,12.25,M,40.00,M,14.0,0907*49
2021:01:22:12:38:28.149000,1611315508.149,$GPGGA,113827.00,6342.682364,N,01058.742855,E,2,12,0.7,12.25,M,40.00,M,5.0,0907*7B
2021:01:22:12:38:30.149000,1611315510.149,$GPGGA,113829.00,6342.682350,N,01058.742954,E,2,12,0.7,12.30,M,40.00,M,7.0,0907*74
2021:01:22:12:38:31.149000,1611315511.149,$GPGGA,113830.00,6342.682381,N,01058.742961,E,2,12,0.7,12.26,M,40.00,M,8.0,0907*7E
2021:01:22:12:38:32.149000,1611315512.149,$GPGGA,113831.00,6342.682408,N,01058.742985,E,2,12,0.7,12.28,M,40.00,M,9.0,0907*7C
2021:01:22:12:38:34.149000,1611315514.149,$GPGGA,113833.00,6342.682401,N,01058.743085,E,2,12,0.7,12.31,M,40.00,M,11.0,0907*4E
2021:01:22:12:38:35.149000,1611315515.149,$GPGGA,113834.00,6342.682428,N,01058.743065,E,2,12,0.7,12.28,M,40.00,M,6.0,0907*72
2021:01:22:12:38:36.149000,1611315516.149,$GPGGA,113835.00,6342.682420,N,01058.743002,E,2,12,0.7,12.27,M,40.00,M,7.0,0907*74
2021:01:22:12:38:37.149000,1611315517.149,$GPGGA,113836.00,6342.682427,N,01058.743086,E,2,12,0.7,12.34,M,40.00,M,8.0,0907*71
2021:01:22:12:38:38.149000,1611315518.149,$GPGGA,113837.00,6342.682467,N,01058.743184,E,2,12,0.7,12.33,M,40.00,M,9.0,0907*71
2021:01:22:12:38:39.149000,1611315519.149,$GPGGA,113838.00,6342.682487,N,01058.743119,E,2,12,0.7,12.27,M,40.00,M,10.0,0907*49
2021:01:22:12:38:40.149000,1611315520.149,$GPGGA,113839.00,6342.682485,N,01058.743110,E,2,12,0.7,12.27,M,40.00,M,11.0,0907*42
2021:01:22:12:38:41.149000,1611315521.149,$GPGGA,113840.00,6342.682500,N,01058.743152,E,2,12,0.7,12.31,M,40.00,M,7.0,0907*76
2021:01:22:12:38:42.149000,1611315522.149,$GPGGA,113841.00,6342.682533,N,01058.743138,E,2,12,0.7,12.29,M,40.00,M,8.0,0907*7D
2021:01:22:12:38:43.149000,1611315523.149,$GPGGA,113842.00,6342.682560,N,01058.743183,E,2,12,0.7,12.29,M,40.00,M,9.0,0907*79
2021:01:22:12:38:44.149000,1611315524.149,$GPGGA,113843.00,6342.682582,N,01058.743224,E,2,12,0.7,12.31,M,40.00,M,10.0,0907*4B
2021:01:22:12:38:46.149000,1611315526.149,$GPGGA,113845.00,6342.682611,N,01058.743181,E,2,12,0.7,12.30,M,40.00,M,6.0,0907*7E
2021:01:22:12:38:47.149000,1611315527.149,$GPGGA,113846.00,6342.682631,N,01058.743254,E,2,12,0.7,12.34,M,40.00,M,7.0,0907*71
2021:01:22:12:38:48.149000,1611315528.149,$GPGGA,113847.00,6342.682694,N,01058.743273,E,2,12,0.7,12.33,M,40.00,M,8.0,0907*72
2021:01:22:12:38:50.149000,1611315530.149,$GPGGA,113849.00,6342.682673,N,01058.743216,E,2,12,0.7,12.31,M,40.00,M,10.0,0907*4D
2021:01:22:12:38:51.149000,1611315531.149,$GPGGA,113850.00,6342.682727,N,01058.743289,E,2,12,0.7,12.33,M,40.00,M,11.0,0907*40
2021:01:22:12:38:52.149000,1611315532.149,$GPGGA,113851.00,6342.682763,N,01058.743304,E,2,12,0.7,12.28,M,40.00,M,7.0,0907*78
2021:01:22:12:38:54.149000,1611315534.149,$GPGGA,113853.00,6342.682768,N,01058.743327,E,2,12,0.7,12.28,M,40.00,M,9.0,0907*7E
2021:01:22:12:38:55.149000,1611315535.149,$GPGGA,113854.00,6342.682810,N,01058.743356,E,2,12,0.7,12.29,M,40.00,M,5.0,0907*72
2021:01:22:12:38:56.149000,1611315536.149,$GPGGA,113855.00,6342.682813,N,01058.743340,E,2,12,0.7,12.26,M,40.00,M,6.0,0907*7B
2021:01:22:12:38:57.150000,1611315537.15,$GPGGA,113856.00,6342.682812,N,01058.743319,E,2,12,0.7,12.25,M,40.00,M,7.0,0907*77
2021:01:22:12:38:58.150000,1611315538.15,$GPGGA,113857.00,6342.682855,N,01058.743371,E,2,12,0.7,12.26,M,40.00,M,8.0,0907*77
2021:01:22:12:38:59.150000,1611315539.15,$GPGGA,113858.00,6342.682883,N,01058.743421,E,2,12,0.7,12.28,M,40.00,M,9.0,0907*7E
2021:01:22:12:39:00.150000,1611315540.15,$GPGGA,113859.00,6342.682885,N,01058.743353,E,2,12,0.7,12.23,M,40.00,M,10.0,0907*48
2021:01:22:12:39:01.150000,1611315541.15,$GPGGA,113900.00,6342.682904,N,01058.743327,E,2,12,0.7,12.23,M,40.00,M,11.0,0907*4F
2021:01:22:12:39:02.150000,1611315542.15,$GPGGA,113901.00,6342.682924,N,01058.743404,E,2,12,0.7,12.28,M,40.00,M,6.0,0907*77
2021:01:22:12:39:03.150000,1611315543.15,$GPGGA,113902.00,6342.682956,N,01058.743426,E,2,12,0.7,12.27,M,40.00,M,7.0,0907*7F
2021:01:22:12:39:04.150000,1611315544.15,$GPGGA,113903.00,6342.682978,N,01058.743390,E,2,12,0.7,12.25,M,40.00,M,8.0,0907*75
2021:01:22:12:39:05.150000,1611315545.15,$GPGGA,113904.00,6342.682974,N,01058.743399,E,2,12,0.7,12.28,M,40.00,M,4.0,0907*76
2021:01:22:12:39:06.150000,1611315546.15,$GPGGA,113905.00,6342.682998,N,01058.743401,E,2,12,0.7,12.30,M,40.00,M,5.0,0907*7B
2021:01:22:12:39:07.150000,1611315547.15,$GPGGA,113906.00,6342.683003,N,01058.743378,E,2,12,0.7,12.27,M,40.00,M,6.0,0907*7E
2021:01:22:12:39:08.150000,1611315548.15,$GPGGA,113907.00,6342.682996,N,01058.743399,E,2,12,0.7,12.28,M,40.00,M,7.0,0907*7A
2021:01:22:12:39:09.150000,1611315549.15,$GPGGA,113908.00,6342.683024,N,01058.743447,E,2,12,0.7,12.30,M,40.00,M,8.0,0907*76
2021:01:22:12:39:10.150000,1611315550.15,$GPGGA,113909.00,6342.683025,N,01058.743444,E,2,12,0.7,12.27,M,40.00,M,9.0,0907*72
2021:01:22:12:39:11.150000,1611315551.15,$GPGGA,113910.00,6342.683007,N,01058.743448,E,2,12,0.7,12.27,M,40.00,M,10.0,0907*4E
2021:01:22:12:39:12.151000,1611315552.151,$GPGGA,113911.00,6342.683023,N,01058.743550,E,2,12,0.7,12.29,M,40.00,M,6.0,0907*78
2021:01:22:12:39:13.150000,1611315553.15,$GPGGA,113912.00,6342.683036,N,01058.743609,E,2,12,0.7,12.28,M,40.00,M,7.0,0907*70
2021:01:22:12:39:14.150000,1611315554.15,$GPGGA,113913.00,6342.683039,N,01058.743640,E,2,12,0.7,12.24,M,40.00,M,8.0,0907*70
2021:01:22:12:39:15.150000,1611315555.15,$GPGGA,113914.00,6342.683005,N,01058.743608,E,2,12,0.7,12.25,M,40.00,M,9.0,0907*74
2021:01:22:12:39:16.150000,1611315556.15,$GPGGA,113915.00,6342.683016,N,01058.743659,E,2,12,0.7,12.28,M,40.00,M,10.0,0907*46
2021:01:22:12:39:17.150000,1611315557.15,$GPGGA,113916.00,6342.683061,N,01058.743799,E,2,12,0.7,12.29,M,40.00,M,11.0,0907*48
2021:01:22:12:39:18.150000,1611315558.15,$GPGGA,113917.00,6342.683037,N,01058.743784,E,2,12,0.7,12.26,M,40.00,M,7.0,0907*7E
2021:01:22:12:39:19.150000,1611315559.15,$GPGGA,113918.00,6342.683000,N,01058.743727,E,2,12,0.7,12.28,M,40.00,M,8.0,0907*7D
2021:01:22:12:39:20.150000,1611315560.15,$GPGGA,113919.00,6342.683021,N,01058.743798,E,2,12,0.7,12.29,M,40.00,M,9.0,0907*7B
2021:01:22:12:39:21.150000,1611315561.15,$GPGGA,113920.00,6342.683034,N,01058.743784,E,2,12,0.7,12.26,M,40.00,M,10.0,0907*4F
2021:01:22:12:39:22.150000,1611315562.15,$GPGGA,113921.00,6342.683006,N,01058.743742,E,2,12,0.7,12.27,M,40.00,M,11.0,0907*45
2021:01:22:12:39:23.150000,1611315563.15,$GPGGA,113922.00,6342.682988,N,01058.743782,E,2,12,0.7,12.31,M,40.00,M,12.0,0907*40
2021:01:22:12:39:24.150000,1611315564.15,$GPGGA,113923.00,6342.683001,N,01058.743813,E,2,12,0.7,12.30,M,40.00,M,13.0,0907*4F
2021:01:22:12:39:25.150000,1611315565.15,$GPGGA,113924.00,6342.682985,N,01058.743765,E,2,12,0.7,12.29,M,40.00,M,14.0,0907*4D
2021:01:22:12:39:26.150000,1611315566.15,$GPGGA,113925.00,6342.682950,N,01058.743719,E,2,12,0.7,12.33,M,40.00,M,10.0,0907*40
2021:01:22:12:39:27.151000,1611315567.151,$GPGGA,113926.00,6342.682942,N,01058.743698,E,2,12,0.7,12.34,M,40.00,M,11.0,0907*4E
2021:01:22:12:39:28.151000,1611315568.151,$GPGGA,113927.00,6342.682936,N,01058.743659,E,2,12,0.7,12.31,M,40.00,M,6.0,0907*72
2021:01:22:12:39:29.151000,1611315569.151,$GPGGA,113928.00,6342.682893,N,01058.743668,E,2,12,0.7,12.34,M,40.00,M,7.0,0907*75
2021:01:22:12:39:30.151000,1611315570.151,$GPGGA,113929.00,6342.682869,N,01058.743670,E,2,12,0.7,12.34,M,40.00,M,8.0,0907*77
2021:01:22:12:39:32.151000,1611315572.151,$GPGGA,113931.00,6342.682862,N,01058.743647,E,2,12,0.7,12.27,M,40.00,M,5.0,0907*7E
2021:01:22:12:39:33.151000,1611315573.151,$GPGGA,113932.00,6342.682824,N,01058.743719,E,2,12,0.7,12.30,M,40.00,M,6.0,0907*70
2021:01:22:12:39:34.151000,1611315574.151,$GPGGA,113933.00,6342.682860,N,01058.743750,E,2,12,0.7,12.28,M,40.00,M,7.0,0907*74
2021:01:22:12:39:35.151000,1611315575.151,$GPGGA,113934.00,6342.682866,N,01058.743752,E,2,12,0.7,12.28,M,40.00,M,8.0,0907*78
2021:01:22:12:39:36.151000,1611315576.151,$GPGGA,113935.00,6342.682814,N,01058.743695,E,2,12,0.7,12.28,M,40.00,M,9.0,0907*77
2021:01:22:12:39:37.151000,1611315577.151,$GPGGA,113936.00,6342.682809,N,01058.743664,E,2,12,0.7,12.26,M,40.00,M,10.0,0907*40
2021:01:22:12:39:38.151000,1611315578.151,$GPGGA,113937.00,6342.682834,N,01058.743818,E,2,12,0.7,12.27,M,40.00,M,11.0,0907*4A
2021:01:22:12:39:40.151000,1611315580.151,$GPGGA,113939.00,6342.682800,N,01058.743915,E,2,12,0.7,12.28,M,40.00,M,8.0,0907*78
2021:01:22:12:39:41.151000,1611315581.151,$GPGGA,113940.00,6342.682802,N,01058.743932,E,2,12,0.7,12.25,M,40.00,M,9.0,0907*7D
2021:01:22:12:39:42.152000,1611315582.152,$GPGGA,113941.00,6342.682786,N,01058.743938,E,2,12,0.7,12.25,M,40.00,M,10.0,0907*4D
2021:01:22:12:39:44.151000,1611315584.151,$GPGGA,113943.00,6342.682791,N,01058.744130,E,2,12,0.7,12.31,M,40.00,M,12.0,0907*49
2021:01:22:12:39:45.151000,1611315585.151,$GPGGA,113944.00,6342.682775,N,01058.744084,E,2,12,0.7,12.26,M,40.00,M,7.0,0907*78
2021:01:22:12:39:46.151000,1611315586.151,$GPGGA,113945.00,6342.682761,N,01058.744087,E,2,12,0.7,12.25,M,40.00,M,8.0,0907*73
2021:01:22:12:39:47.151000,1611315587.151,$GPGGA,113946.00,6342.682751,N,01058.744136,E,2,12,0.7,12.27,M,40.00,M,9.0,0907*7B
2021:01:22:12:39:48.151000,1611315588.151,$GPGGA,113947.00,6342.682744,N,01058.744204,E,2,12,0.7,12.27,M,40.00,M,10.0,0907*44
2021:01:22:12:39:49.151000,1611315589.151,$GPGGA,113948.00,6342.682733,N,01058.744254,E,2,12,0.7,12.25,M,40.00,M,6.0,0907*7B
2021:01:22:12:39:50.151000,1611315590.151,$GPGGA,113949.00,6342.682715,N,01058.744260,E,2,12,0.7,12.28,M,40.00,M,7.0,0907*75
2021:01:22:12:39:52.151000,1611315592.151,$GPGGA,113951.00,6342.682681,N,01058.744229,E,2,12,0.7,12.27,M,40.00,M,9.0,0907*7C
2021:01:22:12:39:53.151000,1611315593.151,$GPGGA,113952.00,6342.682633,N,01058.744210,E,2,12,0.7,12.25,M,40.00,M,10.0,0907*46
2021:01:22:12:39:54.151000,1611315594.151,$GPGGA,113953.00,6342.682625,N,01058.744249,E,2,12,0.7,12.26,M,40.00,M,11.0,0907*4E
2021:01:22:12:39:56.152000,1611315596.152,$GPGGA,113955.00,6342.682595,N,01058.744252,E,2,12,0.7,12.27,M,40.00,M,7.0,0907*7C
2021:01:22:12:39:57.152000,1611315597.152,$GPGGA,113956.00,6342.682540,N,01058.744150,E,2,12,0.7,12.26,M,40.00,M,8.0,0907*78
2021:01:22:12:39:58.152000,1611315598.152,$GPGGA,113957.00,6342.682514,N,01058.744076,E,2,12,0.7,12.27,M,40.00,M,9.0,0907*7D
2021:01:22:12:39:59.152000,1611315599.152,$GPGGA,113958.00,6342.682510,N,01058.744116,E,2,12,0.7,12.29,M,40.00,M,10.0,0907*47
2021:01:22:12:40:00.152000,1611315600.152,$GPGGA,113959.00,6342.682468,N,01058.744070,E,2,12,0.7,12.28,M,40.00,M,11.0,0907*49
2021:01:22:12:40:01.152000,1611315601.152,$GPGGA,114000.00,6342.682433,N,01058.743933,E,2,12,0.7,12.21,M,40.00,M,12.0,0907*46
2021:01:22:12:40:02.152000,1611315602.152,$GPGGA,114001.00,6342.682424,N,01058.743913,E,2,12,0.7,12.26,M,40.00,M,13.0,0907*45
2021:01:22:12:40:03.152000,1611315603.152,$GPGGA,114002.00,6342.682404,N,01058.743897,E,2,12,0.7,12.32,M,40.00,M,8.0,0907*76
2021:01:22:12:40:04.152000,1611315604.152,$GPGGA,114003.00,6342.682383,N,01058.743831,E,2,12,0.7,12.26,M,40.00,M,9.0,0907*77
2021:01:22:12:40:05.152000,1611315605.152,$GPGGA,114004.00,6342.682368,N,01058.743837,E,2,12,0.7,12.25,M,40.00,M,5.0,0907*7C
2021:01:22:12:40:06.152000,1611315606.152,$GPGGA,114005.00,6342.682359,N,01058.743814,E,2,12,0.7,12.29,M,40.00,M,6.0,0907*71
2021:01:22:12:40:07.152000,1611315607.152,$GPGGA,114006.00,6342.682347,N,01058.743748,E,2,12,0.7,12.29,M,40.00,M,7.0,0907*7A
2021:01:22:12:40:08.152000,1611315608.152,$GPGGA,114007.00,6342.682322,N,01058.743712,E,2,12,0.7,12.29,M,40.00,M,8.0,0907*78
2021:01:22:12:40:09.152000,1611315609.152,$GPGGA,114008.00,6342.682332,N,01058.743681,E,2,12,0.7,12.29,M,40.00,M,9.0,0907*7C
2021:01:22:12:40:10.152000,1611315610.152,$GPGGA,114009.00,6342.682333,N,01058.743651,E,2,12,0.7,12.29,M,40.00,M,10.0,0907*49
2021:01:22:12:40:11.153000,1611315611.153,$GPGGA,114010.00,6342.682296,N,01058.743625,E,2,12,0.7,12.30,M,40.00,M,11.0,0907*45
2021:01:22:12:40:12.153000,1611315612.153,$GPGGA,114011.00,6342.682306,N,01058.743597,E,2,12,0.7,12.29,M,40.00,M,12.0,0907*4D
2021:01:22:12:40:13.153000,1611315613.153,$GPGGA,114012.00,6342.682325,N,01058.743566,E,2,12,0.7,12.28,M,40.00,M,8.0,0907*7B
2021:01:22:12:40:14.153000,1611315614.153,$GPGGA,114013.00,6342.682296,N,01058.743540,E,2,12,0.7,12.28,M,40.00,M,9.0,0907*76
2021:01:22:12:40:15.153000,1611315615.153,$GPGGA,114014.00,6342.682272,N,01058.743496,E,2,12,0.7,12.28,M,40.00,M,10.0,0907*49
2021:01:22:12:40:16.152000,1611315616.152,$GPGGA,114015.00,6342.682291,N,01058.743508,E,2,12,0.7,12.28,M,40.00,M,5.0,0907*77
2021:01:22:12:40:17.152000,1611315617.152,$GPGGA,114016.00,6342.682292,N,01058.743475,E,2,12,0.7,12.27,M,40.00,M,6.0,0907*70
2021:01:22:12:40:18.152000,1611315618.152,$GPGGA,114017.00,6342.682272,N,01058.743408,E,2,12,0.7,12.27,M,40.00,M,7.0,0907*74
2021:01:22:12:40:19.152000,1611315619.152,$GPGGA,114018.00,6342.682261,N,01058.743407,E,2,12,0.7,12.30,M,40.00,M,8.0,0907*7F
2021:01:22:12:40:20.152000,1611315620.152,$GPGGA,114019.00,6342.682268,N,01058.743420,E,2,12,0.7,12.31,M,40.00,M,9.0,0907*72
2021:01:22:12:40:21.152000,1611315621.152,$GPGGA,114020.00,6342.682281,N,01058.743388,E,2,12,0.7,12.27,M,40.00,M,10.0,0907*45
2021:01:22:12:40:22.152000,1611315622.152,$GPGGA,114021.00,6342.682264,N,01058.743332,E,2,12,0.7,12.27,M,40.00,M,11.0,0907*4F
2021:01:22:12:40:23.152000,1611315623.152,$GPGGA,114022.00,6342.682231,N,01058.743311,E,2,12,0.7,12.30,M,40.00,M,12.0,0907*48
2021:01:22:12:40:24.152000,1611315624.152,$GPGGA,114023.00,6342.682259,N,01058.743290,E,2,12,0.7,12.28,M,40.00,M,13.0,0907*47
2021:01:22:12:40:25.152000,1611315625.152,$GPGGA,114024.00,6342.682268,N,01058.743259,E,2,12,0.7,12.25,M,40.00,M,14.0,0907*4D
2021:01:22:12:40:26.153000,1611315626.153,$GPGGA,114025.00,6342.682221,N,01058.743229,E,2,12,0.7,12.29,M,40.00,M,15.0,0907*4B
2021:01:22:12:40:27.153000,1611315627.153,$GPGGA,114026.00,6342.682232,N,01058.743223,E,2,12,0.7,12.30,M,40.00,M,16.0,0907*4B
2021:01:22:12:40:28.153000,1611315628.153,$GPGGA,114027.00,6342.682254,N,01058.743183,E,2,12,0.7,12.27,M,40.00,M,17.0,0907*44
2021:01:22:12:40:29.153000,1611315629.153,$GPGGA,114028.00,6342.682237,N,01058.743167,E,2,12,0.7,12.26,M,40.00,M,8.0,0907*7B
2021:01:22:12:40:30.153000,1611315630.153,$GPGGA,114029.00,6342.682218,N,01058.743156,E,2,12,0.7,12.28,M,40.00,M,9.0,0907*7A
2021:01:22:12:40:31.153000,1611315631.153,$GPGGA,114030.00,6342.682239,N,01058.743132,E,2,12,0.7,12.28,M,40.00,M,10.0,0907*4B
2021:01:22:12:40:32.153000,1611315632.153,$GPGGA,114031.00,6342.682230,N,01058.743091,E,2,12,0.7,12.28,M,40.00,M,6.0,0907*7C
2021:01:22:12:40:34.153000,1611315634.153,$GPGGA,114033.00,6342.682218,N,01058.743068,E,2,12,0.7,12.26,M,40.00,M,8.0,0907*72
2021:01:22:12:40:35.153000,1611315635.153,$GPGGA,114034.00,6342.682224,N,01058.743076,E,2,12,0.7,12.27,M,40.00,M,9.0,0907*75
2021:01:22:12:40:36.153000,1611315636.153,$GPGGA,114035.00,6342.682203,N,01058.743074,E,2,12,0.7,12.28,M,40.00,M,10.0,0907*44
2021:01:22:12:40:37.153000,1611315637.153,$GPGGA,114036.00,6342.682202,N,01058.743022,E,2,12,0.7,12.26,M,40.00,M,11.0,0907*4A
2021:01:22:12:40:38.153000,1611315638.153,$GPGGA,114037.00,6342.682219,N,01058.742983,E,2,12,0.7,12.26,M,40.00,M,12.0,0907*41
2021:01:22:12:40:39.153000,1611315639.153,$GPGGA,114038.00,6342.682198,N,01058.743025,E,2,12,0.7,12.30,M,40.00,M,13.0,0907*46
2021:01:22:12:40:40.153000,1611315640.153,$GPGGA,114039.00,6342.682178,N,01058.742986,E,2,12,0.7,12.28,M,40.00,M,8.0,0907*7B
2021:01:22:12:40:42.154000,1611315642.154,$GPGGA,114041.00,6342.682201,N,01058.742921,E,2,12,0.7,12.23,M,40.00,M,5.0,0907*72
2021:01:22:12:40:43.154000,1611315643.154,$GPGGA,114042.00,6342.682196,N,01058.742997,E,2,12,0.7,12.28,M,40.00,M,6.0,0907*79
2021:01:22:12:40:44.154000,1611315644.154,$GPGGA,114043.00,6342.682205,N,01058.743028,E,2,12,0.7,12.29,M,40.00,M,7.0,0907*7D
2021:01:22:12:40:46.153000,1611315646.153,$GPGGA,114045.00,6342.682209,N,01058.742893,E,2,12,0.7,12.25,M,40.00,M,9.0,0907*7C
2021:01:22:12:40:47.153000,1611315647.153,$GPGGA,114046.00,6342.682204,N,01058.742985,E,2,12,0.7,12.30,M,40.00,M,10.0,0907*48
2021:01:22:12:40:48.153000,1611315648.153,$GPGGA,114047.00,6342.682225,N,01058.742950,E,2,12,0.7,12.25,M,40.00,M,11.0,0907*47
2021:01:22:12:40:50.153000,1611315650.153,$GPGGA,114049.00,6342.682257,N,01058.742967,E,2,12,0.7,12.28,M,40.00,M,8.0,0907*7D
2021:01:22:12:40:51.153000,1611315651.153,$GPGGA,114050.00,6342.682265,N,01058.743018,E,2,12,0.7,12.31,M,40.00,M,9.0,0907*7D
2021:01:22:12:40:52.153000,1611315652.153,$GPGGA,114051.00,6342.682309,N,01058.743029,E,2,12,0.7,12.27,M,40.00,M,10.0,0907*4A
2021:01:22:12:40:54.153000,1611315654.153,$GPGGA,114053.00,6342.682336,N,01058.743054,E,2,12,0.7,12.29,M,40.00,M,7.0,0907*76
2021:01:22:12:40:55.154000,1611315655.154,$GPGGA,114054.00,6342.682358,N,01058.743118,E,2,12,0.7,12.32,M,40.00,M,8.0,0907*75
2021:01:22:12:40:56.154000,1611315656.154,$GPGGA,114055.00,6342.682404,N,01058.743168,E,2,12,0.7,12.30,M,40.00,M,9.0,0907*7E
2021:01:22:12:40:57.154000,1611315657.154,$GPGGA,114056.00,6342.682428,N,01058.743156,E,2,12,0.7,12.26,M,40.00,M,10.0,0907*41
2021:01:22:12:40:58.154000,1611315658.154,$GPGGA,114057.00,6342.682443,N,01058.743180,E,2,12,0.7,12.28,M,40.00,M,11.0,0907*49
2021:01:22:12:40:59.154000,1611315659.154,$GPGGA,114058.00,6342.682482,N,01058.743375,E,2,12,0.7,12.35,M,40.00,M,6.0,0907*79
2021:01:22:12:41:00.154000,1611315660.154,$GPGGA,114059.00,6342.682523,N,01058.743468,E,2,12,0.7,12.34,M,40.00,M,7.0,0907*79
2021:01:22:12:41:01.154000,1611315661.154,$GPGGA,114100.00,6342.682540,N,01058.743380,E,2,12,0.7,12.24,M,40.00,M,8.0,0907*7E
2021:01:22:12:41:02.154000,1611315662.154,$GPGGA,114101.00,6342.682550,N,01058.743454,E,2,12,0.7,12.28,M,40.00,M,9.0,0907*7D
2021:01:22:12:41:03.154000,1611315663.154,$GPGGA,114102.00,6342.682579,N,01058.743643,E,2,12,0.7,12.35,M,40.00,M,5.0,0907*71
2021:01:22:12:41:04.154000,1611315664.154,$GPGGA,114103.00,6342.682636,N,01058.743725,E,2,12,0.7,12.29,M,40.00,M,6.0,0907*77
2021:01:22:12:41:05.154000,1611315665.154,$GPGGA,114104.00,6342.682646,N,01058.743760,E,2,12,0.7,12.25,M,40.00,M,7.0,0907*7B
2021:01:22:12:41:06.154000,1611315666.154,$GPGGA,114105.00,6342.682651,N,01058.743834,E,2,12,0.7,12.30,M,40.00,M,8.0,0907*79
2021:01:22:12:41:07.154000,1611315667.154,$GPGGA,114106.00,6342.682681,N,01058.743867,E,2,12,0.7,12.33,M,40.00,M,9.0,0907*73
2021:01:22:12:41:08.154000,1611315668.154,$GPGGA,114107.00,6342.682678,N,01058.743821,E,2,12,0.7,12.28,M,40.00,M,10.0,0907*44
2021:01:22:12:41:09.154000,1611315669.154,$GPGGA,114108.00,6342.682665,N,01058.743736,E,2,12,0.7,12.23,M,40.00,M,5.0,0907*71
2021:01:22:12:41:10.155000,1611315670.155,$GPGGA,114109.00,6342.682693,N,01058.743859,E,2,12,0.7,12.28,M,40.00,M,6.0,0907*77
2021:01:22:12:41:11.155000,1611315671.155,$GPGGA,114110.00,6342.682722,N,01058.744051,E,2,12,0.7,12.32,M,40.00,M,7.0,0907*79
2021:01:22:12:41:12.155000,1611315672.155,$GPGGA,114111.00,6342.682746,N,01058.744102,E,2,12,0.6,12.26,M,40.00,M,8.0,0907*76
2021:01:22:12:41:13.155000,1611315673.155,$GPGGA,114112.00,6342.682783,N,01058.744164,E,2,12,0.6,12.22,M,40.00,M,9.0,0907*79
2021:01:22:12:41:14.155000,1611315674.155,$GPGGA,114113.00,6342.682782,N,01058.744270,E,2,12,0.6,12.27,M,40.00,M,10.0,0907*42
2021:01:22:12:41:15.154000,1611315675.154,$GPGGA,114114.00,6342.682786,N,01058.744297,E,2,12,0.6,12.28,M,40.00,M,11.0,0907*46
2021:01:22:12:41:16.154000,1611315676.154,$GPGGA,114115.00,6342.682826,N,01058.744237,E,2,12,0.6,12.24,M,40.00,M,12.0,0907*47
2021:01:22:12:41:17.154000,1611315677.154,$GPGGA,114116.00,6342.682832,N,01058.744234,E,2,12,0.6,12.23,M,40.00,M,8.0,0907*7E
2021:01:22:12:41:18.154000,1611315678.154,$GPGGA,114117.00,6342.682831,N,01058.744302,E,2,12,0.6,12.28,M,40.00,M,9.0,0907*72
2021:01:22:12:41:19.154000,1611315679.154,$GPGGA,114118.00,6342.682901,N,01058.744413,E,2,12,0.6,12.30,M,40.00,M,10.0,0907*49
2021:01:22:12:41:20.154000,1611315680.154,$GPGGA,114119.00,6342.682920,N,01058.744407,E,2,12,0.6,12.27,M,40.00,M,11.0,0907*49
2021:01:22:12:41:21.154000,1611315681.154,$GPGGA,114120.00,6342.682896,N,01058.744369,E,2,12,0.6,12.25,M,40.00,M,12.0,0907*41
2021:01:22:12:41:22.154000,1611315682.154,$GPGGA,114121.00,6342.682946,N,01058.744443,E,2,12,0.6,12.27,M,40.00,M,13.0,0907*40
2021:01:22:12:41:23.154000,1611315683.154,$GPGGA,114122.00,6342.682985,N,01058.744468,E,2,12,0.6,12.30,M,40.00,M,9.0,0907*78
2021:01:22:12:41:24.154000,1611315684.154,$GPGGA,114123.00,6342.682957,N,01058.744368,E,2,12,0.6,12.28,M,40.00,M,10.0,0907*40
2021:01:22:12:41:25.155000,1611315685.155,$GPGGA,114124.00,6342.682979,N,01058.744372,E,2,12,0.7,12.28,M,40.00,M,11.0,0907*40
2021:01:22:12:41:26.155000,1611315686.155,$GPGGA,114125.00,6342.683014,N,01058.744437,E,2,12,0.7,12.30,M,40.00,M,12.0,0907*4E
2021:01:22:12:41:27.155000,1611315687.155,$GPGGA,114126.00,6342.683011,N,01058.744397,E,2,12,0.7,12.28,M,40.00,M,13.0,0907*4D
2021:01:22:12:41:28.155000,1611315688.155,$GPGGA,114127.00,6342.683044,N,01058.744460,E,2,12,0.7,12.30,M,40.00,M,14.0,0907*4D
2021:01:22:12:41:29.155000,1611315689.155,$GPGGA,114128.00,6342.683054,N,01058.744517,E,2,12,0.7,12.30,M,40.00,M,9.0,0907*7E
2021:01:22:12:41:30.155000,1611315690.155,$GPGGA,114129.00,6342.683053,N,01058.744492,E,2,12,0.7,12.27,M,40.00,M,10.0,0907*4A
2021:01:22:12:41:32.155000,1611315692.155,$GPGGA,114131.00,6342.683076,N,01058.744491,E,2,12,0.7,12.28,M,40.00,M,12.0,0907*4A
2021:01:22:12:41:33.155000,1611315693.155,$GPGGA,114132.00,6342.683090,N,01058.744596,E,2,12,0.7,12.29,M,40.00,M,8.0,0907*7D
2021:01:22:12:41:34.155000,1611315694.155,$GPGGA,114133.00,6342.683120,N,01058.744648,E,2,12,0.7,12.29,M,40.00,M,9.0,0907*77
2021:01:22:12:41:36.155000,1611315696.155,$GPGGA,114135.00,6342.683119,N,01058.744635,E,2,12,0.7,12.29,M,40.00,M,6.0,0907*7E
2021:01:22:12:41:37.155000,1611315697.155,$GPGGA,114136.00,6342.683136,N,01058.744687,E,2,12,0.7,12.31,M,40.00,M,7.0,0907*71
2021:01:22:12:41:38.155000,1611315698.155,$GPGGA,114137.00,6342.683143,N,01058.744653,E,2,12,0.7,12.26,M,40.00,M,8.0,0907*72
2021:01:22:12:41:40.156000,1611315700.156,$GPGGA,114139.00,6342.683152,N,01058.744671,E,2,12,0.7,12.27,M,40.00,M,10.0,0907*44
2021:01:22:12:41:41.156000,1611315701.156,$GPGGA,114140.00,6342.683158,N,01058.744592,E,2,12,0.7,12.25,M,40.00,M,11.0,0907*4D
2021:01:22:12:41:42.156000,1611315702.156,$GPGGA,114141.00,6342.683173,N,01058.744668,E,2,12,0.7,12.29,M,40.00,M,12.0,0907*4C
2021:01:22:12:41:44.156000,1611315704.156,$GPGGA,114143.00,6342.683180,N,01058.744595,E,2,12,0.7,12.21,M,40.00,M,8.0,0907*70
2021:01:22:12:41:45.156000,1611315705.156,$GPGGA,114144.00,6342.683171,N,01058.744543,E,2,12,0.7,12.22,M,40.00,M,9.0,0907*70
2021:01:22:12:41:46.155000,1611315706.155,$GPGGA,114145.00,6342.683177,N,01058.744587,E,2,12,0.7,12.29,M,40.00,M,5.0,0907*78
2021:01:22:12:41:47.155000,1611315707.155,$GPGGA,114146.00,6342.683193,N,01058.744543,E,2,12,0.7,12.24,M,40.00,M,6.0,0907*77
2021:01:22:12:41:48.155000,1611315708.155,$GPGGA,114147.00,6342.683175,N,01058.744450,E,2,12,0.7,12.21,M,40.00,M,7.0,0907*79
2021:01:22:12:41:49.155000,1611315709.155,$GPGGA,114148.00,6342.683148,N,01058.744399,E,2,12,0.7,12.26,M,40.00,M,8.0,0907*72
2021:01:22:12:41:50.155000,1611315710.155,$GPGGA,114149.00,6342.683165,N,01058.744379,E,2,12,0.7,12.28,M,40.00,M,9.0,0907*7D
2021:01:22:12:41:52.155000,1611315712.155,$GPGGA,114151.00,6342.683148,N,01058.744226,E,2,12,0.7,12.26,M,40.00,M,11.0,0907*47
2021:01:22:12:41:53.155000,1611315713.155,$GPGGA,114152.00,6342.683117,N,01058.744177,E,2,12,0.7,12.28,M,40.00,M,12.0,0907*44
2021:01:22:12:41:54.155000,1611315714.155,$GPGGA,114153.00,6342.683115,N,01058.744112,E,2,12,0.7,12.28,M,40.00,M,8.0,0907*7F
2021:01:22:12:41:56.156000,1611315716.156,$GPGGA,114155.00,6342.683089,N,01058.743967,E,2,12,0.7,12.26,M,40.00,M,10.0,0907*47
2021:01:22:12:41:57.156000,1611315717.156,$GPGGA,114156.00,6342.683077,N,01058.743867,E,2,12,0.7,12.27,M,40.00,M,11.0,0907*44
2021:01:22:12:41:58.156000,1611315718.156,$GPGGA,114157.00,6342.683088,N,01058.743804,E,2,12,0.7,12.27,M,40.00,M,12.0,0907*43
2021:01:22:12:41:59.156000,1611315719.156,$GPGGA,114158.00,6342.683083,N,01058.743743,E,2,12,0.7,12.24,M,40.00,M,13.0,0907*49
2021:01:22:12:42:00.156000,1611315720.156,$GPGGA,114159.00,6342.683062,N,01058.743640,E,2,12,0.7,12.26,M,40.00,M,9.0,0907*7C
2021:01:22:12:42:01.156000,1611315721.156,$GPGGA,114200.00,6342.683073,N,01058.743580,E,2,12,0.7,12.25,M,40.00,M,10.0,0907*47
2021:01:22:12:42:02.156000,1611315722.156,$GPGGA,114201.00,6342.683070,N,01058.743533,E,2,12,0.7,12.25,M,40.00,M,11.0,0907*4C
2021:01:22:12:42:04.156000,1611315724.156,$GPGGA,114203.00,6342.683052,N,01058.743396,E,2,12,0.6,12.22,M,40.00,M,7.0,0907*76
2021:01:22:12:42:05.156000,1611315725.156,$GPGGA,114204.00,6342.683060,N,01058.743377,E,2,12,0.6,12.25,M,40.00,M,8.0,0907*77
2021:01:22:12:42:06.156000,1611315726.156,$GPGGA,114205.00,6342.683026,N,01058.743384,E,2,12,0.6,12.28,M,40.00,M,9.0,0907*74
2021:01:22:12:42:07.156000,1611315727.156,$GPGGA,114206.00,6342.683022,N,01058.743382,E,2,12,0.6,12.26,M,40.00,M,10.0,0907*43
2021:01:22:12:42:08.156000,1611315728.156,$GPGGA,114207.00,6342.683064,N,01058.743379,E,2,12,0.6,12.22,M,40.00,M,11.0,0907*41
2021:01:22:12:42:09.157000,1611315729.157,$GPGGA,114208.00,6342.683025,N,01058.743337,E,2,12,0.6,12.21,M,40.00,M,12.0,0907*41
2021:01:22:12:42:10.157000,1611315730.157,$GPGGA,114209.00,6342.682980,N,01058.743311,E,2,12,0.6,12.26,M,40.00,M,7.0,0907*70
2021:01:22:12:42:11.157000,1611315731.157,$GPGGA,114210.00,6342.683034,N,01058.743343,E,2,12,0.6,12.26,M,40.00,M,8.0,0907*77
2021:01:22:12:42:12.157000,1611315732.157,$GPGGA,114211.00,6342.683059,N,01058.743369,E,2,12,0.6,12.22,M,40.00,M,9.0,0907*70
2021:01:22:12:42:13.157000,1611315733.157,$GPGGA,114212.00,6342.683009,N,01058.743356,E,2,12,0.6,12.24,M,40.00,M,5.0,0907*70
2021:01:22:12:42:14.157000,1611315734.157,$GPGGA,114213.00,6342.683009,N,01058.743384,E,2,12,0.6,12.28,M,40.00,M,6.0,0907*71
2021:01:22:12:42:15.157000,1611315735.157,$GPGGA,114214.00,6342.683054,N,01058.743411,E,2,12,0.6,12.26,M,40.00,M,7.0,0907*7A
2021:01:22:12:42:16.157000,1611315736.157,$GPGGA,114215.00,6342.683050,N,01058.743417,E,2,12,0.7,12.25,M,40.00,M,8.0,0907*74
2021:01:22:12:42:17.156000,1611315737.156,$GPGGA,114216.00,6342.683037,N,01058.743476,E,2,12,0.7,12.29,M,40.00,M,9.0,0907*7C
2021:01:22:12:42:18.156000,1611315738.156,$GPGGA,114217.00,6342.683054,N,01058.743502,E,2,12,0.7,12.29,M,40.00,M,10.0,0907*42
2021:01:22:12:42:19.156000,1611315739.156,$GPGGA,114218.00,6342.683059,N,01058.743492,E,2,12,0.7,12.23,M,40.00,M,11.0,0907*43
2021:01:22:12:42:20.156000,1611315740.156,$GPGGA,114219.00,6342.683054,N,01058.743499,E,2,12,0.7,12.23,M,40.00,M,7.0,0907*73
2021:01:22:12:42:21.156000,1611315741.156,$GPGGA,114220.00,6342.683064,N,01058.743517,E,2,12,0.6,12.24,M,40.00,M,8.0,0907*74
2021:01:22:12:42:22.156000,1611315742.156,$GPGGA,114221.00,6342.683076,N,01058.743591,E,2,12,0.6,12.26,M,40.00,M,9.0,0907*7B
2021:01:22:12:42:23.157000,1611315743.157,$GPGGA,114222.00,6342.683086,N,01058.743592,E,2,12,0.6,12.22,M,40.00,M,10.0,0907*48
2021:01:22:12:42:24.157000,1611315744.157,$GPGGA,114223.00,6342.683098,N,01058.743557,E,2,12,0.6,12.19,M,40.00,M,11.0,0907*46
2021:01:22:12:42:25.157000,1611315745.157,$GPGGA,114224.00,6342.683104,N,01058.743578,E,2,12,0.6,12.26,M,40.00,M,12.0,0907*47
2021:01:22:12:42:26.157000,1611315746.157,$GPGGA,114225.00,6342.683117,N,01058.743605,E,2,12,0.7,12.28,M,40.00,M,13.0,0907*43
2021:01:22:12:42:27.157000,1611315747.157,$GPGGA,114226.00,6342.683140,N,01058.743606,E,2,12,0.7,12.23,M,40.00,M,9.0,0907*71
2021:01:22:12:42:28.157000,1611315748.157,$GPGGA,114227.00,6342.683153,N,01058.743667,E,2,12,0.7,12.23,M,40.00,M,10.0,0907*4D
2021:01:22:12:42:29.157000,1611315749.157,$GPGGA,114228.00,6342.683157,N,01058.743694,E,2,12,0.6,12.26,M,40.00,M,11.0,0907*4F
2021:01:22:12:42:30.157000,1611315750.157,$GPGGA,114229.00,6342.683173,N,01058.743667,E,2,12,0.6,12.25,M,40.00,M,6.0,0907*71
2021:01:22:12:42:31.157000,1611315751.157,$GPGGA,114230.00,6342.683203,N,01058.743744,E,2,12,0.6,12.25,M,40.00,M,7.0,0907*7C
2021:01:22:12:42:32.157000,1611315752.157,$GPGGA,114231.00,6342.683204,N,01058.743830,E,2,12,0.6,12.27,M,40.00,M,8.0,0907*7B
2021:01:22:12:42:34.157000,1611315754.157,$GPGGA,114233.00,6342.683205,N,01058.743853,E,2,12,0.6,12.25,M,40.00,M,5.0,0907*72
2021:01:22:12:42:35.157000,1611315755.157,$GPGGA,114234.00,6342.683235,N,01058.743947,E,2,12,0.6,12.25,M,40.00,M,6.0,0907*71
2021:01:22:12:42:36.157000,1611315756.157,$GPGGA,114235.00,6342.683219,N,01058.743924,E,2,12,0.7,12.24,M,40.00,M,7.0,0907*7A
2021:01:22:12:42:37.158000,1611315757.158,$GPGGA,114236.00,6342.683205,N,01058.743960,E,2,12,0.7,12.25,M,40.00,M,8.0,0907*7A
2021:01:22:12:42:38.158000,1611315758.158,$GPGGA,114237.00,6342.683234,N,01058.744064,E,2,12,0.7,12.28,M,40.00,M,9.0,0907*7F
2021:01:22:12:42:39.158000,1611315759.158,$GPGGA,114238.00,6342.683240,N,01058.744042,E,2,12,0.6,12.26,M,40.00,M,10.0,0907*40
2021:01:22:12:42:40.158000,1611315760.158,$GPGGA,114239.00,6342.683227,N,01058.744032,E,2,12,0.6,12.25,M,40.00,M,11.0,0907*45
2021:01:22:12:42:42.158000,1611315762.158,$GPGGA,114241.00,6342.683252,N,01058.744162,E,2,12,0.6,12.30,M,40.00,M,13.0,0907*4A
2021:01:22:12:42:43.158000,1611315763.158,$GPGGA,114242.00,6342.683255,N,01058.744133,E,2,12,0.6,12.27,M,40.00,M,4.0,0907*7A
2021:01:22:12:42:44.158000,1611315764.158,$GPGGA,114243.00,6342.683250,N,01058.744099,E,2,12,0.6,12.26,M,40.00,M,5.0,0907*7F
2021:01:22:12:42:46.157000,1611315766.157,$GPGGA,114245.00,6342.683278,N,01058.744244,E,2,12,0.6,12.31,M,40.00,M,7.0,0907*75
2021:01:22:12:42:47.157000,1611315767.157,$GPGGA,114246.00,6342.683293,N,01058.744207,E,2,12,0.6,12.28,M,40.00,M,8.0,0907*73
2021:01:22:12:42:48.157000,1611315768.157,$GPGGA,114247.00,6342.683270,N,01058.744137,E,2,12,0.6,12.29,M,40.00,M,9.0,0907*7F
2021:01:22:12:42:50.157000,1611315770.157,$GPGGA,114249.00,6342.683311,N,01058.744202,E,2,12,0.6,12.30,M,40.00,M,11.0,0907*43
2021:01:22:12:42:51.158000,1611315771.158,$GPGGA,114250.00,6342.683292,N,01058.744163,E,2,12,0.7,12.28,M,40.00,M,12.0,0907*4E
2021:01:22:12:42:52.158000,1611315772.158,$GPGGA,114251.00,6342.683281,N,01058.744140,E,2,12,0.7,12.28,M,40.00,M,13.0,0907*4D
2021:01:22:12:42:53.158000,1611315773.158,$GPGGA,114252.00,6342.683303,N,01058.744109,E,2,12,0.7,12.25,M,40.00,M,14.0,0907*42
2021:01:22:12:42:54.158000,1611315774.158,$GPGGA,114253.00,6342.683300,N,01058.744107,E,2,12,0.7,12.26,M,40.00,M,9.0,0907*71
2021:01:22:12:42:55.158000,1611315775.158,$GPGGA,114254.00,6342.683298,N,01058.744134,E,2,12,0.7,12.28,M,40.00,M,10.0,0907*40
2021:01:22:12:42:56.158000,1611315776.158,$GPGGA,114255.00,6342.683305,N,01058.744076,E,2,12,0.7,12.24,M,40.00,M,11.0,0907*4E
2021:01:22:12:42:57.158000,1611315777.158,$GPGGA,114256.00,6342.683290,N,01058.744040,E,2,12,0.6,12.23,M,40.00,M,7.0,0907*74
2021:01:22:12:42:58.158000,1611315778.158,$GPGGA,114257.00,6342.683304,N,01058.744141,E,2,12,0.6,12.29,M,40.00,M,8.0,0907*7C
2021:01:22:12:42:59.158000,1611315779.158,$GPGGA,114258.00,6342.683336,N,01058.744116,E,2,12,0.6,12.26,M,40.00,M,9.0,0907*7E
2021:01:22:12:43:00.158000,1611315780.158,$GPGGA,114259.00,6342.683316,N,01058.744012,E,2,12,0.6,12.20,M,40.00,M,10.0,0907*46
2021:01:22:12:43:02.158000,1611315782.158,$GPGGA,114301.00,6342.683317,N,01058.744083,E,2,12,0.6,12.28,M,40.00,M,7.0,0907*7D
2021:01:22:12:43:03.158000,1611315783.158,$GPGGA,114302.00,6342.683345,N,01058.744076,E,2,12,0.6,12.27,M,40.00,M,8.0,0907*73
2021:01:22:12:43:04.158000,1611315784.158,$GPGGA,114303.00,6342.683324,N,01058.744030,E,2,12,0.6,12.26,M,40.00,M,9.0,0907*77
2021:01:22:12:43:06.159000,1611315786.159,$GPGGA,114305.00,6342.683322,N,01058.743912,E,2,12,0.6,12.25,M,40.00,M,11.0,0907*43
2021:01:22:12:43:07.159000,1611315787.159,$GPGGA,114306.00,6342.683307,N,01058.743883,E,2,12,0.6,12.28,M,40.00,M,6.0,0907*75
2021:01:22:12:43:08.159000,1611315788.159,$GPGGA,114307.00,6342.683296,N,01058.743915,E,2,12,0.6,12.28,M,40.00,M,7.0,0907*72
2021:01:22:12:43:09.159000,1611315789.159,$GPGGA,114308.00,6342.683316,N,01058.743872,E,2,12,0.6,12.25,M,40.00,M,8.0,0907*76
2021:01:22:12:43:10.159000,1611315790.159,$GPGGA,114309.00,6342.683314,N,01058.743778,E,2,12,0.6,12.23,M,40.00,M,4.0,0907*7A
2021:01:22:12:43:11.159000,1611315791.159,$GPGGA,114310.00,6342.683303,N,01058.743830,E,2,12,0.6,12.28,M,40.00,M,5.0,0907*7D
2021:01:22:12:43:12.159000,1611315792.159,$GPGGA,114311.00,6342.683305,N,01058.743886,E,2,12,0.6,12.30,M,40.00,M,6.0,0907*7D
2021:01:22:12:43:13.159000,1611315793.159,$GPGGA,114312.00,6342.683313,N,01058.743766,E,2,12,0.6,12.23,M,40.00,M,7.0,0907*7B
2021:01:22:12:43:14.159000,1611315794.159,$GPGGA,114313.00,6342.683299,N,01058.743675,E,2,12,0.6,12.23,M,40.00,M,8.0,0907*75
2021:01:22:12:43:15.159000,1611315795.159,$GPGGA,114314.00,6342.683295,N,01058.743783,E,2,12,0.6,12.31,M,40.00,M,9.0,0907*74
2021:01:22:12:43:16.159000,1611315796.159,$GPGGA,114315.00,6342.683312,N,01058.743798,E,2,12,0.6,12.29,M,40.00,M,10.0,0907*40
2021:01:22:12:43:17.158000,1611315797.158,$GPGGA,114316.00,6342.683304,N,01058.743711,E,2,12,0.6,12.24,M,40.00,M,11.0,0907*49
2021:01:22:12:43:18.160000,1611315798.16,$GPGGA,114317.00,6342.683275,N,01058.743689,E,2,12,0.6,12.27,M,40.00,M,7.0,0907*7B
2021:01:22:12:43:19.160000,1611315799.16,$GPGGA,114318.00,6342.683285,N,01058.743711,E,2,12,0.6,12.27,M,40.00,M,8.0,0907*74
2021:01:22:12:43:20.159000,1611315800.159,$GPGGA,114319.00,6342.683316,N,01058.743750,E,2,12,0.6,12.26,M,40.00,M,9.0,0907*7B
2021:01:22:12:43:21.159000,1611315801.159,$GPGGA,114320.00,6342.683290,N,01058.743719,E,2,12,0.6,12.26,M,40.00,M,10.0,0907*4B
2021:01:22:12:43:22.159000,1611315802.159,$GPGGA,114321.00,6342.683264,N,01058.743698,E,2,12,0.6,12.28,M,40.00,M,11.0,0907*46
2021:01:22:12:43:23.159000,1611315803.159,$GPGGA,114322.00,6342.683275,N,01058.743666,E,2,12,0.6,12.26,M,40.00,M,12.0,0907*49
2021:01:22:12:43:24.160000,1611315804.16,$GPGGA,114323.00,6342.683290,N,01058.743628,E,2,12,0.6,12.23,M,40.00,M,8.0,0907*77
2021:01:22:12:43:25.159000,1611315805.159,$GPGGA,114324.00,6342.683274,N,01058.743684,E,2,12,0.6,12.28,M,40.00,M,9.0,0907*76
2021:01:22:12:43:26.159000,1611315806.159,$GPGGA,114325.00,6342.683255,N,01058.743698,E,2,12,0.6,12.30,M,40.00,M,10.0,0907*48
2021:01:22:12:43:27.159000,1611315807.159,$GPGGA,114326.00,6342.683268,N,01058.743671,E,2,12,0.6,12.26,M,40.00,M,11.0,0907*44
2021:01:22:12:43:28.159000,1611315808.159,$GPGGA,114327.00,6342.683258,N,01058.743548,E,2,12,0.6,12.22,M,40.00,M,7.0,0907*7C
2021:01:22:12:43:29.159000,1611315809.159,$GPGGA,114328.00,6342.683242,N,01058.743546,E,2,12,0.6,12.25,M,40.00,M,8.0,0907*7E
2021:01:22:12:43:30.159000,1611315810.159,$GPGGA,114329.00,6342.683254,N,01058.743672,E,2,12,0.6,12.31,M,40.00,M,9.0,0907*78
2021:01:22:12:43:31.159000,1611315811.159,$GPGGA,114330.00,6342.683266,N,01058.743625,E,2,12,0.6,12.25,M,40.00,M,10.0,0907*4E
2021:01:22:12:43:32.160000,1611315812.16,$GPGGA,114331.00,6342.683238,N,01058.743492,E,2,12,0.6,12.22,M,40.00,M,11.0,0907*4C
2021:01:22:12:43:33.160000,1611315813.16,$GPGGA,114332.00,6342.683218,N,01058.743489,E,2,12,0.6,12.28,M,40.00,M,12.0,0907*4E
2021:01:22:12:43:34.160000,1611315814.16,$GPGGA,114333.00,6342.683246,N,01058.743517,E,2,12,0.6,12.30,M,40.00,M,7.0,0907*7F
2021:01:22:12:43:36.160000,1611315816.16,$GPGGA,114335.00,6342.683202,N,01058.743403,E,2,12,0.6,12.26,M,40.00,M,9.0,0907*74
2021:01:22:12:43:37.160000,1611315817.16,$GPGGA,114336.00,6342.683215,N,01058.743437,E,2,12,0.6,12.30,M,40.00,M,10.0,0907*49
2021:01:22:12:43:38.160000,1611315818.16,$GPGGA,114337.00,6342.683226,N,01058.743340,E,2,12,0.6,12.28,M,40.00,M,11.0,0907*47
2021:01:22:12:43:39.160000,1611315819.16,$GPGGA,114338.00,6342.683191,N,01058.743225,E,2,12,0.6,12.24,M,40.00,M,12.0,0907*4A
2021:01:22:12:43:40.160000,1611315820.16,$GPGGA,114339.00,6342.683165,N,01058.743252,E,2,12,0.6,12.26,M,40.00,M,13.0,0907*43
2021:01:22:12:43:41.160000,1611315821.16,$GPGGA,114340.00,6342.683204,N,01058.743321,E,2,12,0.6,12.28,M,40.00,M,9.0,0907*79
2021:01:22:12:43:42.160000,1611315822.16,$GPGGA,114341.00,6342.683197,N,01058.743227,E,2,12,0.6,12.26,M,40.00,M,10.0,0907*40
2021:01:22:12:43:44.160000,1611315824.16,$GPGGA,114343.00,6342.683166,N,01058.743161,E,2,12,0.6,12.27,M,40.00,M,12.0,0907*4E
2021:01:22:12:43:45.160000,1611315825.16,$GPGGA,114344.00,6342.683175,N,01058.743128,E,2,12,0.6,12.26,M,40.00,M,13.0,0907*46
2021:01:22:12:43:46.161000,1611315826.161,$GPGGA,114345.00,6342.683167,N,01058.743132,E,2,12,0.6,12.26,M,40.00,M,14.0,0907*48
2021:01:22:12:43:47.161000,1611315827.161,$GPGGA,114346.00,6342.683167,N,01058.743141,E,2,12,0.6,12.28,M,40.00,M,9.0,0907*7D
2021:01:22:12:43:48.161000,1611315828.161,$GPGGA,114347.00,6342.683159,N,01058.743118,E,2,12,0.6,12.27,M,40.00,M,10.0,0907*4A
2021:01:22:12:43:49.160000,1611315829.16,$GPGGA,114348.00,6342.683147,N,01058.743083,E,2,12,0.6,12.24,M,40.00,M,11.0,0907*4B
2021:01:22:12:43:50.160000,1611315830.16,$GPGGA,114349.00,6342.683168,N,01058.743105,E,2,12,0.6,12.23,M,40.00,M,12.0,0907*4C
2021:01:22:12:43:52.160000,1611315832.16,$GPGGA,114351.00,6342.683151,N,01058.743137,E,2,12,0.6,12.29,M,40.00,M,8.0,0907*7F
2021:01:22:12:43:53.160000,1611315833.16,$GPGGA,114352.00,6342.683167,N,01058.743072,E,2,12,0.6,12.23,M,40.00,M,9.0,0907*72
2021:01:22:12:43:54.160000,1611315834.16,$GPGGA,114353.00,6342.683167,N,01058.743049,E,2,12,0.6,12.21,M,40.00,M,10.0,0907*41
2021:01:22:12:43:56.160000,1611315836.16,$GPGGA,114355.00,6342.683147,N,01058.743201,E,2,12,0.6,12.28,M,40.00,M,12.0,0907*40
2021:01:22:12:43:57.160000,1611315837.16,$GPGGA,114356.00,6342.683185,N,01058.743177,E,2,12,0.6,12.21,M,40.00,M,13.0,0907*47
2021:01:22:12:43:58.160000,1611315838.16,$GPGGA,114357.00,6342.683156,N,01058.743166,E,2,12,0.6,12.22,M,40.00,M,14.0,0907*4C
2021:01:22:12:43:59.160000,1611315839.16,$GPGGA,114358.00,6342.683119,N,01058.743219,E,2,12,0.6,12.29,M,40.00,M,15.0,0907*49
2021:01:22:12:44:00.160000,1611315840.16,$GPGGA,114359.00,6342.683148,N,01058.743261,E,2,12,0.6,12.26,M,40.00,M,16.0,0907*4F
2021:01:22:12:44:01.161000,1611315841.161,$GPGGA,114400.00,6342.683163,N,01058.743291,E,2,12,0.6,12.25,M,40.00,M,10.0,0907*47
2021:01:22:12:44:02.161000,1611315842.161,$GPGGA,114401.00,6342.683130,N,01058.743327,E,2,12,0.6,12.26,M,40.00,M,11.0,0907*4E
2021:01:22:12:44:04.161000,1611315844.161,$GPGGA,114403.00,6342.683152,N,01058.743505,E,2,12,0.6,12.29,M,40.00,M,13.0,0907*43
2021:01:22:12:44:05.161000,1611315845.161,$GPGGA,114404.00,6342.683125,N,01058.743518,E,2,12,0.6,12.27,M,40.00,M,5.0,0907*71
2021:01:22:12:44:06.161000,1611315846.161,$GPGGA,114405.00,6342.683121,N,01058.743622,E,2,12,0.6,12.28,M,40.00,M,6.0,0907*72
2021:01:22:12:44:07.161000,1611315847.161,$GPGGA,114406.00,6342.683142,N,01058.743718,E,2,12,0.6,12.28,M,40.00,M,7.0,0907*7D
2021:01:22:12:44:08.161000,1611315848.161,$GPGGA,114407.00,6342.683122,N,01058.743720,E,2,12,0.6,12.26,M,40.00,M,8.0,0907*70
2021:01:22:12:44:09.161000,1611315849.161,$GPGGA,114408.00,6342.683096,N,01058.743761,E,2,12,0.6,12.29,M,40.00,M,9.0,0907*7A
2021:01:22:12:44:10.161000,1611315850.161,$GPGGA,114409.00,6342.683115,N,01058.743854,E,2,12,0.6,12.29,M,40.00,M,10.0,0907*40
2021:01:22:12:44:11.161000,1611315851.161,$GPGGA,114410.00,6342.683128,N,01058.743878,E,2,12,0.6,12.25,M,40.00,M,6.0,0907*73
2021:01:22:12:44:12.161000,1611315852.161,$GPGGA,114411.00,6342.683109,N,01058.743842,E,2,12,0.6,12.25,M,40.00,M,7.0,0907*79
2021:01:22:12:44:13.161000,1611315853.161,$GPGGA,114412.00,6342.683087,N,01058.743888,E,2,12,0.6,12.27,M,40.00,M,8.0,0907*76
2021:01:22:12:44:14.161000,1611315854.161,$GPGGA,114413.00,6342.683119,N,01058.743954,E,2,12,0.6,12.28,M,40.00,M,9.0,0907*7F
2021:01:22:12:44:15.162000,1611315855.162,$GPGGA,114414.00,6342.683148,N,01058.743961,E,2,12,0.6,12.24,M,40.00,M,10.0,0907*4E
2021:01:22:12:44:16.162000,1611315856.162,$GPGGA,114415.00,6342.683109,N,01058.743941,E,2,12,0.6,12.23,M,40.00,M,11.0,0907*4E
2021:01:22:12:44:17.162000,1611315857.162,$GPGGA,114416.00,6342.683093,N,01058.743979,E,2,12,0.6,12.25,M,40.00,M,12.0,0907*41
2021:01:22:12:44:18.162000,1611315858.162,$GPGGA,114417.00,6342.683141,N,01058.744094,E,2,12,0.6,12.25,M,40.00,M,7.0,0907*77
2021:01:22:12:44:19.161000,1611315859.161,$GPGGA,114418.00,6342.683152,N,01058.744143,E,2,12,0.6,12.23,M,40.00,M,8.0,0907*78
2021:01:22:12:44:20.161000,1611315860.161,$GPGGA,114419.00,6342.683113,N,01058.744138,E,2,12,0.6,12.20,M,40.00,M,9.0,0907*72
2021:01:22:12:44:21.161000,1611315861.161,$GPGGA,114420.00,6342.683099,N,01058.744176,E,2,12,0.6,12.20,M,40.00,M,10.0,0907*49
2021:01:22:12:44:22.161000,1611315862.161,$GPGGA,114421.00,6342.683127,N,01058.744268,E,2,12,0.6,12.23,M,40.00,M,11.0,0907*42
2021:01:22:12:44:23.161000,1611315863.161,$GPGGA,114422.00,6342.683128,N,01058.744327,E,2,12,0.6,12.22,M,40.00,M,12.0,0907*46
2021:01:22:12:44:24.161000,1611315864.161,$GPGGA,114423.00,6342.683092,N,01058.744363,E,2,12,0.7,12.20,M,40.00,M,8.0,0907*7F
2021:01:22:12:44:25.161000,1611315865.161,$GPGGA,114424.00,6342.683073,N,01058.744436,E,2,12,0.7,12.22,M,40.00,M,9.0,0907*73
2021:01:22:12:44:26.161000,1611315866.161,$GPGGA,114425.00,6342.683068,N,01058.744513,E,2,12,0.7,12.25,M,40.00,M,10.0,0907*41
2021:01:22:12:44:27.161000,1611315867.161,$GPGGA,114426.00,6342.683058,N,01058.744566,E,2,12,0.6,12.22,M,40.00,M,11.0,0907*44
2021:01:22:12:44:28.161000,1611315868.161,$GPGGA,114427.00,6342.683028,N,01058.744660,E,2,12,0.6,12.23,M,40.00,M,7.0,0907*71
2021:01:22:12:44:29.161000,1611315869.161,$GPGGA,114428.00,6342.682984,N,01058.744760,E,2,12,0.6,12.22,M,40.00,M,8.0,0907*7F
2021:01:22:12:44:30.162000,1611315870.162,$GPGGA,114429.00,6342.682964,N,01058.744806,E,2,12,0.6,12.22,M,40.00,M,9.0,0907*7E
2021:01:22:12:44:31.162000,1611315871.162,$GPGGA,114430.00,6342.682962,N,01058.744864,E,2,12,0.6,12.21,M,40.00,M,5.0,0907*7B
2021:01:22:12:44:32.162000,1611315872.162,$GPGGA,114431.00,6342.682908,N,01058.744907,E,2,12,0.6,12.21,M,40.00,M,6.0,0907*71
2021:01:22:12:44:33.162000,1611315873.162,$GPGGA,114432.00,6342.682852,N,01058.744991,E,2,12,0.6,12.22,M,40.00,M,7.0,0907*71
2021:01:22:12:44:34.162000,1611315874.162,$GPGGA,114433.00,6342.682855,N,01058.745100,E,2,12,0.6,12.24,M,40.00,M,8.0,0907*7F
2021:01:22:12:44:35.162000,1611315875.162,$GPGGA,114434.00,6342.682831,N,01058.745073,E,2,12,0.6,12.19,M,40.00,M,9.0,0907*70
2021:01:22:12:44:36.162000,1611315876.162,$GPGGA,114435.00,6342.682767,N,01058.745045,E,2,12,0.6,12.18,M,40.00,M,10.0,0907*41
2021:01:22:12:44:37.162000,1611315877.162,$GPGGA,114436.00,6342.682745,N,01058.745154,E,2,12,0.6,12.23,M,40.00,M,11.0,0907*4A
2021:01:22:12:44:38.162000,1611315878.162,$GPGGA,114437.00,6342.682747,N,01058.745206,E,2,12,0.6,12.25,M,40.00,M,7.0,0907*7C
2021:01:22:12:44:39.162000,1611315879.162,$GPGGA,114438.00,6342.682708,N,01058.745108,E,2,12,0.6,12.20,M,40.00,M,8.0,0907*7F
2021:01:22:12:44:40.162000,1611315880.162,$GPGGA,114439.00,6342.682667,N,01058.745059,E,2,12,0.6,12.21,M,40.00,M,9.0,0907*73
2021:01:22:12:44:41.162000,1611315881.162,$GPGGA,114440.00,6342.682652,N,01058.745121,E,2,12,0.6,12.28,M,40.00,M,10.0,0907*44
2021:01:22:12:44:42.162000,1611315882.162,$GPGGA,114441.00,6342.682650,N,01058.745048,E,2,12,0.6,12.24,M,40.00,M,11.0,0907*44
2021:01:22:12:44:43.162000,1611315883.162,$GPGGA,114442.00,6342.682625,N,01058.744959,E,2,12,0.6,12.21,M,40.00,M,12.0,0907*4B
2021:01:22:12:44:44.162000,1611315884.162,$GPGGA,114443.00,6342.682606,N,01058.744933,E,2,12,0.6,12.23,M,40.00,M,6.0,0907*70
2021:01:22:12:44:46.163000,1611315886.163,$GPGGA,114445.00,6342.682631,N,01058.744910,E,2,12,0.6,12.28,M,40.00,M,8.0,0907*76
2021:01:22:12:44:47.163000,1611315887.163,$GPGGA,114446.00,6342.682621,N,01058.744802,E,2,12,0.6,12.23,M,40.00,M,9.0,0907*7C
2021:01:22:12:44:48.163000,1611315888.163,$GPGGA,114447.00,6342.682607,N,01058.744663,E,2,12,0.6,12.22,M,40.00,M,10.0,0907*49
2021:01:22:12:44:49.162000,1611315889.162,$GPGGA,114448.00,6342.682621,N,01058.744681,E,2,12,0.6,12.29,M,40.00,M,11.0,0907*44
2021:01:22:12:44:50.162000,1611315890.162,$GPGGA,114449.00,6342.682639,N,01058.744667,E,2,12,0.6,12.27,M,40.00,M,12.0,0907*49
2021:01:22:12:44:51.162000,1611315891.162,$GPGGA,114450.00,6342.682640,N,01058.744581,E,2,12,0.6,12.22,M,40.00,M,7.0,0907*75
2021:01:22:12:44:52.162000,1611315892.162,$GPGGA,114451.00,6342.682636,N,01058.744538,E,2,12,0.6,12.23,M,40.00,M,8.0,0907*79
2021:01:22:12:44:54.162000,1611315894.162,$GPGGA,114453.00,6342.682659,N,01058.744497,E,2,12,0.6,12.27,M,40.00,M,10.0,0907*4B
2021:01:22:12:44:55.162000,1611315895.162,$GPGGA,114454.00,6342.682667,N,01058.744495,E,2,12,0.6,12.28,M,40.00,M,6.0,0907*7B
2021:01:22:12:44:56.162000,1611315896.162,$GPGGA,114455.00,6342.682662,N,01058.744450,E,2,12,0.6,12.29,M,40.00,M,7.0,0907*76
2021:01:22:12:44:57.162000,1611315897.162,$GPGGA,114456.00,6342.682655,N,01058.744416,E,2,12,0.6,12.31,M,40.00,M,8.0,0907*75
2021:01:22:12:44:58.162000,1611315898.162,$GPGGA,114457.00,6342.682679,N,01058.744399,E,2,12,0.6,12.31,M,40.00,M,9.0,0907*7B
2021:01:22:12:44:59.162000,1611315899.162,$GPGGA,114458.00,6342.682690,N,01058.744332,E,2,12,0.6,12.28,M,40.00,M,10.0,0907*42
2021:01:22:12:45:00.163000,1611315900.163,$GPGGA,114459.00,6342.682674,N,01058.744279,E,2,12,0.6,12.28,M,40.00,M,11.0,0907*46
2021:01:22:12:45:02.163000,1611315902.163,$GPGGA,114501.00,6342.682717,N,01058.744275,E,2,12,0.6,12.30,M,40.00,M,8.0,0907*73
2021:01:22:12:45:03.163000,1611315903.163,$GPGGA,114502.00,6342.682701,N,01058.744211,E,2,12,0.6,12.29,M,40.00,M,9.0,0907*7C
2021:01:22:12:45:04.163000,1611315904.163,$GPGGA,114503.00,6342.682704,N,01058.744161,E,2,12,0.6,12.30,M,40.00,M,10.0,0907*4C
2021:01:22:12:45:06.163000,1611315906.163,$GPGGA,114505.00,6342.682736,N,01058.744157,E,2,12,0.6,12.26,M,40.00,M,7.0,0907*7F
2021:01:22:12:45:07.163000,1611315907.163,$GPGGA,114506.00,6342.682729,N,01058.744158,E,2,12,0.6,12.28,M,40.00,M,8.0,0907*7C
2021:01:22:12:45:08.163000,1611315908.163,$GPGGA,114507.00,6342.682740,N,01058.744143,E,2,12,0.6,12.29,M,40.00,M,4.0,0907*75
2021:01:22:12:45:09.163000,1611315909.163,$GPGGA,114508.00,6342.682759,N,01058.744106,E,2,12,0.6,12.27,M,40.00,M,5.0,0907*7C
2021:01:22:12:45:10.163000,1611315910.163,$GPGGA,114509.00,6342.682772,N,01058.744137,E,2,12,0.6,12.26,M,40.00,M,6.0,0907*74
2021:01:22:12:45:11.163000,1611315911.163,$GPGGA,114510.00,6342.682778,N,01058.744191,E,2,12,0.6,12.27,M,40.00,M,7.0,0907*7A
2021:01:22:12:45:12.163000,1611315912.163,$GPGGA,114511.00,6342.682772,N,01058.744176,E,2,12,0.6,12.28,M,40.00,M,8.0,0907*78
2021:01:22:12:45:13.163000,1611315913.163,$GPGGA,114512.00,6342.682776,N,01058.744156,E,2,12,0.6,12.28,M,40.00,M,9.0,0907*7C
2021:01:22:12:45:14.163000,1611315914.163,$GPGGA,114513.00,6342.682799,N,01058.744191,E,2,12,0.6,12.28,M,40.00,M,10.0,0907*4F
2021:01:22:12:45:15.164000,1611315915.164,$GPGGA,114514.00,6342.682796,N,01058.744218,E,2,12,0.6,12.28,M,40.00,M,5.0,0907*71
2021:01:22:12:45:16.164000,1611315916.164,$GPGGA,114515.00,6342.682781,N,01058.744236,E,2,12,0.6,12.28,M,40.00,M,6.0,0907*79
2021:01:22:12:45:17.164000,1611315917.164,$GPGGA,114516.00,6342.682805,N,01058.744309,E,2,12,0.6,12.29,M,40.00,M,7.0,0907*74
2021:01:22:12:45:18.164000,1611315918.164,$GPGGA,114517.00,6342.682822,N,01058.744290,E,2,12,0.6,12.28,M,40.00,M,8.0,0907*7F
2021:01:22:12:45:19.164000,1611315919.164,$GPGGA,114518.00,6342.682804,N,01058.744243,E,2,12,0.6,12.27,M,40.00,M,9.0,0907*74
2021:01:22:12:45:20.163000,1611315920.163,$GPGGA,114519.00,6342.682806,N,01058.744283,E,2,12,0.6,12.26,M,40.00,M,10.0,0907*42
2021:01:22:12:45:21.163000,1611315921.163,$GPGGA,114520.00,6342.682852,N,01058.744366,E,2,12,0.6,12.28,M,40.00,M,6.0,0907*7A
2021:01:22:12:45:22.163000,1611315922.163,$GPGGA,114521.00,6342.682859,N,01058.744373,E,2,12,0.6,12.27,M,40.00,M,7.0,0907*7A
2021:01:22:12:45:23.163000,1611315923.163,$GPGGA,114522.00,6342.682853,N,01058.744315,E,2,12,0.6,12.24,M,40.00,M,8.0,0907*7F
2021:01:22:12:45:24.163000,1611315924.163,$GPGGA,114523.00,6342.682861,N,01058.744312,E,2,12,0.6,12.23,M,40.00,M,9.0,0907*7E
2021:01:22:12:45:25.163000,1611315925.163,$GPGGA,114524.00,6342.682889,N,01058.744347,E,2,12,0.6,12.25,M,40.00,M,5.0,0907*75
2021:01:22:12:45:26.163000,1611315926.163,$GPGGA,114525.00,6342.682899,N,01058.744369,E,2,12,0.6,12.24,M,40.00,M,6.0,0907*7B
2021:01:22:12:45:27.163000,1611315927.163,$GPGGA,114526.00,6342.682902,N,01058.744336,E,2,12,0.6,12.22,M,40.00,M,7.0,0907*76
2021:01:22:12:45:28.163000,1611315928.163,$GPGGA,114527.00,6342.682902,N,01058.744291,E,2,12,0.6,12.22,M,40.00,M,8.0,0907*74
2021:01:22:12:45:29.163000,1611315929.163,$GPGGA,114528.00,6342.682916,N,01058.744292,E,2,12,0.6,12.23,M,40.00,M,9.0,0907*7D
2021:01:22:12:45:30.164000,1611315930.164,$GPGGA,114529.00,6342.682927,N,01058.744324,E,2,12,0.6,12.24,M,40.00,M,10.0,0907*4D
2021:01:22:12:45:31.164000,1611315931.164,$GPGGA,114530.00,6342.682945,N,01058.744367,E,2,12,0.6,12.25,M,40.00,M,5.0,0907*73
2021:01:22:12:45:32.164000,1611315932.164,$GPGGA,114531.00,6342.682946,N,01058.744324,E,2,12,0.6,12.23,M,40.00,M,6.0,0907*73
2021:01:22:12:45:33.164000,1611315933.164,$GPGGA,114532.00,6342.682930,N,01058.744235,E,2,12,0.6,12.22,M,40.00,M,7.0,0907*70
2021:01:22:12:45:34.164000,1611315934.164,$GPGGA,114533.00,6342.682939,N,01058.744271,E,2,12,0.6,12.25,M,40.00,M,8.0,0907*70
2021:01:22:12:45:35.164000,1611315935.164,$GPGGA,114534.00,6342.682957,N,01058.744331,E,2,12,0.6,12.28,M,40.00,M,9.0,0907*76
2021:01:22:12:45:36.164000,1611315936.164,$GPGGA,114535.00,6342.682963,N,01058.744316,E,2,12,0.6,12.25,M,40.00,M,10.0,0907*40
2021:01:22:12:45:37.164000,1611315937.164,$GPGGA,114536.00,6342.682943,N,01058.744275,E,2,12,0.6,12.24,M,40.00,M,11.0,0907*45
2021:01:22:12:45:38.164000,1611315938.164,$GPGGA,114537.00,6342.682936,N,01058.744247,E,2,12,0.6,12.25,M,40.00,M,12.0,0907*45
2021:01:22:12:45:39.164000,1611315939.164,$GPGGA,114538.00,6342.682950,N,01058.744263,E,2,12,0.6,12.26,M,40.00,M,13.0,0907*4E
2021:01:22:12:45:40.164000,1611315940.164,$GPGGA,114539.00,6342.682959,N,01058.744284,E,2,12,0.6,12.26,M,40.00,M,14.0,0907*48
2021:01:22:12:45:41.164000,1611315941.164,$GPGGA,114540.00,6342.682945,N,01058.744249,E,2,12,0.6,12.25,M,40.00,M,15.0,0907*48
2021:01:22:12:45:42.164000,1611315942.164,$GPGGA,114541.00,6342.682929,N,01058.744227,E,2,12,0.6,12.23,M,40.00,M,11.0,0907*49
2021:01:22:12:45:44.164000,1611315944.164,$GPGGA,114543.00,6342.682951,N,01058.744131,E,2,12,0.6,12.22,M,40.00,M,13.0,0907*43
2021:01:22:12:45:45.165000,1611315945.165,$GPGGA,114544.00,6342.682922,N,01058.744134,E,2,12,0.6,12.23,M,40.00,M,14.0,0907*43
2021:01:22:12:45:46.165000,1611315946.165,$GPGGA,114545.00,6342.682929,N,01058.744140,E,2,12,0.6,12.25,M,40.00,M,15.0,0907*4D
2021:01:22:12:45:47.165000,1611315947.165,$GPGGA,114546.00,6342.682956,N,01058.744112,E,2,12,0.6,12.24,M,40.00,M,16.0,0907*43
2021:01:22:12:45:48.165000,1611315948.165,$GPGGA,114547.00,6342.682951,N,01058.744085,E,2,12,0.6,12.21,M,40.00,M,5.0,0907*7D
2021:01:22:12:45:49.165000,1611315949.165,$GPGGA,114548.00,6342.682917,N,01058.744028,E,2,12,0.6,12.23,M,40.00,M,6.0,0907*76
2021:01:22:12:45:50.164000,1611315950.164,$GPGGA,114549.00,6342.682914,N,01058.743979,E,2,12,0.6,12.23,M,40.00,M,7.0,0907*7F
2021:01:22:12:45:52.164000,1611315952.164,$GPGGA,114551.00,6342.682942,N,01058.744009,E,2,12,0.6,12.25,M,40.00,M,9.0,0907*74
2021:01:22:12:45:53.164000,1611315953.164,$GPGGA,114552.00,6342.682895,N,01058.743918,E,2,12,0.6,12.25,M,40.00,M,10.0,0907*4A
2021:01:22:12:45:54.164000,1611315954.164,$GPGGA,114553.00,6342.682930,N,01058.743851,E,2,12,0.6,12.23,M,40.00,M,11.0,0907*4E
2021:01:22:12:45:56.164000,1611315956.164,$GPGGA,114555.00,6342.682931,N,01058.743785,E,2,12,0.6,12.25,M,40.00,M,13.0,0907*4B
2021:01:22:12:45:57.164000,1611315957.164,$GPGGA,114556.00,6342.682929,N,01058.743817,E,2,12,0.6,12.29,M,40.00,M,14.0,0907*4E
2021:01:22:12:45:58.164000,1611315958.164,$GPGGA,114557.00,6342.682984,N,01058.743748,E,2,12,0.6,12.26,M,40.00,M,7.0,0907*70
2021:01:22:12:45:59.165000,1611315959.165,$GPGGA,114558.00,6342.682985,N,01058.743662,E,2,12,0.6,12.24,M,40.00,M,8.0,0907*7A
2021:01:22:12:46:00.165000,1611315960.165,$GPGGA,114559.00,6342.682943,N,01058.743688,E,2,12,0.6,12.29,M,40.00,M,9.0,0907*79
2021:01:22:12:46:01.165000,1611315961.165,$GPGGA,114600.00,6342.682960,N,01058.743685,E,2,12,0.6,12.30,M,40.00,M,10.0,0907*4A
2021:01:22:12:46:02.165000,1611315962.165,$GPGGA,114601.00,6342.682974,N,01058.743611,E,2,12,0.6,12.21,M,40.00,M,6.0,0907*74
2021:01:22:12:46:04.165000,1611315964.165,$GPGGA,114603.00,6342.682939,N,01058.743733,E,2,12,0.6,12.32,M,40.00,M,8.0,0907*72
2021:01:22:12:46:05.165000,1611315965.165,$GPGGA,114604.00,6342.682953,N,01058.743674,E,2,12,0.6,12.26,M,40.00,M,9.0,0907*7F
2021:01:22:12:46:06.165000,1611315966.165,$GPGGA,114605.00,6342.682943,N,01058.743543,E,2,12,0.6,12.22,M,40.00,M,5.0,0907*70
2021:01:22:12:46:07.165000,1611315967.165,$GPGGA,114606.00,6342.682912,N,01058.743586,E,2,12,0.6,12.28,M,40.00,M,6.0,0907*77
2021:01:22:12:46:08.165000,1611315968.165,$GPGGA,114607.00,6342.682923,N,01058.743659,E,2,12,0.6,12.33,M,40.00,M,7.0,0907*7E
2021:01:22:12:46:09.165000,1611315969.165,$GPGGA,114608.00,6342.682944,N,01058.743628,E,2,12,0.6,12.27,M,40.00,M,8.0,0907*7C
2021:01:22:12:46:10.165000,1611315970.165,$GPGGA,114609.00,6342.682928,N,01058.743597,E,2,12,0.6,12.28,M,40.00,M,9.0,0907*7E
2021:01:22:12:46:11.165000,1611315971.165,$GPGGA,114610.00,6342.682919,N,01058.743575,E,2,12,0.6,12.30,M,40.00,M,10.0,0907*49
2021:01:22:12:46:12.165000,1611315972.165,$GPGGA,114611.00,6342.682944,N,01058.743643,E,2,12,0.6,12.32,M,40.00,M,6.0,0907*73
2021:01:22:12:46:13.165000,1611315973.165,$GPGGA,114612.00,6342.682942,N,01058.743699,E,2,12,0.6,12.31,M,40.00,M,7.0,0907*73
2021:01:22:12:46:14.166000,1611315974.166,$GPGGA,114613.00,6342.682937,N,01058.743659,E,2,12,0.6,12.29,M,40.00,M,8.0,0907*7A
2021:01:22:12:46:15.166000,1611315975.166,$GPGGA,114614.00,6342.682955,N,01058.743709,E,2,12,0.6,12.30,M,40.00,M,9.0,0907*74
2021:01:22:12:46:16.166000,1611315976.166,$GPGGA,114615.00,6342.682956,N,01058.743778,E,2,12,0.6,12.33,M,40.00,M,10.0,0907*4B
2021:01:22:12:46:17.166000,1611315977.166,$GPGGA,114616.00,6342.682957,N,01058.743740,E,2,12,0.6,12.29,M,40.00,M,11.0,0907*48
2021:01:22:12:46:18.166000,1611315978.166,$GPGGA,114617.00,6342.682968,N,01058.743809,E,2,12,0.6,12.29,M,40.00,M,12.0,0907*44
2021:01:22:12:46:19.166000,1611315979.166,$GPGGA,114618.00,6342.682955,N,01058.743905,E,2,12,0.6,12.34,M,40.00,M,7.0,0907*70
2021:01:22:12:46:20.166000,1611315980.166,$GPGGA,114619.00,6342.682968,N,01058.743956,E,2,12,0.6,12.32,M,40.00,M,8.0,0907*70
2021:01:22:12:46:21.166000,1611315981.166,$GPGGA,114620.00,6342.682982,N,01058.743989,E,2,12,0.6,12.28,M,40.00,M,9.0,0907*76
2021:01:22:12:46:22.166000,1611315982.166,$GPGGA,114621.00,6342.682941,N,01058.744017,E,2,12,0.6,12.29,M,40.00,M,10.0,0907*48
2021:01:22:12:46:23.165000,1611315983.165,$GPGGA,114622.00,6342.682919,N,01058.744138,E,2,12,0.6,12.34,M,40.00,M,11.0,0907*47
2021:01:22:12:46:24.165000,1611315984.165,$GPGGA,114623.00,6342.682943,N,01058.744210,E,2,12,0.6,12.30,M,40.00,M,12.0,0907*47
2021:01:22:12:46:25.166000,1611315985.166,$GPGGA,114624.00,6342.682911,N,01058.744190,E,2,12,0.6,12.25,M,40.00,M,8.0,0907*73
2021:01:22:12:46:26.165000,1611315986.165,$GPGGA,114625.00,6342.682846,N,01058.744258,E,2,12,0.6,12.30,M,40.00,M,9.0,0907*73
2021:01:22:12:46:27.165000,1611315987.165,$GPGGA,114626.00,6342.682832,N,01058.744353,E,2,12,0.6,12.32,M,40.00,M,10.0,0907*43
2021:01:22:12:46:28.165000,1611315988.165,$GPGGA,114627.00,6342.682811,N,01058.744319,E,2,12,0.6,12.26,M,40.00,M,11.0,0907*49
2021:01:22:12:46:29.166000,1611315989.166,$GPGGA,114628.00,6342.682739,N,01058.744323,E,2,12,0.6,12.26,M,40.00,M,7.0,0907*7D
2021:01:22:12:46:30.166000,1611315990.166,$GPGGA,114629.00,6342.682701,N,01058.744410,E,2,12,0.6,12.29,M,40.00,M,8.0,0907*70
2021:01:22:12:46:31.166000,1611315991.166,$GPGGA,114630.00,6342.682695,N,01058.744464,E,2,12,0.6,12.27,M,40.00,M,9.0,0907*78
2021:01:22:12:46:32.166000,1611315992.166,$GPGGA,114631.00,6342.682641,N,01058.744416,E,2,12,0.6,12.23,M,40.00,M,10.0,0907*49
2021:01:22:12:46:33.166000,1611315993.166,$GPGGA,114632.00,6342.682571,N,01058.744375,E,2,12,0.6,12.26,M,40.00,M,11.0,0907*4C
2021:01:22:12:46:34.166000,1611315994.166,$GPGGA,114633.00,6342.682541,N,01058.744413,E,2,12,0.6,12.30,M,40.00,M,12.0,0907*4D
2021:01:22:12:46:35.167000,1611315995.167,$GPGGA,114634.00,6342.682521,N,01058.744425,E,2,12,0.6,12.24,M,40.00,M,6.0,0907*79
2021:01:22:12:46:36.167000,1611315996.167,$GPGGA,114635.00,6342.682476,N,01058.744439,E,2,12,0.6,12.25,M,40.00,M,7.0,0907*76
2021:01:22:12:46:37.166000,1611315997.166,$GPGGA,114636.00,6342.682421,N,01058.744387,E,2,12,0.6,12.27,M,40.00,M,8.0,0907*78
2021:01:22:12:46:38.166000,1611315998.166,$GPGGA,114637.00,6342.682372,N,01058.744262,E,2,12,0.6,12.23,M,40.00,M,9.0,0907*77
2021:01:22:12:46:39.166000,1611315999.166,$GPGGA,114638.00,6342.682328,N,01058.744279,E,2,12,0.6,12.26,M,40.00,M,10.0,0907*40
2021:01:22:12:46:40.166000,1611316000.166,$GPGGA,114639.00,6342.682299,N,01058.744337,E,2,12,0.6,12.28,M,40.00,M,11.0,0907*4E
2021:01:22:12:46:42.166000,1611316002.166,$GPGGA,114641.00,6342.682181,N,01058.744123,E,2,12,0.6,12.25,M,40.00,M,13.0,0907*43
2021:01:22:12:46:43.166000,1611316003.166,$GPGGA,114642.00,6342.682151,N,01058.744146,E,2,12,0.6,12.29,M,40.00,M,14.0,0907*45
2021:01:22:12:46:44.167000,1611316004.167,$GPGGA,114643.00,6342.682136,N,01058.744151,E,2,12,0.6,12.28,M,40.00,M,15.0,0907*43
2021:01:22:12:46:46.167000,1611316006.167,$GPGGA,114645.00,6342.682031,N,01058.743990,E,2,12,0.6,12.24,M,40.00,M,7.0,0907*7E
2021:01:22:12:46:47.167000,1611316007.167,$GPGGA,114646.00,6342.681990,N,01058.743939,E,2,12,0.6,12.27,M,40.00,M,8.0,0907*73
2021:01:22:12:46:48.167000,1611316008.167,$GPGGA,114647.00,6342.681975,N,01058.743878,E,2,12,0.6,12.28,M,40.00,M,9.0,0907*73
2021:01:22:12:46:49.167000,1611316009.167,$GPGGA,114648.00,6342.681953,N,01058.743841,E,2,12,0.6,12.24,M,40.00,M,10.0,0907*46
2021:01:22:12:46:50.167000,1611316010.167,$GPGGA,114649.00,6342.681893,N,01058.743773,E,2,12,0.6,12.26,M,40.00,M,11.0,0907*47
2021:01:22:12:46:51.167000,1611316011.167,$GPGGA,114650.00,6342.681868,N,01058.743698,E,2,12,0.6,12.26,M,40.00,M,12.0,0907*4C
2021:01:22:12:46:52.167000,1611316012.167,$GPGGA,114651.00,6342.681866,N,01058.743653,E,2,12,0.6,12.24,M,40.00,M,7.0,0907*72
2021:01:22:12:46:54.166000,1611316014.166,$GPGGA,114653.00,6342.681775,N,01058.743438,E,2,12,0.6,12.25,M,40.00,M,9.0,0907*7D
2021:01:22:12:46:55.166000,1611316015.166,$GPGGA,114654.00,6342.681782,N,01058.743410,E,2,12,0.6,12.25,M,40.00,M,10.0,0907*40
2021:01:22:12:46:56.167000,1611316016.167,$GPGGA,114655.00,6342.681747,N,01058.743299,E,2,12,0.6,12.25,M,40.00,M,5.0,0907*7B
2021:01:22:12:46:57.167000,1611316017.167,$GPGGA,114656.00,6342.681706,N,01058.743164,E,2,12,0.6,12.24,M,40.00,M,6.0,0907*7E
2021:01:22:12:46:58.166000,1611316018.166,$GPGGA,114657.00,6342.681707,N,01058.743113,E,2,12,0.6,12.26,M,40.00,M,7.0,0907*7D
2021:01:22:12:46:59.167000,1611316019.167,$GPGGA,114658.00,6342.681708,N,01058.743065,E,2,12,0.6,12.26,M,40.00,M,8.0,0907*72
2021:01:22:12:47:00.168000,1611316020.168,$GPGGA,114659.00,6342.681683,N,01058.742958,E,2,12,0.6,12.22,M,40.00,M,9.0,0907*72
2021:01:22:12:47:02.167000,1611316022.167,$GPGGA,114701.00,6342.681666,N,01058.742790,E,2,12,0.6,12.25,M,40.00,M,6.0,0907*77
2021:01:22:12:47:03.167000,1611316023.167,$GPGGA,114702.00,6342.681656,N,01058.742682,E,2,12,0.6,12.24,M,40.00,M,7.0,0907*75
2021:01:22:12:47:04.167000,1611316024.167,$GPGGA,114703.00,6342.681641,N,01058.742595,E,2,12,0.6,12.23,M,40.00,M,8.0,0907*7F
2021:01:22:12:47:05.167000,1611316025.167,$GPGGA,114704.00,6342.681650,N,01058.742496,E,2,12,0.6,12.23,M,40.00,M,9.0,0907*7B
2021:01:22:12:47:06.167000,1611316026.167,$GPGGA,114705.00,6342.681634,N,01058.742463,E,2,12,0.6,12.28,M,40.00,M,5.0,0907*75
2021:01:22:12:47:07.167000,1611316027.167,$GPGGA,114706.00,6342.681640,N,01058.742357,E,2,12,0.6,12.27,M,40.00,M,6.0,0907*79
2021:01:22:12:47:08.168000,1611316028.168,$GPGGA,114707.00,6342.681645,N,01058.742192,E,2,12,0.6,12.21,M,40.00,M,7.0,0907*71
2021:01:22:12:47:09.167000,1611316029.167,$GPGGA,114708.00,6342.681631,N,01058.742193,E,2,12,0.6,12.26,M,40.00,M,8.0,0907*74
2021:01:22:12:47:10.167000,1611316030.167,$GPGGA,114709.00,6342.681642,N,01058.742195,E,2,12,0.6,12.29,M,40.00,M,9.0,0907*79
2021:01:22:12:47:11.167000,1611316031.167,$GPGGA,114710.00,6342.681659,N,01058.742086,E,2,12,0.6,12.23,M,40.00,M,10.0,0907*4A
2021:01:22:12:47:12.167000,1611316032.167,$GPGGA,114711.00,6342.681642,N,01058.741991,E,2,12,0.6,12.23,M,40.00,M,5.0,0907*79
2021:01:22:12:47:14.168000,1611316034.168,$GPGGA,114713.00,6342.681668,N,01058.741942,E,2,12,0.6,12.24,M,40.00,M,7.0,0907*78
2021:01:22:12:47:15.168000,1611316035.168,$GPGGA,114714.00,6342.681693,N,01058.741975,E,2,12,0.6,12.25,M,40.00,M,8.0,0907*71
2021:01:22:12:47:16.168000,1611316036.168,$GPGGA,114715.00,6342.681709,N,01058.741957,E,2,12,0.6,12.27,M,40.00,M,9.0,0907*71
2021:01:22:12:47:17.168000,1611316037.168,$GPGGA,114716.00,6342.681700,N,01058.741918,E,2,12,0.6,12.26,M,40.00,M,10.0,0907*49
2021:01:22:12:47:18.168000,1611316038.168,$GPGGA,114717.00,6342.681721,N,01058.741918,E,2,12,0.6,12.25,M,40.00,M,11.0,0907*49
2021:01:22:12:47:19.168000,1611316039.168,$GPGGA,114718.00,6342.681758,N,01058.741944,E,2,12,0.6,12.25,M,40.00,M,12.0,0907*42
2021:01:22:12:47:20.168000,1611316040.168,$GPGGA,114719.00,6342.681769,N,01058.742028,E,2,12,0.6,12.27,M,40.00,M,8.0,0907*78
2021:01:22:12:47:21.168000,1611316041.168,$GPGGA,114720.00,6342.681766,N,01058.742072,E,2,12,0.6,12.31,M,40.00,M,9.0,0907*74
2021:01:22:12:47:22.168000,1611316042.168,$GPGGA,114721.00,6342.681774,N,01058.742107,E,2,12,0.6,12.30,M,40.00,M,10.0,0907*4C
2021:01:22:12:47:23.167000,1611316043.167,$GPGGA,114722.00,6342.681821,N,01058.742176,E,2,12,0.6,12.27,M,40.00,M,11.0,0907*41
2021:01:22:12:47:24.167000,1611316044.167,$GPGGA,114723.00,6342.681816,N,01058.742260,E,2,12,0.6,12.29,M,40.00,M,12.0,0907*4D
2021:01:22:12:47:25.167000,1611316045.167,$GPGGA,114724.00,6342.681792,N,01058.742352,E,2,12,0.6,12.31,M,40.00,M,13.0,0907*41
2021:01:22:12:47:26.167000,1611316046.167,$GPGGA,114725.00,6342.681832,N,01058.742463,E,2,12,0.6,12.29,M,40.00,M,9.0,0907*72
2021:01:22:12:47:27.167000,1611316047.167,$GPGGA,114726.00,6342.681854,N,01058.742585,E,2,12,0.6,12.27,M,40.00,M,10.0,0907*4E
2021:01:22:12:47:28.168000,1611316048.168,$GPGGA,114727.00,6342.681837,N,01058.742676,E,2,12,0.6,12.30,M,40.00,M,11.0,0907*42
2021:01:22:12:47:29.168000,1611316049.168,$GPGGA,114728.00,6342.681846,N,01058.742772,E,2,12,0.6,12.31,M,40.00,M,12.0,0907*4C
2021:01:22:12:47:30.168000,1611316050.168,$GPGGA,114729.00,6342.681873,N,01058.742859,E,2,12,0.6,12.27,M,40.00,M,8.0,0907*71
2021:01:22:12:47:31.168000,1611316051.168,$GPGGA,114730.00,6342.681863,N,01058.742900,E,2,12,0.6,12.26,M,40.00,M,9.0,0907*75
2021:01:22:12:47:32.168000,1611316052.168,$GPGGA,114731.00,6342.681855,N,01058.742977,E,2,12,0.6,12.28,M,40.00,M,10.0,0907*47
2021:01:22:12:47:33.168000,1611316053.168,$GPGGA,114732.00,6342.681855,N,01058.743011,E,2,12,0.6,12.26,M,40.00,M,11.0,0907*43
2021:01:22:12:47:34.168000,1611316054.168,$GPGGA,114733.00,6342.681867,N,01058.743060,E,2,12,0.6,12.26,M,40.00,M,12.0,0907*46
2021:01:22:12:47:35.169000,1611316055.169,$GPGGA,114734.00,6342.681896,N,01058.743166,E,2,12,0.6,12.27,M,40.00,M,13.0,0907*48
2021:01:22:12:47:36.168000,1611316056.168,$GPGGA,114735.00,6342.681895,N,01058.743243,E,2,12,0.6,12.28,M,40.00,M,8.0,0907*7B
2021:01:22:12:47:37.168000,1611316057.168,$GPGGA,114736.00,6342.681881,N,01058.743302,E,2,12,0.6,12.28,M,40.00,M,9.0,0907*78
2021:01:22:12:47:38.168000,1611316058.168,$GPGGA,114737.00,6342.681901,N,01058.743286,E,2,12,0.6,12.25,M,40.00,M,10.0,0907*48
2021:01:22:12:47:39.168000,1611316059.168,$GPGGA,114738.00,6342.681920,N,01058.743304,E,2,12,0.6,12.24,M,40.00,M,11.0,0907*4F
2021:01:22:12:47:40.168000,1611316060.168,$GPGGA,114739.00,6342.681919,N,01058.743438,E,2,12,0.6,12.29,M,40.00,M,12.0,0907*42
2021:01:22:12:47:41.168000,1611316061.168,$GPGGA,114740.00,6342.681919,N,01058.743469,E,2,12,0.6,12.27,M,40.00,M,13.0,0907*47
2021:01:22:12:47:42.168000,1611316062.168,$GPGGA,114741.00,6342.681950,N,01058.743488,E,2,12,0.6,12.24,M,40.00,M,14.0,0907*40
2021:01:22:12:47:44.169000,1611316064.169,$GPGGA,114743.00,6342.681948,N,01058.743595,E,2,12,0.6,12.28,M,40.00,M,16.0,0907*48
2021:01:22:12:47:45.169000,1611316065.169,$GPGGA,114744.00,6342.681984,N,01058.743670,E,2,12,0.6,12.26,M,40.00,M,17.0,0907*48
2021:01:22:12:47:46.169000,1611316066.169,$GPGGA,114745.00,6342.682028,N,01058.743703,E,2,12,0.6,12.23,M,40.00,M,18.0,0907*4A
2021:01:22:12:47:47.169000,1611316067.169,$GPGGA,114746.00,6342.682021,N,01058.743686,E,2,12,0.6,12.25,M,40.00,M,19.0,0907*4B
2021:01:22:12:47:48.169000,1611316068.169,$GPGGA,114747.00,6342.682039,N,01058.743720,E,2,12,0.6,12.26,M,40.00,M,20.0,0907*47
2021:01:22:12:47:49.169000,1611316069.169,$GPGGA,114748.00,6342.682083,N,01058.743784,E,2,12,0.6,12.26,M,40.00,M,9.0,0907*7C
2021:01:22:12:47:50.169000,1611316070.169,$GPGGA,114749.00,6342.682117,N,01058.743817,E,2,12,0.6,12.24,M,40.00,M,10.0,0907*4E
2021:01:22:12:47:52.169000,1611316072.169,$GPGGA,114751.00,6342.682169,N,01058.743922,E,2,12,0.6,12.27,M,40.00,M,12.0,0907*48
2021:01:22:12:47:53.169000,1611316073.169,$GPGGA,114752.00,6342.682218,N,01058.743951,E,2,12,0.6,12.27,M,40.00,M,8.0,0907*71
2021:01:22:12:47:54.168000,1611316074.168,$GPGGA,114753.00,6342.682239,N,01058.743949,E,2,12,0.6,12.25,M,40.00,M,9.0,0907*79
2021:01:22:12:47:56.168000,1611316076.168,$GPGGA,114755.00,6342.682303,N,01058.744063,E,2,12,0.6,12.27,M,40.00,M,11.0,0907*4A
2021:01:22:12:47:57.169000,1611316077.169,$GPGGA,114756.00,6342.682344,N,01058.744066,E,2,12,0.6,12.24,M,40.00,M,6.0,0907*7A
2021:01:22:12:47:58.169000,1611316078.169,$GPGGA,114757.00,6342.682354,N,01058.744147,E,2,12,0.6,12.27,M,40.00,M,7.0,0907*7A
2021:01:22:12:47:59.169000,1611316079.169,$GPGGA,114758.00,6342.682374,N,01058.744215,E,2,12,0.6,12.32,M,40.00,M,8.0,0907*78
2021:01:22:12:48:00.169000,1611316080.169,$GPGGA,114759.00,6342.682424,N,01058.744248,E,2,12,0.6,12.28,M,40.00,M,9.0,0907*79
2021:01:22:12:48:01.169000,1611316081.169,$GPGGA,114800.00,6342.682452,N,01058.744303,E,2,12,0.6,12.26,M,40.00,M,10.0,0907*43
2021:01:22:12:48:02.169000,1611316082.169,$GPGGA,114801.00,6342.682444,N,01058.744383,E,2,12,0.6,12.30,M,40.00,M,11.0,0907*4B
2021:01:22:12:48:04.169000,1611316084.169,$GPGGA,114803.00,6342.682509,N,01058.744478,E,2,12,0.6,12.24,M,40.00,M,8.0,0907*7F
2021:01:22:12:48:05.169000,1611316085.169,$GPGGA,114804.00,6342.682507,N,01058.744560,E,2,12,0.6,12.23,M,40.00,M,9.0,0907*78
2021:01:22:12:48:06.169000,1611316086.169,$GPGGA,114805.00,6342.682497,N,01058.744675,E,2,12,0.6,12.31,M,40.00,M,10.0,0907*4D
2021:01:22:12:48:07.169000,1611316087.169,$GPGGA,114806.00,6342.682524,N,01058.744704,E,2,12,0.6,12.28,M,40.00,M,6.0,0907*7F
2021:01:22:12:48:08.169000,1611316088.169,$GPGGA,114807.00,6342.682544,N,01058.744701,E,2,12,0.6,12.21,M,40.00,M,7.0,0907*75
2021:01:22:12:48:09.169000,1611316089.169,$GPGGA,114808.00,6342.682526,N,01058.744788,E,2,12,0.6,12.27,M,40.00,M,8.0,0907*76
2021:01:22:12:48:10.169000,1611316090.169,$GPGGA,114809.00,6342.682507,N,01058.744845,E,2,12,0.6,12.32,M,40.00,M,9.0,0907*7F
2021:01:22:12:48:12.170000,1611316092.17,$GPGGA,114811.00,6342.682546,N,01058.744881,E,2,12,0.6,12.23,M,40.00,M,11.0,0907*42
2021:01:22:12:48:13.170000,1611316093.17,$GPGGA,114812.00,6342.682517,N,01058.744976,E,2,12,0.6,12.28,M,40.00,M,7.0,0907*70
2021:01:22:12:48:14.170000,1611316094.17,$GPGGA,114813.00,6342.682493,N,01058.744904,E,2,12,0.6,12.25,M,40.00,M,8.0,0907*7B
2021:01:22:12:48:16.170000,1611316096.17,$GPGGA,114815.00,6342.682505,N,01058.745005,E,2,12,0.6,12.27,M,40.00,M,5.0,0907*75
2021:01:22:12:48:17.170000,1611316097.17,$GPGGA,114816.00,6342.682496,N,01058.744973,E,2,12,0.6,12.27,M,40.00,M,6.0,0907*77
2021:01:22:12:48:18.170000,1611316098.17,$GPGGA,114817.00,6342.682503,N,01058.744977,E,2,12,0.6,12.24,M,40.00,M,7.0,0907*7D
2021:01:22:12:48:19.170000,1611316099.17,$GPGGA,114818.00,6342.682495,N,01058.744999,E,2,12,0.6,12.26,M,40.00,M,8.0,0907*71
2021:01:22:12:48:20.170000,1611316100.17,$GPGGA,114819.00,6342.682496,N,01058.744968,E,2,12,0.6,12.26,M,40.00,M,9.0,0907*7C
2021:01:22:12:48:21.170000,1611316101.17,$GPGGA,114820.00,6342.682497,N,01058.744917,E,2,12,0.6,12.25,M,40.00,M,10.0,0907*44
2021:01:22:12:48:22.170000,1611316102.17,$GPGGA,114821.00,6342.682510,N,01058.744928,E,2,12,0.6,12.26,M,40.00,M,11.0,0907*45
2021:01:22:12:48:23.170000,1611316103.17,$GPGGA,114822.00,6342.682531,N,01058.744935,E,2,12,0.6,12.26,M,40.00,M,12.0,0907*4A
2021:01:22:12:48:24.170000,1611316104.17,$GPGGA,114823.00,6342.682527,N,01058.744861,E,2,12,0.6,12.24,M,40.00,M,13.0,0907*4F
2021:01:22:12:48:25.169000,1611316105.169,$GPGGA,114824.00,6342.682511,N,01058.744786,E,2,12,0.6,12.25,M,40.00,M,14.0,0907*4D
2021:01:22:12:48:26.169000,1611316106.169,$GPGGA,114825.00,6342.682536,N,01058.744805,E,2,12,0.6,12.24,M,40.00,M,4.0,0907*7D
2021:01:22:12:48:27.170000,1611316107.17,$GPGGA,114826.00,6342.682559,N,01058.744824,E,2,12,0.6,12.22,M,40.00,M,5.0,0907*73
2021:01:22:12:48:28.170000,1611316108.17,$GPGGA,114827.00,6342.682541,N,01058.744792,E,2,12,0.6,12.22,M,40.00,M,6.0,0907*7A
2021:01:22:12:48:29.171000,1611316109.171,$GPGGA,114828.00,6342.682533,N,01058.744787,E,2,12,0.6,12.24,M,40.00,M,7.0,0907*73
2021:01:22:12:48:30.170000,1611316110.17,$GPGGA,114829.00,6342.682549,N,01058.744731,E,2,12,0.6,12.22,M,40.00,M,8.0,0907*7B
2021:01:22:12:48:31.170000,1611316111.17,$GPGGA,114830.00,6342.682543,N,01058.744761,E,2,12,0.6,12.23,M,40.00,M,9.0,0907*7C
2021:01:22:12:48:32.170000,1611316112.17,$GPGGA,114831.00,6342.682524,N,01058.744800,E,2,12,0.6,12.25,M,40.00,M,5.0,0907*7E
2021:01:22:12:48:33.170000,1611316113.17,$GPGGA,114832.00,6342.682515,N,01058.744747,E,2,12,0.6,12.23,M,40.00,M,6.0,0907*76
2021:01:22:12:48:34.170000,1611316114.17,$GPGGA,114833.00,6342.682498,N,01058.744711,E,2,12,0.6,12.23,M,40.00,M,7.0,0907*71
2021:01:22:12:48:35.170000,1611316115.17,$GPGGA,114834.00,6342.682475,N,01058.744695,E,2,12,0.6,12.24,M,40.00,M,8.0,0907*70
2021:01:22:12:48:36.170000,1611316116.17,$GPGGA,114835.00,6342.682475,N,01058.744699,E,2,12,0.6,12.25,M,40.00,M,9.0,0907*7D
2021:01:22:12:48:37.170000,1611316117.17,$GPGGA,114836.00,6342.682451,N,01058.744633,E,2,12,0.6,12.24,M,40.00,M,10.0,0907*41
2021:01:22:12:48:38.170000,1611316118.17,$GPGGA,114837.00,6342.682415,N,01058.744559,E,2,12,0.6,12.25,M,40.00,M,11.0,0907*4F
2021:01:22:12:48:39.170000,1611316119.17,$GPGGA,114838.00,6342.682419,N,01058.744577,E,2,12,0.6,12.27,M,40.00,M,12.0,0907*41
2021:01:22:12:48:40.170000,1611316120.17,$GPGGA,114839.00,6342.682400,N,01058.744510,E,2,12,0.6,12.27,M,40.00,M,8.0,0907*72
2021:01:22:12:48:41.170000,1611316121.17,$GPGGA,114840.00,6342.682366,N,01058.744403,E,2,12,0.6,12.26,M,40.00,M,9.0,0907*78
2021:01:22:12:48:42.171000,1611316122.171,$GPGGA,114841.00,6342.682367,N,01058.744399,E,2,12,0.6,12.25,M,40.00,M,10.0,0907*47
2021:01:22:12:48:43.171000,1611316123.171,$GPGGA,114842.00,6342.682351,N,01058.744362,E,2,12,0.6,12.28,M,40.00,M,11.0,0907*49
2021:01:22:12:48:44.171000,1611316124.171,$GPGGA,114843.00,6342.682314,N,01058.744235,E,2,12,0.6,12.27,M,40.00,M,12.0,0907*46
2021:01:22:12:48:46.171000,1611316126.171,$GPGGA,114845.00,6342.682311,N,01058.744085,E,2,12,0.6,12.24,M,40.00,M,14.0,0907*49
2021:01:22:12:48:47.171000,1611316127.171,$GPGGA,114846.00,6342.682283,N,01058.744051,E,2,12,0.6,12.27,M,40.00,M,15.0,0907*4B
2021:01:22:12:48:48.171000,1611316128.171,$GPGGA,114847.00,6342.682276,N,01058.744019,E,2,12,0.6,12.29,M,40.00,M,16.0,0907*41
2021:01:22:12:48:49.171000,1611316129.171,$GPGGA,114848.00,6342.682299,N,01058.743948,E,2,12,0.6,12.24,M,40.00,M,17.0,0907*49
2021:01:22:12:48:50.171000,1611316130.171,$GPGGA,114849.00,6342.682272,N,01058.743843,E,2,12,0.7,12.25,M,40.00,M,7.0,0907*76
2021:01:22:12:48:51.171000,1611316131.171,$GPGGA,114850.00,6342.682235,N,01058.743781,E,2,12,0.7,12.29,M,40.00,M,8.0,0907*7F
2021:01:22:12:48:52.171000,1611316132.171,$GPGGA,114851.00,6342.682258,N,01058.743729,E,2,12,0.7,12.28,M,40.00,M,9.0,0907*77
2021:01:22:12:48:53.171000,1611316133.171,$GPGGA,114852.00,6342.682267,N,01058.743673,E,2,12,0.7,12.27,M,40.00,M,10.0,0907*41
2021:01:22:12:48:54.171000,1611316134.171,$GPGGA,114853.00,6342.682226,N,01058.743564,E,2,12,0.7,12.28,M,40.00,M,6.0,0907*78
2021:01:22:12:48:55.170000,1611316135.17,$GPGGA,114854.00,6342.682222,N,01058.743522,E,2,12,0.7,12.30,M,40.00,M,7.0,0907*71
2021:01:22:12:48:56.170000,1611316136.17,$GPGGA,114855.00,6342.682231,N,01058.743524,E,2,12,0.7,12.32,M,40.00,M,8.0,0907*79
2021:01:22:12:48:57.171000,1611316137.171,$GPGGA,114856.00,6342.682215,N,01058.743404,E,2,12,0.7,12.29,M,40.00,M,9.0,0907*74
2021:01:22:12:48:58.171000,1611316138.171,$GPGGA,114857.00,6342.682198,N,01058.743340,E,2,12,0.7,12.29,M,40.00,M,10.0,0907*4C
2021:01:22:12:48:59.171000,1611316139.171,$GPGGA,114858.00,6342.682197,N,01058.743362,E,2,12,0.7,12.33,M,40.00,M,11.0,0907*46
2021:01:22:12:49:00.171000,1611316140.171,$GPGGA,114859.00,6342.682186,N,01058.743254,E,2,12,0.7,12.29,M,40.00,M,7.0,0907*7F
2021:01:22:12:49:02.171000,1611316142.171,$GPGGA,114901.00,6342.682137,N,01058.743122,E,2,12,0.7,12.30,M,40.00,M,9.0,0907*7D
2021:01:22:12:49:03.171000,1611316143.171,$GPGGA,114902.00,6342.682143,N,01058.743117,E,2,12,0.7,12.28,M,40.00,M,10.0,0907*4A
2021:01:22:12:49:04.171000,1611316144.171,$GPGGA,114903.00,6342.682136,N,01058.743098,E,2,12,0.7,12.27,M,40.00,M,11.0,0907*41
2021:01:22:12:49:06.171000,1611316146.171,$GPGGA,114905.00,6342.682070,N,01058.742965,E,2,12,0.7,12.29,M,40.00,M,13.0,0907*42
2021:01:22:12:49:07.171000,1611316147.171,$GPGGA,114906.00,6342.682087,N,01058.742884,E,2,12,0.7,12.24,M,40.00,M,8.0,0907*70
2021:01:22:12:49:08.171000,1611316148.171,$GPGGA,114907.00,6342.682079,N,01058.742872,E,2,12,0.7,12.24,M,40.00,M,9.0,0907*78
2021:01:22:12:49:09.171000,1611316149.171,$GPGGA,114908.00,6342.682038,N,01058.742860,E,2,12,0.7,12.27,M,40.00,M,10.0,0907*4A
2021:01:22:12:49:10.171000,1611316150.171,$GPGGA,114909.00,6342.682028,N,01058.742761,E,2,12,0.7,12.26,M,40.00,M,6.0,0907*72
2021:01:22:12:49:11.171000,1611316151.171,$GPGGA,114910.00,6342.682036,N,01058.742722,E,2,12,0.7,12.25,M,40.00,M,7.0,0907*70
2021:01:22:12:49:12.172000,1611316152.172,$GPGGA,114911.00,6342.682041,N,01058.742760,E,2,12,0.7,12.28,M,40.00,M,8.0,0907*75
2021:01:22:12:49:14.172000,1611316154.172,$GPGGA,114913.00,6342.681988,N,01058.742541,E,2,12,0.7,12.20,M,40.00,M,5.0,0907*7C
2021:01:22:12:49:15.172000,1611316155.172,$GPGGA,114914.00,6342.682004,N,01058.742588,E,2,12,0.7,12.25,M,40.00,M,6.0,0907*76
2021:01:22:12:49:16.172000,1611316156.172,$GPGGA,114915.00,6342.681980,N,01058.742584,E,2,12,0.7,12.28,M,40.00,M,7.0,0907*71
2021:01:22:12:49:17.172000,1611316157.172,$GPGGA,114916.00,6342.681975,N,01058.742472,E,2,12,0.7,12.21,M,40.00,M,8.0,0907*76
2021:01:22:12:49:18.172000,1611316158.172,$GPGGA,114917.00,6342.681979,N,01058.742464,E,2,12,0.7,12.21,M,40.00,M,9.0,0907*7D
2021:01:22:12:49:19.172000,1611316159.172,$GPGGA,114918.00,6342.681955,N,01058.742465,E,2,12,0.7,12.25,M,40.00,M,10.0,0907*41
2021:01:22:12:49:20.172000,1611316160.172,$GPGGA,114919.00,6342.681957,N,01058.742419,E,2,12,0.7,12.23,M,40.00,M,11.0,0907*4E
2021:01:22:12:49:21.172000,1611316161.172,$GPGGA,114920.00,6342.681974,N,01058.742414,E,2,12,0.7,12.22,M,40.00,M,7.0,0907*7E
2021:01:22:12:49:22.172000,1611316162.172,$GPGGA,114921.00,6342.681972,N,01058.742380,E,2,12,0.7,12.24,M,40.00,M,8.0,0907*7A
2021:01:22:12:49:23.172000,1611316163.172,$GPGGA,114922.00,6342.681958,N,01058.742338,E,2,12,0.7,12.23,M,40.00,M,9.0,0907*74
2021:01:22:12:49:24.172000,1611316164.172,$GPGGA,114923.00,6342.681956,N,01058.742323,E,2,12,0.7,12.22,M,40.00,M,10.0,0907*48
2021:01:22:12:49:25.171000,1611316165.171,$GPGGA,114924.00,6342.681977,N,01058.742339,E,2,12,0.7,12.23,M,40.00,M,11.0,0907*47
2021:01:22:12:49:26.171000,1611316166.171,$GPGGA,114925.00,6342.681986,N,01058.742326,E,2,12,0.7,12.22,M,40.00,M,12.0,0907*44
2021:01:22:12:49:27.172000,1611316167.172,$GPGGA,114926.00,6342.681985,N,01058.742334,E,2,12,0.7,12.21,M,40.00,M,7.0,0907*70
2021:01:22:12:49:28.172000,1611316168.172,$GPGGA,114927.00,6342.681983,N,01058.742292,E,2,12,0.7,12.20,M,40.00,M,8.0,0907*74
2021:01:22:12:49:29.172000,1611316169.172,$GPGGA,114928.00,6342.681998,N,01058.742267,E,2,12,0.7,12.20,M,40.00,M,9.0,0907*7A
2021:01:22:12:49:30.172000,1611316170.172,$GPGGA,114929.00,6342.682035,N,01058.742305,E,2,12,0.7,12.22,M,40.00,M,5.0,0907*7D
2021:01:22:12:49:31.172000,1611316171.172,$GPGGA,114930.00,6342.682053,N,01058.742295,E,2,12,0.7,12.21,M,40.00,M,6.0,0907*7D
2021:01:22:12:49:32.172000,1611316172.172,$GPGGA,114931.00,6342.682048,N,01058.742248,E,2,12,0.7,12.20,M,40.00,M,7.0,0907*76
2021:01:22:12:49:33.172000,1611316173.172,$GPGGA,114932.00,6342.682070,N,01058.742235,E,2,12,0.7,12.20,M,40.00,M,8.0,0907*7B
2021:01:22:12:49:34.172000,1611316174.172,$GPGGA,114933.00,6342.682126,N,01058.742278,E,2,12,0.7,12.20,M,40.00,M,9.0,0907*70
2021:01:22:12:49:35.172000,1611316175.172,$GPGGA,114934.00,6342.682140,N,01058.742313,E,2,12,0.7,12.22,M,40.00,M,10.0,0907*41
2021:01:22:12:49:36.172000,1611316176.172,$GPGGA,114935.00,6342.682138,N,01058.742289,E,2,12,0.7,12.21,M,40.00,M,11.0,0907*4F
2021:01:22:12:49:37.172000,1611316177.172,$GPGGA,114936.00,6342.682191,N,01058.742273,E,2,12,0.7,12.21,M,40.00,M,7.0,0907*7D
2021:01:22:12:49:38.172000,1611316178.172,$GPGGA,114937.00,6342.682244,N,01058.742362,E,2,12,0.7,12.24,M,40.00,M,8.0,0907*7C
2021:01:22:12:49:39.172000,1611316179.172,$GPGGA,114938.00,6342.682237,N,01058.742385,E,2,12,0.7,12.24,M,40.00,M,9.0,0907*7F
2021:01:22:12:49:40.172000,1611316180.172,$GPGGA,114939.00,6342.682261,N,01058.742351,E,2,12,0.7,12.19,M,40.00,M,10.0,0907*42
2021:01:22:12:49:41.172000,1611316181.172,$GPGGA,114940.00,6342.682319,N,01058.742439,E,2,12,0.7,12.20,M,40.00,M,11.0,0907*40
2021:01:22:12:49:42.173000,1611316182.173,$GPGGA,114941.00,6342.682347,N,01058.742522,E,2,12,0.7,12.25,M,40.00,M,12.0,0907*47
2021:01:22:12:49:43.173000,1611316183.173,$GPGGA,114942.00,6342.682351,N,01058.742544,E,2,12,0.7,12.23,M,40.00,M,13.0,0907*44
2021:01:22:12:49:44.173000,1611316184.173,$GPGGA,114943.00,6342.682388,N,01058.742567,E,2,12,0.7,12.20,M,40.00,M,14.0,0907*44
2021:01:22:12:49:45.173000,1611316185.173,$GPGGA,114944.00,6342.682426,N,01058.742566,E,2,12,0.7,12.19,M,40.00,M,15.0,0907*4A
2021:01:22:12:49:46.173000,1611316186.173,$GPGGA,114945.00,6342.682440,N,01058.742650,E,2,12,0.7,12.22,M,40.00,M,16.0,0907*46
2021:01:22:12:49:47.173000,1611316187.173,$GPGGA,114946.00,6342.682461,N,01058.742736,E,2,12,0.7,12.26,M,40.00,M,17.0,0907*42
2021:01:22:12:49:48.173000,1611316188.173,$GPGGA,114947.00,6342.682480,N,01058.742704,E,2,12,0.7,12.22,M,40.00,M,18.0,0907*46
2021:01:22:12:49:49.173000,1611316189.173,$GPGGA,114948.00,6342.682509,N,01058.742753,E,2,12,0.7,12.22,M,40.00,M,19.0,0907*4A
2021:01:22:12:49:50.173000,1611316190.173,$GPGGA,114949.00,6342.682539,N,01058.742845,E,2,12,0.7,12.25,M,40.00,M,12.0,0907*4C
2021:01:22:12:49:52.173000,1611316192.173,$GPGGA,114951.00,6342.682557,N,01058.742938,E,2,12,0.7,12.25,M,40.00,M,14.0,0907*40
2021:01:22:12:49:53.173000,1611316193.173,$GPGGA,114952.00,6342.682575,N,01058.742998,E,2,12,0.7,12.25,M,40.00,M,15.0,0907*48
2021:01:22:12:49:54.173000,1611316194.173,$GPGGA,114953.00,6342.682588,N,01058.743022,E,2,12,0.7,12.25,M,40.00,M,16.0,0907*41
2021:01:22:12:49:56.172000,1611316196.172,$GPGGA,114955.00,6342.682573,N,01058.743040,E,2,12,0.7,12.23,M,40.00,M,18.0,0907*4F
2021:01:22:12:49:57.173000,1611316197.173,$GPGGA,114956.00,6342.682599,N,01058.743122,E,2,12,0.7,12.25,M,40.00,M,19.0,0907*4A
2021:01:22:12:49:58.173000,1611316198.173,$GPGGA,114957.00,6342.682611,N,01058.743128,E,2,12,0.7,12.22,M,40.00,M,20.0,0907*4F
2021:01:22:12:49:59.173000,1611316199.173,$GPGGA,114958.00,6342.682618,N,01058.743138,E,2,12,0.7,12.20,M,40.00,M,21.0,0907*4B
2021:01:22:12:50:00.173000,1611316200.173,$GPGGA,114959.00,6342.682618,N,01058.743177,E,2,12,0.7,12.25,M,40.00,M,11.0,0907*47
2021:01:22:12:50:01.173000,1611316201.173,$GPGGA,115000.00,6342.682617,N,01058.743182,E,2,12,0.7,12.24,M,40.00,M,12.0,0907*44
2021:01:22:12:50:02.173000,1611316202.173,$GPGGA,115001.00,6342.682632,N,01058.743222,E,2,12,0.7,12.22,M,40.00,M,13.0,0907*4C
2021:01:22:12:50:04.173000,1611316204.173,$GPGGA,115003.00,6342.682654,N,01058.743375,E,2,12,0.7,12.23,M,40.00,M,9.0,0907*77
2021:01:22:12:50:05.173000,1611316205.173,$GPGGA,115004.00,6342.682640,N,01058.743347,E,2,12,0.7,12.22,M,40.00,M,10.0,0907*4D
2021:01:22:12:50:06.173000,1611316206.173,$GPGGA,115005.00,6342.682641,N,01058.743413,E,2,12,0.7,12.24,M,40.00,M,11.0,0907*4C
2021:01:22:12:50:07.173000,1611316207.173,$GPGGA,115006.00,6342.682656,N,01058.743493,E,2,12,0.7,12.22,M,40.00,M,7.0,0907*70
2021:01:22:12:50:08.173000,1611316208.173,$GPGGA,115007.00,6342.682664,N,01058.743532,E,2,12,0.7,12.21,M,40.00,M,8.0,0907*76
2021:01:22:12:50:09.173000,1611316209.173,$GPGGA,115008.00,6342.682662,N,01058.743581,E,2,12,0.7,12.21,M,40.00,M,9.0,0907*76
2021:01:22:12:50:10.173000,1611316210.173,$GPGGA,115009.00,6342.682681,N,01058.743653,E,2,12,0.7,12.24,M,40.00,M,5.0,0907*7F
2021:01:22:12:50:12.174000,1611316212.174,$GPGGA,115011.00,6342.682723,N,01058.743641,E,2,12,0.7,12.19,M,40.00,M,7.0,0907*70
2021:01:22:12:50:13.174000,1611316213.174,$GPGGA,115012.00,6342.682745,N,01058.743733,E,2,12,0.7,12.23,M,40.00,M,8.0,0907*71
2021:01:22:12:50:14.174000,1611316214.174,$GPGGA,115013.00,6342.682758,N,01058.743732,E,2,12,0.7,12.22,M,40.00,M,9.0,0907*7D
2021:01:22:12:50:16.174000,1611316216.174,$GPGGA,115015.00,6342.682821,N,01058.743800,E,2,12,0.7,12.22,M,40.00,M,11.0,0907*4D
2021:01:22:12:50:17.174000,1611316217.174,$GPGGA,115016.00,6342.682829,N,01058.743820,E,2,12,0.7,12.19,M,40.00,M,7.0,0907*7B
2021:01:22:12:50:18.174000,1611316218.174,$GPGGA,115017.00,6342.682849,N,01058.743889,E,2,12,0.7,12.20,M,40.00,M,8.0,0907*7A
2021:01:22:12:50:19.174000,1611316219.174,$GPGGA,115018.00,6342.682873,N,01058.743999,E,2,12,0.7,12.23,M,40.00,M,9.0,0907*7E
2021:01:22:12:50:20.174000,1611316220.174,$GPGGA,115019.00,6342.682897,N,01058.744076,E,2,12,0.7,12.22,M,40.00,M,10.0,0907*43
2021:01:22:12:50:21.174000,1611316221.174,$GPGGA,115020.00,6342.682914,N,01058.744099,E,2,12,0.7,12.20,M,40.00,M,11.0,0907*41
2021:01:22:12:50:22.174000,1611316222.174,$GPGGA,115021.00,6342.682912,N,01058.744158,E,2,12,0.7,12.22,M,40.00,M,12.0,0907*4B
2021:01:22:12:50:23.174000,1611316223.174,$GPGGA,115022.00,6342.682945,N,01058.744250,E,2,12,0.7,12.24,M,40.00,M,13.0,0907*46
2021:01:22:12:50:24.174000,1611316224.174,$GPGGA,115023.00,6342.682985,N,01058.744328,E,2,12,0.7,12.24,M,40.00,M,8.0,0907*7F
2021:01:22:12:50:25.174000,1611316225.174,$GPGGA,115024.00,6342.682982,N,01058.744359,E,2,12,0.7,12.22,M,40.00,M,9.0,0907*7E
2021:01:22:12:50:26.173000,1611316226.173,$GPGGA,115025.00,6342.682991,N,01058.744413,E,2,12,0.7,12.22,M,40.00,M,10.0,0907*4C
2021:01:22:12:50:27.174000,1611316227.174,$GPGGA,115026.00,6342.683025,N,01058.744486,E,2,12,0.7,12.24,M,40.00,M,6.0,0907*75
2021:01:22:12:50:28.174000,1611316228.174,$GPGGA,115027.00,6342.683031,N,01058.744515,E,2,12,0.7,12.25,M,40.00,M,7.0,0907*7A
2021:01:22:12:50:29.174000,1611316229.174,$GPGGA,115028.00,6342.683032,N,01058.744553,E,2,12,0.7,12.23,M,40.00,M,8.0,0907*7D
2021:01:22:12:50:30.174000,1611316230.174,$GPGGA,115029.00,6342.683060,N,01058.744596,E,2,12,0.7,12.18,M,40.00,M,9.0,0907*7B
2021:01:22:12:50:31.174000,1611316231.174,$GPGGA,115030.00,6342.683066,N,01058.744642,E,2,12,0.7,12.20,M,40.00,M,5.0,0907*78
2021:01:22:12:50:32.174000,1611316232.174,$GPGGA,115031.00,6342.683064,N,01058.744719,E,2,12,0.7,12.22,M,40.00,M,6.0,0907*75
2021:01:22:12:50:33.174000,1611316233.174,$GPGGA,115032.00,6342.683091,N,01058.744768,E,2,12,0.7,12.21,M,40.00,M,7.0,0907*78
2021:01:22:12:50:34.174000,1611316234.174,$GPGGA,115033.00,6342.683119,N,01058.744780,E,2,12,0.7,12.17,M,40.00,M,8.0,0907*74
2021:01:22:12:50:35.174000,1611316235.174,$GPGGA,115034.00,6342.683116,N,01058.744826,E,2,12,0.7,12.21,M,40.00,M,9.0,0907*7B
2021:01:22:12:50:36.174000,1611316236.174,$GPGGA,115035.00,6342.683101,N,01058.744866,E,2,12,0.7,12.24,M,40.00,M,10.0,0907*45
2021:01:22:12:50:37.174000,1611316237.174,$GPGGA,115036.00,6342.683134,N,01058.744863,E,2,12,0.7,12.19,M,40.00,M,6.0,0907*7C
2021:01:22:12:50:38.174000,1611316238.174,$GPGGA,115037.00,6342.683164,N,01058.744928,E,2,12,0.7,12.19,M,40.00,M,7.0,0907*77
2021:01:22:12:50:39.174000,1611316239.174,$GPGGA,115038.00,6342.683149,N,01058.745012,E,2,12,0.7,12.25,M,40.00,M,8.0,0907*76
2021:01:22:12:50:40.174000,1611316240.174,$GPGGA,115039.00,6342.683159,N,01058.745060,E,2,12,0.7,12.24,M,40.00,M,9.0,0907*73
2021:01:22:12:50:41.174000,1611316241.174,$GPGGA,115040.00,6342.683186,N,01058.745062,E,2,12,0.7,12.20,M,40.00,M,10.0,0907*41
2021:01:22:12:50:42.175000,1611316242.175,$GPGGA,115041.00,6342.683176,N,01058.745098,E,2,12,0.7,12.23,M,40.00,M,11.0,0907*48
2021:01:22:12:50:43.175000,1611316243.175,$GPGGA,115042.00,6342.683174,N,01058.745182,E,2,12,0.7,12.26,M,40.00,M,12.0,0907*45
2021:01:22:12:50:44.175000,1611316244.175,$GPGGA,115043.00,6342.683195,N,01058.745184,E,2,12,0.7,12.22,M,40.00,M,13.0,0907*48
2021:01:22:12:50:45.175000,1611316245.175,$GPGGA,115044.00,6342.683171,N,01058.745102,E,2,12,0.7,12.19,M,40.00,M,9.0,0907*78
2021:01:22:12:50:46.175000,1611316246.175,$GPGGA,115045.00,6342.683148,N,01058.745121,E,2,12,0.7,12.23,M,40.00,M,10.0,0907*43
2021:01:22:12:50:47.175000,1611316247.175,$GPGGA,115046.00,6342.683165,N,01058.745219,E,2,12,0.7,12.27,M,40.00,M,5.0,0907*77
2021:01:22:12:50:48.175000,1611316248.175,$GPGGA,115047.00,6342.683178,N,01058.745232,E,2,12,0.7,12.24,M,40.00,M,6.0,0907*73
2021:01:22:12:50:49.175000,1611316249.175,$GPGGA,115048.00,6342.683166,N,01058.745197,E,2,12,0.7,12.22,M,40.00,M,7.0,0907*78
2021:01:22:12:50:50.175000,1611316250.175,$GPGGA,115049.00,6342.683125,N,01058.745184,E,2,12,0.7,12.24,M,40.00,M,8.0,0907*75
2021:01:22:12:50:51.175000,1611316251.175,$GPGGA,115050.00,6342.683127,N,01058.745135,E,2,12,0.7,12.25,M,40.00,M,9.0,0907*75
2021:01:22:12:50:52.175000,1611316252.175,$GPGGA,115051.00,6342.683142,N,01058.745105,E,2,12,0.7,12.22,M,40.00,M,10.0,0907*4B
2021:01:22:12:50:54.175000,1611316254.175,$GPGGA,115053.00,6342.683077,N,01058.745117,E,2,12,0.7,12.25,M,40.00,M,12.0,0907*48
2021:01:22:12:50:55.175000,1611316255.175,$GPGGA,115054.00,6342.683076,N,01058.745070,E,2,12,0.7,12.23,M,40.00,M,13.0,0907*49
2021:01:22:12:50:56.175000,1611316256.175,$GPGGA,115055.00,6342.683069,N,01058.745075,E,2,12,0.7,12.23,M,40.00,M,14.0,0907*44
2021:01:22:12:50:57.176000,1611316257.176,$GPGGA,115056.00,6342.683015,N,01058.745042,E,2,12,0.7,12.25,M,40.00,M,10.0,0907*4A
2021:01:22:12:50:58.175000,1611316258.175,$GPGGA,115057.00,6342.682986,N,01058.745036,E,2,12,0.7,12.23,M,40.00,M,11.0,0907*4D
2021:01:22:12:50:59.175000,1611316259.175,$GPGGA,115058.00,6342.682982,N,01058.744984,E,2,12,0.7,12.22,M,40.00,M,12.0,0907*45
2021:01:22:12:51:00.175000,1611316260.175,$GPGGA,115059.00,6342.682935,N,01058.744906,E,2,12,0.7,12.21,M,40.00,M,13.0,0907*40
2021:01:22:12:51:02.175000,1611316262.175,$GPGGA,115101.00,6342.682871,N,01058.744854,E,2,12,0.7,12.24,M,40.00,M,9.0,0907*75
2021:01:22:12:51:03.175000,1611316263.175,$GPGGA,115102.00,6342.682833,N,01058.744727,E,2,12,0.7,12.23,M,40.00,M,10.0,0907*44
2021:01:22:12:51:04.175000,1611316264.175,$GPGGA,115103.00,6342.682812,N,01058.744678,E,2,12,0.7,12.23,M,40.00,M,6.0,0907*7A
2021:01:22:12:51:06.175000,1611316266.175,$GPGGA,115105.00,6342.682721,N,01058.744471,E,2,12,0.7,12.24,M,40.00,M,8.0,0907*71
2021:01:22:12:51:07.175000,1611316267.175,$GPGGA,115106.00,6342.682693,N,01058.744365,E,2,12,0.7,12.22,M,40.00,M,9.0,0907*7F
2021:01:22:12:51:08.175000,1611316268.175,$GPGGA,115107.00,6342.682696,N,01058.744352,E,2,12,0.7,12.23,M,40.00,M,5.0,0907*72
2021:01:22:12:51:09.175000,1611316269.175,$GPGGA,115108.00,6342.682660,N,01058.744243,E,2,12,0.7,12.23,M,40.00,M,6.0,0907*76
2021:01:22:12:51:10.175000,1611316270.175,$GPGGA,115109.00,6342.682604,N,01058.744122,E,2,12,0.7,12.24,M,40.00,M,7.0,0907*77
2021:01:22:12:51:11.175000,1611316271.175,$GPGGA,115110.00,6342.682599,N,01058.744093,E,2,12,0.7,12.23,M,40.00,M,8.0,0907*7B
2021:01:22:12:51:12.176000,1611316272.176,$GPGGA,115111.00,6342.682615,N,01058.744007,E,2,12,0.7,12.18,M,40.00,M,9.0,0907*79
2021:01:22:12:51:14.176000,1611316274.176,$GPGGA,115113.00,6342.682538,N,01058.743804,E,2,12,0.7,12.27,M,40.00,M,6.0,0907*78
2021:01:22:12:51:15.177000,1611316275.177,$GPGGA,115114.00,6342.682547,N,01058.743715,E,2,12,0.7,12.23,M,40.00,M,7.0,0907*7D
2021:01:22:12:51:16.176000,1611316276.176,$GPGGA,115115.00,6342.682559,N,01058.743628,E,2,12,0.7,12.18,M,40.00,M,8.0,0907*7B
2021:01:22:12:51:17.176000,1611316277.176,$GPGGA,115116.00,6342.682522,N,01058.743542,E,2,12,0.7,12.22,M,40.00,M,9.0,0907*73
2021:01:22:12:51:18.176000,1611316278.176,$GPGGA,115117.00,6342.682497,N,01058.743454,E,2,12,0.7,12.23,M,40.00,M,10.0,0907*42
2021:01:22:12:51:19.176000,1611316279.176,$GPGGA,115118.00,6342.682531,N,01058.743380,E,2,12,0.7,12.17,M,40.00,M,11.0,0907*48
2021:01:22:12:51:20.176000,1611316280.176,$GPGGA,115119.00,6342.682526,N,01058.743271,E,2,12,0.7,12.19,M,40.00,M,12.0,0907*4D
2021:01:22:12:51:21.176000,1611316281.176,$GPGGA,115120.00,6342.682476,N,01058.743168,E,2,12,0.7,12.23,M,40.00,M,13.0,0907*40
2021:01:22:12:51:22.176000,1611316282.176,$GPGGA,115121.00,6342.682491,N,01058.743108,E,2,12,0.7,12.22,M,40.00,M,9.0,0907*74
2021:01:22:12:51:23.176000,1611316283.176,$GPGGA,115122.00,6342.682527,N,01058.743097,E,2,12,0.7,12.21,M,40.00,M,10.0,0907*47
2021:01:22:12:51:24.176000,1611316284.176,$GPGGA,115123.00,6342.682497,N,01058.742994,E,2,12,0.7,12.23,M,40.00,M,6.0,0907*72
2021:01:22:12:51:25.176000,1611316285.176,$GPGGA,115124.00,6342.682470,N,01058.742844,E,2,12,0.7,12.21,M,40.00,M,7.0,0907*73
2021:01:22:12:51:26.176000,1611316286.176,$GPGGA,115125.00,6342.682500,N,01058.742815,E,2,12,0.7,12.22,M,40.00,M,8.0,0907*7C
2021:01:22:12:51:27.177000,1611316287.177,$GPGGA,115126.00,6342.682500,N,01058.742793,E,2,12,0.7,12.24,M,40.00,M,9.0,0907*79
2021:01:22:12:51:28.177000,1611316288.177,$GPGGA,115127.00,6342.682488,N,01058.742737,E,2,12,0.7,12.24,M,40.00,M,10.0,0907*4F
2021:01:22:12:51:29.176000,1611316289.176,$GPGGA,115128.00,6342.682507,N,01058.742721,E,2,12,0.7,12.24,M,40.00,M,11.0,0907*40
2021:01:22:12:51:30.176000,1611316290.176,$GPGGA,115129.00,6342.682496,N,01058.742655,E,2,12,0.7,12.24,M,40.00,M,12.0,0907*49
2021:01:22:12:51:31.176000,1611316291.176,$GPGGA,115130.00,6342.682479,N,01058.742587,E,2,12,0.7,12.25,M,40.00,M,13.0,0907*4C
2021:01:22:12:51:32.176000,1611316292.176,$GPGGA,115131.00,6342.682497,N,01058.742586,E,2,12,0.7,12.25,M,40.00,M,8.0,0907*76
2021:01:22:12:51:33.176000,1611316293.176,$GPGGA,115132.00,6342.682509,N,01058.742580,E,2,12,0.7,12.24,M,40.00,M,9.0,0907*75
2021:01:22:12:51:34.176000,1611316294.176,$GPGGA,115133.00,6342.682473,N,01058.742539,E,2,12,0.7,12.24,M,40.00,M,10.0,0907*42
2021:01:22:12:51:35.176000,1611316295.176,$GPGGA,115134.00,6342.682465,N,01058.742508,E,2,12,0.7,12.26,M,40.00,M,11.0,0907*43
2021:01:22:12:51:36.176000,1611316296.176,$GPGGA,115135.00,6342.682489,N,01058.742478,E,2,12,0.7,12.26,M,40.00,M,12.0,0907*45
2021:01:22:12:51:37.176000,1611316297.176,$GPGGA,115136.00,6342.682475,N,01058.742419,E,2,12,0.7,12.21,M,40.00,M,13.0,0907*44
2021:01:22:12:51:38.176000,1611316298.176,$GPGGA,115137.00,6342.682465,N,01058.742451,E,2,12,0.7,12.26,M,40.00,M,9.0,0907*74
2021:01:22:12:51:39.176000,1611316299.176,$GPGGA,115138.00,6342.682469,N,01058.742453,E,2,12,0.7,12.29,M,40.00,M,10.0,0907*42
2021:01:22:12:51:40.176000,1611316300.176,$GPGGA,115139.00,6342.682467,N,01058.742372,E,2,12,0.7,12.27,M,40.00,M,11.0,0907*46
2021:01:22:12:51:41.176000,1611316301.176,$GPGGA,115140.00,6342.682450,N,01058.742306,E,2,12,0.7,12.25,M,40.00,M,12.0,0907*4E
2021:01:22:12:51:42.177000,1611316302.177,$GPGGA,115141.00,6342.682439,N,01058.742263,E,2,12,0.7,12.25,M,40.00,M,13.0,0907*43
2021:01:22:12:51:43.177000,1611316303.177,$GPGGA,115142.00,6342.682435,N,01058.742237,E,2,12,0.7,12.26,M,40.00,M,14.0,0907*49
2021:01:22:12:51:44.177000,1611316304.177,$GPGGA,115143.00,6342.682445,N,01058.742254,E,2,12,0.7,12.27,M,40.00,M,15.0,0907*4A
2021:01:22:12:51:45.177000,1611316305.177,$GPGGA,115144.00,6342.682448,N,01058.742222,E,2,12,0.7,12.25,M,40.00,M,16.0,0907*40
2021:01:22:12:51:46.177000,1611316306.177,$GPGGA,115145.00,6342.682408,N,01058.742080,E,2,12,0.7,12.26,M,40.00,M,17.0,0907*4D
2021:01:22:12:51:47.177000,1611316307.177,$GPGGA,115146.00,6342.682387,N,01058.742021,E,2,12,0.7,12.27,M,40.00,M,12.0,0907*41
2021:01:22:12:51:48.177000,1611316308.177,$GPGGA,115147.00,6342.682416,N,01058.742046,E,2,12,0.7,12.26,M,40.00,M,8.0,0907*74
2021:01:22:12:51:49.177000,1611316309.177,$GPGGA,115148.00,6342.682397,N,01058.741989,E,2,12,0.7,12.25,M,40.00,M,9.0,0907*7E
2021:01:22:12:51:50.177000,1611316310.177,$GPGGA,115149.00,6342.682359,N,01058.741898,E,2,12,0.7,12.25,M,40.00,M,10.0,0907*44
2021:01:22:12:51:52.177000,1611316312.177,$GPGGA,115151.00,6342.682352,N,01058.741805,E,2,12,0.7,12.24,M,40.00,M,12.0,0907*41
2021:01:22:12:51:53.177000,1611316313.177,$GPGGA,115152.00,6342.682330,N,01058.741752,E,2,12,0.7,12.24,M,40.00,M,13.0,0907*4A
2021:01:22:12:51:54.177000,1611316314.177,$GPGGA,115153.00,6342.682322,N,01058.741761,E,2,12,0.7,12.25,M,40.00,M,14.0,0907*4E
2021:01:22:12:51:56.177000,1611316316.177,$GPGGA,115155.00,6342.682289,N,01058.741590,E,2,12,0.7,12.22,M,40.00,M,10.0,0907*47
2021:01:22:12:51:57.178000,1611316317.178,$GPGGA,115156.00,6342.682286,N,01058.741599,E,2,12,0.7,12.23,M,40.00,M,6.0,0907*74
2021:01:22:12:51:58.178000,1611316318.178,$GPGGA,115157.00,6342.682265,N,01058.741560,E,2,12,0.7,12.22,M,40.00,M,7.0,0907*7E
2021:01:22:12:51:59.177000,1611316319.177,$GPGGA,115158.00,6342.682259,N,01058.741489,E,2,12,0.7,12.21,M,40.00,M,8.0,0907*74
2021:01:22:12:52:00.177000,1611316320.177,$GPGGA,115159.00,6342.682249,N,01058.741490,E,2,12,0.7,12.23,M,40.00,M,9.0,0907*7F
2021:01:22:12:52:01.177000,1611316321.177,$GPGGA,115200.00,6342.682226,N,01058.741442,E,2,12,0.7,12.20,M,40.00,M,5.0,0907*79
2021:01:22:12:52:02.177000,1611316322.177,$GPGGA,115201.00,6342.682225,N,01058.741412,E,2,12,0.7,12.21,M,40.00,M,6.0,0907*7C
2021:01:22:12:52:04.177000,1611316324.177,$GPGGA,115203.00,6342.682176,N,01058.741316,E,2,12,0.7,12.20,M,40.00,M,8.0,0907*77
2021:01:22:12:52:05.177000,1611316325.177,$GPGGA,115204.00,6342.682191,N,01058.741338,E,2,12,0.7,12.19,M,40.00,M,9.0,0907*7E
2021:01:22:12:52:06.178000,1611316326.178,$GPGGA,115205.00,6342.682187,N,01058.741364,E,2,12,0.7,12.20,M,40.00,M,10.0,0907*43
2021:01:22:12:52:08.177000,1611316328.177,$GPGGA,115207.00,6342.682133,N,01058.741250,E,2,12,0.7,12.18,M,40.00,M,12.0,0907*41
2021:01:22:12:52:09.177000,1611316329.177,$GPGGA,115208.00,6342.682172,N,01058.741259,E,2,12,0.7,12.19,M,40.00,M,7.0,0907*77
2021:01:22:12:52:10.177000,1611316330.177,$GPGGA,115209.00,6342.682170,N,01058.741279,E,2,12,0.7,12.22,M,40.00,M,8.0,0907*71
2021:01:22:12:52:11.177000,1611316331.177,$GPGGA,115210.00,6342.682146,N,01058.741277,E,2,12,0.7,12.22,M,40.00,M,4.0,0907*7E
2021:01:22:12:52:12.178000,1611316332.178,$GPGGA,115211.00,6342.682166,N,01058.741249,E,2,12,0.7,12.20,M,40.00,M,5.0,0907*73
2021:01:22:12:52:13.178000,1611316333.178,$GPGGA,115212.00,6342.682190,N,01058.741267,E,2,12,0.7,12.18,M,40.00,M,6.0,0907*7D
2021:01:22:12:52:14.178000,1611316334.178,$GPGGA,115213.00,6342.682189,N,01058.741333,E,2,12,0.7,12.21,M,40.00,M,7.0,0907*7F
2021:01:22:12:52:16.178000,1611316336.178,$GPGGA,115215.00,6342.682209,N,01058.741344,E,2,12,0.7,12.18,M,40.00,M,9.0,0907*76
2021:01:22:12:52:17.178000,1611316337.178,$GPGGA,115216.00,6342.682233,N,01058.741449,E,2,12,0.7,12.21,M,40.00,M,10.0,0907*44
2021:01:22:12:52:18.178000,1611316338.178,$GPGGA,115217.00,6342.682233,N,01058.741476,E,2,12,0.7,12.20,M,40.00,M,11.0,0907*49
2021:01:22:12:52:19.178000,1611316339.178,$GPGGA,115218.00,6342.682262,N,01058.741519,E,2,12,0.7,12.20,M,40.00,M,7.0,0907*7D
2021:01:22:12:52:20.178000,1611316340.178,$GPGGA,115219.00,6342.682286,N,01058.741665,E,2,12,0.7,12.22,M,40.00,M,8.0,0907*73
2021:01:22:12:52:21.178000,1611316341.178,$GPGGA,115220.00,6342.682278,N,01058.741702,E,2,12,0.7,12.21,M,40.00,M,9.0,0907*7A
2021:01:22:12:52:22.178000,1611316342.178,$GPGGA,115221.00,6342.682302,N,01058.741753,E,2,12,0.7,12.19,M,40.00,M,10.0,0907*40
2021:01:22:12:52:24.178000,1611316344.178,$GPGGA,115223.00,6342.682325,N,01058.742032,E,2,12,0.7,12.22,M,40.00,M,12.0,0907*4E
2021:01:22:12:52:25.178000,1611316345.178,$GPGGA,115224.00,6342.682332,N,01058.742137,E,2,12,0.7,12.23,M,40.00,M,8.0,0907*71
2021:01:22:12:52:26.178000,1611316346.178,$GPGGA,115225.00,6342.682322,N,01058.742216,E,2,12,0.7,12.23,M,40.00,M,9.0,0907*70
2021:01:22:12:52:27.179000,1611316347.179,$GPGGA,115226.00,6342.682316,N,01058.742288,E,2,12,0.7,12.24,M,40.00,M,10.0,0907*4C
2021:01:22:12:52:28.179000,1611316348.179,$GPGGA,115227.00,6342.682336,N,01058.742442,E,2,12,0.7,12.24,M,40.00,M,5.0,0907*7B
2021:01:22:12:52:29.178000,1611316349.178,$GPGGA,115228.00,6342.682328,N,01058.742590,E,2,12,0.7,12.24,M,40.00,M,6.0,0907*76
2021:01:22:12:52:30.178000,1611316350.178,$GPGGA,115229.00,6342.682287,N,01058.742634,E,2,12,0.7,12.25,M,40.00,M,7.0,0907*7E
2021:01:22:12:52:31.178000,1611316351.178,$GPGGA,115230.00,6342.682293,N,01058.742715,E,2,12,0.7,12.23,M,40.00,M,8.0,0907*78
2021:01:22:12:52:32.178000,1611316352.178,$GPGGA,115231.00,6342.682316,N,01058.742845,E,2,12,0.7,12.23,M,40.00,M,9.0,0907*7E
2021:01:22:12:52:33.178000,1611316353.178,$GPGGA,115232.00,6342.682313,N,01058.742955,E,2,12,0.7,12.23,M,40.00,M,10.0,0907*40
2021:01:22:12:52:34.178000,1611316354.178,$GPGGA,115233.00,6342.682290,N,01058.743054,E,2,12,0.7,12.24,M,40.00,M,6.0,0907*72
2021:01:22:12:52:35.178000,1611316355.178,$GPGGA,115234.00,6342.682304,N,01058.743151,E,2,12,0.7,12.25,M,40.00,M,7.0,0907*7D
2021:01:22:12:52:36.178000,1611316356.178,$GPGGA,115235.00,6342.682324,N,01058.743207,E,2,12,0.7,12.24,M,40.00,M,8.0,0907*70
2021:01:22:12:52:37.178000,1611316357.178,$GPGGA,115236.00,6342.682320,N,01058.743248,E,2,12,0.7,12.23,M,40.00,M,9.0,0907*7A
2021:01:22:12:52:38.178000,1611316358.178,$GPGGA,115237.00,6342.682316,N,01058.743331,E,2,12,0.7,12.24,M,40.00,M,10.0,0907*4E
2021:01:22:12:52:39.178000,1611316359.178,$GPGGA,115238.00,6342.682342,N,01058.743457,E,2,12,0.7,12.25,M,40.00,M,11.0,0907*47
2021:01:22:12:52:40.178000,1611316360.178,$GPGGA,115239.00,6342.682366,N,01058.743520,E,2,12,0.7,12.25,M,40.00,M,12.0,0907*42
2021:01:22:12:52:41.178000,1611316361.178,$GPGGA,115240.00,6342.682366,N,01058.743559,E,2,12,0.7,12.22,M,40.00,M,13.0,0907*44
2021:01:22:12:52:42.179000,1611316362.179,$GPGGA,115241.00,6342.682358,N,01058.743597,E,2,12,0.7,12.21,M,40.00,M,9.0,0907*72
2021:01:22:12:52:43.179000,1611316363.179,$GPGGA,115242.00,6342.682381,N,01058.743685,E,2,12,0.7,12.24,M,40.00,M,10.0,0907*48
2021:01:22:12:52:44.179000,1611316364.179,$GPGGA,115243.00,6342.682423,N,01058.743800,E,2,12,0.7,12.24,M,40.00,M,11.0,0907*44
2021:01:22:12:52:45.179000,1611316365.179,$GPGGA,115244.00,6342.682423,N,01058.743883,E,2,12,0.7,12.23,M,40.00,M,7.0,0907*78
2021:01:22:12:52:46.179000,1611316366.179,$GPGGA,115245.00,6342.682424,N,01058.743930,E,2,12,0.7,12.24,M,40.00,M,8.0,0907*7F
2021:01:22:12:52:47.179000,1611316367.179,$GPGGA,115246.00,6342.682445,N,01058.743964,E,2,12,0.7,12.24,M,40.00,M,9.0,0907*7B
2021:01:22:12:52:48.179000,1611316368.179,$GPGGA,115247.00,6342.682464,N,01058.744030,E,2,12,0.7,12.27,M,40.00,M,5.0,0907*79
2021:01:22:12:52:49.179000,1611316369.179,$GPGGA,115248.00,6342.682476,N,01058.744077,E,2,12,0.7,12.25,M,40.00,M,6.0,0907*77
2021:01:22:12:52:50.179000,1611316370.179,$GPGGA,115249.00,6342.682482,N,01058.744100,E,2,12,0.7,12.23,M,40.00,M,7.0,0907*7B
2021:01:22:12:52:51.179000,1611316371.179,$GPGGA,115250.00,6342.682485,N,01058.744113,E,2,12,0.7,12.25,M,40.00,M,8.0,0907*7F
2021:01:22:12:52:52.179000,1611316372.179,$GPGGA,115251.00,6342.682504,N,01058.744168,E,2,12,0.7,12.27,M,40.00,M,9.0,0907*79
2021:01:22:12:52:54.179000,1611316374.179,$GPGGA,115253.00,6342.682528,N,01058.744189,E,2,12,0.7,12.26,M,40.00,M,11.0,0907*42
2021:01:22:12:52:55.179000,1611316375.179,$GPGGA,115254.00,6342.682534,N,01058.744270,E,2,12,0.7,12.31,M,40.00,M,12.0,0907*48
2021:01:22:12:52:56.179000,1611316376.179,$GPGGA,115255.00,6342.682527,N,01058.744268,E,2,12,0.7,12.30,M,40.00,M,13.0,0907*42
2021:01:22:12:52:58.180000,1611316378.18,$GPGGA,115257.00,6342.682541,N,01058.744222,E,2,12,0.7,12.28,M,40.00,M,8.0,0907*7D
2021:01:22:12:52:59.180000,1611316379.18,$GPGGA,115258.00,6342.682539,N,01058.744256,E,2,12,0.7,12.31,M,40.00,M,9.0,0907*77
2021:01:22:12:53:00.179000,1611316380.179,$GPGGA,115259.00,6342.682542,N,01058.744208,E,2,12,0.7,12.28,M,40.00,M,10.0,0907*41
2021:01:22:12:53:02.179000,1611316382.179,$GPGGA,115301.00,6342.682539,N,01058.744156,E,2,12,0.7,12.25,M,40.00,M,7.0,0907*72
2021:01:22:12:53:03.179000,1611316383.179,$GPGGA,115302.00,6342.682547,N,01058.744186,E,2,12,0.7,12.28,M,40.00,M,8.0,0907*77
2021:01:22:12:53:04.179000,1611316384.179,$GPGGA,115303.00,6342.682550,N,01058.744137,E,2,12,0.7,12.25,M,40.00,M,9.0,0907*76
2021:01:22:12:53:05.179000,1611316385.179,$GPGGA,115304.00,6342.682540,N,01058.744057,E,2,12,0.7,12.20,M,40.00,M,5.0,0907*7E
2021:01:22:12:53:06.179000,1611316386.179,$GPGGA,115305.00,6342.682545,N,01058.744067,E,2,12,0.7,12.24,M,40.00,M,6.0,0907*7E
2021:01:22:12:53:07.179000,1611316387.179,$GPGGA,115306.00,6342.682549,N,01058.744091,E,2,12,0.7,12.26,M,40.00,M,7.0,0907*7B
2021:01:22:12:53:08.179000,1611316388.179,$GPGGA,115307.00,6342.682545,N,01058.744049,E,2,12,0.7,12.23,M,40.00,M,8.0,0907*79
2021:01:22:12:53:09.179000,1611316389.179,$GPGGA,115308.00,6342.682550,N,01058.744017,E,2,12,0.7,12.20,M,40.00,M,9.0,0907*7B
2021:01:22:12:53:10.179000,1611316390.179,$GPGGA,115309.00,6342.682539,N,01058.743988,E,2,12,0.7,12.23,M,40.00,M,10.0,0907*46
2021:01:22:12:53:11.179000,1611316391.179,$GPGGA,115310.00,6342.682541,N,01058.744007,E,2,12,0.7,12.26,M,40.00,M,11.0,0907*4C
2021:01:22:12:53:12.180000,1611316392.18,$GPGGA,115311.00,6342.682544,N,01058.743987,E,2,12,0.7,12.24,M,40.00,M,12.0,0907*4F
2021:01:22:12:53:14.180000,1611316394.18,$GPGGA,115313.00,6342.682510,N,01058.743768,E,2,12,0.7,12.22,M,40.00,M,14.0,0907*43
2021:01:22:12:53:15.180000,1611316395.18,$GPGGA,115314.00,6342.682494,N,01058.743722,E,2,12,0.7,12.25,M,40.00,M,4.0,0907*71
2021:01:22:12:53:16.180000,1611316396.18,$GPGGA,115315.00,6342.682485,N,01058.743656,E,2,12,0.7,12.20,M,40.00,M,5.0,0907*76
2021:01:22:12:53:18.180000,1611316398.18,$GPGGA,115317.00,6342.682480,N,01058.743553,E,2,12,0.7,12.21,M,40.00,M,7.0,0907*74
2021:01:22:12:53:19.180000,1611316399.18,$GPGGA,115318.00,6342.682457,N,01058.743417,E,2,12,0.7,12.20,M,40.00,M,8.0,0907*7E
2021:01:22:12:53:20.180000,1611316400.18,$GPGGA,115319.00,6342.682461,N,01058.743339,E,2,12,0.7,12.19,M,40.00,M,9.0,0907*7A
2021:01:22:12:53:22.180000,1611316402.18,$GPGGA,115321.00,6342.682436,N,01058.743212,E,2,12,0.7,12.19,M,40.00,M,11.0,0907*42
2021:01:22:12:53:23.180000,1611316403.18,$GPGGA,115322.00,6342.682428,N,01058.743117,E,2,12,0.7,12.18,M,40.00,M,7.0,0907*7E
2021:01:22:12:53:24.180000,1611316404.18,$GPGGA,115323.00,6342.682446,N,01058.743111,E,2,12,0.7,12.19,M,40.00,M,8.0,0907*7F
2021:01:22:12:53:26.181000,1611316406.181,$GPGGA,115325.00,6342.682426,N,01058.743047,E,2,12,0.7,12.20,M,40.00,M,10.0,0907*4E
2021:01:22:12:53:27.181000,1611316407.181,$GPGGA,115326.00,6342.682437,N,01058.743028,E,2,12,0.7,12.18,M,40.00,M,11.0,0907*4E
2021:01:22:12:53:28.181000,1611316408.181,$GPGGA,115327.00,6342.682424,N,01058.742923,E,2,12,0.7,12.17,M,40.00,M,12.0,0907*42
2021:01:22:12:53:29.181000,1611316409.181,$GPGGA,115328.00,6342.682385,N,01058.742837,E,2,12,0.7,12.19,M,40.00,M,7.0,0907*7F
2021:01:22:12:53:30.181000,1611316410.181,$GPGGA,115329.00,6342.682388,N,01058.742877,E,2,12,0.7,12.20,M,40.00,M,8.0,0907*72
2021:01:22:12:53:31.180000,1611316411.18,$GPGGA,115330.00,6342.682414,N,01058.742844,E,2,12,0.7,12.15,M,40.00,M,9.0,0907*7F
2021:01:22:12:53:32.180000,1611316412.18,$GPGGA,115331.00,6342.682384,N,01058.742723,E,2,12,0.7,12.12,M,40.00,M,5.0,0907*75
2021:01:22:12:53:33.180000,1611316413.18,$GPGGA,115332.00,6342.682363,N,01058.742752,E,2,12,0.7,12.18,M,40.00,M,6.0,0907*70
2021:01:22:12:53:34.180000,1611316414.18,$GPGGA,115333.00,6342.682399,N,01058.742795,E,2,12,0.7,12.22,M,40.00,M,7.0,0907*77
2021:01:22:12:53:35.180000,1611316415.18,$GPGGA,115334.00,6342.682402,N,01058.742669,E,2,12,0.7,12.16,M,40.00,M,8.0,0907*7F
2021:01:22:12:53:36.180000,1611316416.18,$GPGGA,115335.00,6342.682369,N,01058.742572,E,2,12,0.7,12.16,M,40.00,M,9.0,0907*7C
2021:01:22:12:53:37.180000,1611316417.18,$GPGGA,115336.00,6342.682366,N,01058.742628,E,2,12,0.7,12.22,M,40.00,M,10.0,0907*43
2021:01:22:12:53:38.180000,1611316418.18,$GPGGA,115337.00,6342.682398,N,01058.742657,E,2,12,0.7,12.21,M,40.00,M,11.0,0907*49
2021:01:22:12:53:39.180000,1611316419.18,$GPGGA,115338.00,6342.682391,N,01058.742557,E,2,12,0.7,12.18,M,40.00,M,12.0,0907*45
2021:01:22:12:53:40.180000,1611316420.18,$GPGGA,115339.00,6342.682386,N,01058.742551,E,2,12,0.7,12.21,M,40.00,M,13.0,0907*4F
2021:01:22:12:53:41.191000,1611316421.191,$GPGGA,115340.00,6342.682380,N,01058.742556,E,2,12,0.7,12.22,M,40.00,M,14.0,0907*44
2021:01:22:12:53:43.191000,1611316423.191,$GPGGA,115342.00,6342.682389,N,01058.742549,E,2,12,0.7,12.20,M,40.00,M,16.0,0907*41
2021:01:22:12:53:44.191000,1611316424.191,$GPGGA,115343.00,6342.682385,N,01058.742623,E,2,12,0.7,12.25,M,40.00,M,17.0,0907*47
2021:01:22:12:53:45.191000,1611316425.191,$GPGGA,115344.00,6342.682386,N,01058.742609,E,2,12,0.7,12.21,M,40.00,M,18.0,0907*40
2021:01:22:12:53:47.191000,1611316427.191,$GPGGA,115346.00,6342.682365,N,01058.742626,E,2,12,0.7,12.21,M,40.00,M,13.0,0907*49
2021:01:22:12:53:48.191000,1611316428.191,$GPGGA,115347.00,6342.682370,N,01058.742762,E,2,12,0.7,12.25,M,40.00,M,8.0,0907*73
2021:01:22:12:53:49.191000,1611316429.191,$GPGGA,115348.00,6342.682383,N,01058.742774,E,2,12,0.7,12.20,M,40.00,M,9.0,0907*73
2021:01:22:12:53:50.191000,1611316430.191,$GPGGA,115349.00,6342.682362,N,01058.742744,E,2,12,0.7,12.17,M,40.00,M,10.0,0907*42
2021:01:22:12:53:51.191000,1611316431.191,$GPGGA,115350.00,6342.682333,N,01058.742785,E,2,12,0.7,12.22,M,40.00,M,11.0,0907*44
2021:01:22:12:53:52.191000,1611316432.191,$GPGGA,115351.00,6342.682342,N,01058.742792,E,2,12,0.7,12.22,M,40.00,M,12.0,0907*46
2021:01:22:12:53:53.191000,1611316433.191,$GPGGA,115352.00,6342.682350,N,01058.742813,E,2,12,0.7,12.20,M,40.00,M,13.0,0907*43
2021:01:22:12:53:54.190000,1611316434.19,$GPGGA,115353.00,6342.682348,N,01058.742899,E,2,12,0.7,12.20,M,40.00,M,14.0,0907*4E
2021:01:22:12:53:56.191000,1611316436.191,$GPGGA,115355.00,6342.682336,N,01058.742816,E,2,12,0.7,12.18,M,40.00,M,11.0,0907*48
2021:01:22:12:53:57.191000,1611316437.191,$GPGGA,115356.00,6342.682354,N,01058.742848,E,2,12,0.7,12.19,M,40.00,M,12.0,0907*46
2021:01:22:12:53:58.191000,1611316438.191,$GPGGA,115357.00,6342.682352,N,01058.742930,E,2,12,0.7,12.22,M,40.00,M,8.0,0907*7C
2021:01:22:12:53:59.191000,1611316439.191,$GPGGA,115358.00,6342.682349,N,01058.742921,E,2,12,0.7,12.17,M,40.00,M,9.0,0907*7E
2021:01:22:12:54:00.191000,1611316440.191,$GPGGA,115359.00,6342.682374,N,01058.742920,E,2,12,0.7,12.15,M,40.00,M,10.0,0907*4A
2021:01:22:12:54:01.191000,1611316441.191,$GPGGA,115400.00,6342.682383,N,01058.742959,E,2,12,0.7,12.19,M,40.00,M,11.0,0907*4A
2021:01:22:12:54:02.191000,1611316442.191,$GPGGA,115401.00,6342.682388,N,01058.743015,E,2,12,0.7,12.22,M,40.00,M,7.0,0907*7F
2021:01:22:12:54:04.191000,1611316444.191,$GPGGA,115403.00,6342.682417,N,01058.743019,E,2,12,0.7,12.19,M,40.00,M,9.0,0907*76
2021:01:22:12:54:05.191000,1611316445.191,$GPGGA,115404.00,6342.682411,N,01058.743040,E,2,12,0.7,12.21,M,40.00,M,10.0,0907*48
2021:01:22:12:54:06.191000,1611316446.191,$GPGGA,115405.00,6342.682427,N,01058.743099,E,2,12,0.7,12.22,M,40.00,M,5.0,0907*7F
2021:01:22:12:54:08.191000,1611316448.191,$GPGGA,115407.00,6342.682441,N,01058.743127,E,2,12,0.7,12.19,M,40.00,M,7.0,0907*73
2021:01:22:12:54:09.191000,1611316449.191,$GPGGA,115408.00,6342.682449,N,01058.743144,E,2,12,0.7,12.20,M,40.00,M,8.0,0907*74
2021:01:22:12:54:10.192000,1611316450.192,$GPGGA,115409.00,6342.682459,N,01058.743249,E,2,12,0.7,12.22,M,40.00,M,9.0,0907*79
2021:01:22:12:54:12.192000,1611316452.192,$GPGGA,115411.00,6342.682473,N,01058.743289,E,2,12,0.7,12.20,M,40.00,M,6.0,0907*79
2021:01:22:12:54:13.192000,1611316453.192,$GPGGA,115412.00,6342.682465,N,01058.743304,E,2,12,0.7,12.19,M,40.00,M,7.0,0907*72
2021:01:22:12:54:14.192000,1611316454.192,$GPGGA,115413.00,6342.682477,N,01058.743360,E,2,12,0.7,12.20,M,40.00,M,8.0,0907*77
2021:01:22:12:54:16.192000,1611316456.192,$GPGGA,115415.00,6342.682482,N,01058.743494,E,2,12,0.7,12.20,M,40.00,M,5.0,0907*7A
2021:01:22:12:54:17.192000,1611316457.192,$GPGGA,115416.00,6342.682487,N,01058.743527,E,2,12,0.7,12.20,M,40.00,M,6.0,0907*76
2021:01:22:12:54:18.192000,1611316458.192,$GPGGA,115417.00,6342.682505,N,01058.743555,E,2,12,0.7,12.17,M,40.00,M,7.0,0907*7C
2021:01:22:12:54:20.192000,1611316460.192,$GPGGA,115419.00,6342.682496,N,01058.743733,E,2,12,0.7,12.21,M,40.00,M,9.0,0907*70
2021:01:22:12:54:21.192000,1611316461.192,$GPGGA,115420.00,6342.682504,N,01058.743751,E,2,12,0.7,12.17,M,40.00,M,10.0,0907*49
2021:01:22:12:54:22.192000,1611316462.192,$GPGGA,115421.00,6342.682502,N,01058.743738,E,2,12,0.7,12.17,M,40.00,M,11.0,0907*40
2021:01:22:12:54:24.192000,1611316464.192,$GPGGA,115423.00,6342.682497,N,01058.743923,E,2,12,0.7,12.20,M,40.00,M,13.0,0907*4D
2021:01:22:12:54:25.193000,1611316465.193,$GPGGA,115424.00,6342.682500,N,01058.743883,E,2,12,0.7,12.18,M,40.00,M,8.0,0907*7F
2021:01:22:12:54:26.193000,1611316466.193,$GPGGA,115425.00,6342.682500,N,01058.743979,E,2,12,0.7,12.20,M,40.00,M,9.0,0907*70
2021:01:22:12:54:29.192000,1611316469.192,$GPGGA,115428.00,6342.682509,N,01058.744058,E,2,12,0.7,12.20,M,40.00,M,7.0,0907*77
2021:01:22:12:54:30.192000,1611316470.192,$GPGGA,115429.00,6342.682543,N,01058.744159,E,2,12,0.7,12.23,M,40.00,M,8.0,0907*74
2021:01:22:12:54:31.192000,1611316471.192,$GPGGA,115430.00,6342.682563,N,01058.744207,E,2,12,0.7,12.23,M,40.00,M,9.0,0907*77
2021:01:22:12:54:33.192000,1611316473.192,$GPGGA,115432.00,6342.682532,N,01058.744127,E,2,12,0.7,12.18,M,40.00,M,6.0,0907*77
2021:01:22:12:54:34.192000,1611316474.192,$GPGGA,115433.00,6342.682590,N,01058.744243,E,2,12,0.7,12.19,M,40.00,M,7.0,0907*7F
2021:01:22:12:54:35.192000,1611316475.192,$GPGGA,115434.00,6342.682583,N,01058.744263,E,2,12,0.7,12.19,M,40.00,M,8.0,0907*77
2021:01:22:12:54:37.192000,1611316477.192,$GPGGA,115436.00,6342.682605,N,01058.744214,E,2,12,0.7,12.18,M,40.00,M,10.0,0907*40
2021:01:22:12:54:38.192000,1611316478.192,$GPGGA,115437.00,6342.682631,N,01058.744257,E,2,12,0.7,12.20,M,40.00,M,11.0,0907*4B
2021:01:22:12:54:39.192000,1611316479.192,$GPGGA,115438.00,6342.682617,N,01058.744245,E,2,12,0.7,12.21,M,40.00,M,7.0,0907*75
2021:01:22:12:54:41.193000,1611316481.193,$GPGGA,115440.00,6342.682678,N,01058.744229,E,2,12,0.7,12.16,M,40.00,M,9.0,0907*73
2021:01:22:12:54:42.193000,1611316482.193,$GPGGA,115441.00,6342.682675,N,01058.744255,E,2,12,0.7,12.22,M,40.00,M,10.0,0907*4B
2021:01:22:12:54:43.193000,1611316483.193,$GPGGA,115442.00,6342.682689,N,01058.744221,E,2,12,0.7,12.20,M,40.00,M,6.0,0907*7D
2021:01:22:12:54:44.193000,1611316484.193,$GPGGA,115443.00,6342.682714,N,01058.744212,E,2,12,0.7,12.18,M,40.00,M,7.0,0907*73
2021:01:22:12:54:45.193000,1611316485.193,$GPGGA,115444.00,6342.682721,N,01058.744195,E,2,12,0.7,12.20,M,40.00,M,8.0,0907*7A
2021:01:22:12:54:46.193000,1611316486.193,$GPGGA,115445.00,6342.682736,N,01058.744164,E,2,12,0.7,12.20,M,40.00,M,9.0,0907*72
2021:01:22:12:54:47.193000,1611316487.193,$GPGGA,115446.00,6342.682751,N,01058.744187,E,2,12,0.7,12.20,M,40.00,M,10.0,0907*45
2021:01:22:12:54:49.193000,1611316489.193,$GPGGA,115448.00,6342.682757,N,01058.744125,E,2,12,0.7,12.20,M,40.00,M,6.0,0907*72
2021:01:22:12:54:50.193000,1611316490.193,$GPGGA,115449.00,6342.682769,N,01058.744099,E,2,12,0.7,12.20,M,40.00,M,7.0,0907*79
2021:01:22:12:54:51.193000,1611316491.193,$GPGGA,115450.00,6342.682769,N,01058.744122,E,2,12,0.7,12.21,M,40.00,M,8.0,0907*7E
2021:01:22:12:54:53.193000,1611316493.193,$GPGGA,115452.00,6342.682801,N,01058.744085,E,2,12,0.7,12.21,M,40.00,M,10.0,0907*48
2021:01:22:12:54:54.194000,1611316494.194,$GPGGA,115453.00,6342.682789,N,01058.744076,E,2,12,0.7,12.22,M,40.00,M,11.0,0907*48
2021:01:22:12:54:55.194000,1611316495.194,$GPGGA,115454.00,6342.682793,N,01058.744034,E,2,12,0.7,12.24,M,40.00,M,12.0,0907*47
2021:01:22:12:54:58.194000,1611316498.194,$GPGGA,115457.00,6342.682809,N,01058.744016,E,2,12,0.7,12.25,M,40.00,M,15.0,0907*4E
2021:01:22:12:54:59.193000,1611316499.193,$GPGGA,115458.00,6342.682837,N,01058.743996,E,2,12,0.7,12.26,M,40.00,M,10.0,0907*4C
2021:01:22:12:55:02.193000,1611316502.193,$GPGGA,115501.00,6342.682848,N,01058.743838,E,2,12,0.7,12.27,M,40.00,M,13.0,0907*4E
2021:01:22:12:55:03.193000,1611316503.193,$GPGGA,115502.00,6342.682914,N,01058.743917,E,2,12,0.7,12.23,M,40.00,M,9.0,0907*76
2021:01:22:12:55:04.193000,1611316504.193,$GPGGA,115503.00,6342.682930,N,01058.743922,E,2,12,0.7,12.21,M,40.00,M,10.0,0907*4D
2021:01:22:12:55:06.193000,1611316506.193,$GPGGA,115505.00,6342.682901,N,01058.743804,E,2,12,0.7,12.22,M,40.00,M,7.0,0907*79
2021:01:22:12:55:07.193000,1611316507.193,$GPGGA,115506.00,6342.682938,N,01058.743848,E,2,12,0.7,12.21,M,40.00,M,8.0,0907*74
2021:01:22:12:55:08.193000,1611316508.193,$GPGGA,115507.00,6342.682944,N,01058.743943,E,2,12,0.7,12.25,M,40.00,M,9.0,0907*71
2021:01:22:12:55:10.194000,1611316510.194,$GPGGA,115509.00,6342.682908,N,01058.743907,E,2,12,0.7,12.20,M,40.00,M,6.0,0907*7D
2021:01:22:12:55:11.194000,1611316511.194,$GPGGA,115510.00,6342.682921,N,01058.743936,E,2,12,0.7,12.23,M,40.00,M,7.0,0907*7E
2021:01:22:12:55:12.194000,1611316512.194,$GPGGA,115511.00,6342.682915,N,01058.743972,E,2,12,0.7,12.25,M,40.00,M,8.0,0907*71
2021:01:22:12:55:14.194000,1611316514.194,$GPGGA,115513.00,6342.682871,N,01058.743977,E,2,12,0.7,12.22,M,40.00,M,10.0,0907*4B
2021:01:22:12:55:15.194000,1611316515.194,$GPGGA,115514.00,6342.682861,N,01058.743961,E,2,12,0.7,12.26,M,40.00,M,11.0,0907*4F
2021:01:22:12:55:16.194000,1611316516.194,$GPGGA,115515.00,6342.682832,N,01058.743842,E,2,12,0.7,12.22,M,40.00,M,6.0,0907*7A
2021:01:22:12:55:18.194000,1611316518.194,$GPGGA,115517.00,6342.682803,N,01058.743878,E,2,12,0.7,12.25,M,40.00,M,8.0,0907*7A
2021:01:22:12:55:19.194000,1611316519.194,$GPGGA,115518.00,6342.682793,N,01058.743836,E,2,12,0.7,12.22,M,40.00,M,9.0,0907*7F
2021:01:22:12:55:20.194000,1611316520.194,$GPGGA,115519.00,6342.682787,N,01058.743754,E,2,12,0.7,12.19,M,40.00,M,10.0,0907*40
2021:01:22:12:55:22.194000,1611316522.194,$GPGGA,115521.00,6342.682719,N,01058.743810,E,2,12,0.7,12.23,M,40.00,M,12.0,0907*48
2021:01:22:12:55:23.194000,1611316523.194,$GPGGA,115522.00,6342.682728,N,01058.743752,E,2,12,0.7,12.17,M,40.00,M,8.0,0907*7C
2021:01:22:12:55:24.195000,1611316524.195,$GPGGA,115523.00,6342.682730,N,01058.743845,E,2,12,0.7,12.20,M,40.00,M,9.0,0907*78
2021:01:22:12:55:26.195000,1611316526.195,$GPGGA,115525.00,6342.682672,N,01058.743902,E,2,12,0.7,12.21,M,40.00,M,6.0,0907*75
2021:01:22:12:55:27.194000,1611316527.194,$GPGGA,115526.00,6342.682661,N,01058.743921,E,2,12,0.7,12.18,M,40.00,M,7.0,0907*7E
2021:01:22:12:55:28.194000,1611316528.194,$GPGGA,115527.00,6342.682632,N,01058.744012,E,2,12,0.7,12.21,M,40.00,M,8.0,0907*72
2021:01:22:12:55:31.194000,1611316531.194,$GPGGA,115530.00,6342.682549,N,01058.744103,E,2,12,0.7,12.20,M,40.00,M,11.0,0907*43
2021:01:22:12:55:32.194000,1611316532.194,$GPGGA,115531.00,6342.682537,N,01058.744129,E,2,12,0.7,12.20,M,40.00,M,12.0,0907*40
2021:01:22:12:55:33.194000,1611316533.194,$GPGGA,115532.00,6342.682512,N,01058.744185,E,2,12,0.7,12.21,M,40.00,M,7.0,0907*77
2021:01:22:12:55:35.194000,1611316535.194,$GPGGA,115534.00,6342.682444,N,01058.744217,E,2,12,0.7,12.20,M,40.00,M,9.0,0907*74
2021:01:22:12:55:36.194000,1611316536.194,$GPGGA,115535.00,6342.682443,N,01058.744224,E,2,12,0.7,12.18,M,40.00,M,10.0,0907*41
2021:01:22:12:55:37.194000,1611316537.194,$GPGGA,115536.00,6342.682393,N,01058.744191,E,2,12,0.7,12.21,M,40.00,M,11.0,0907*4E
2021:01:22:12:55:39.195000,1611316539.195,$GPGGA,115538.00,6342.682366,N,01058.744339,E,2,12,0.7,12.22,M,40.00,M,13.0,0907*4B
2021:01:22:12:55:40.195000,1611316540.195,$GPGGA,115539.00,6342.682352,N,01058.744345,E,2,12,0.7,12.18,M,40.00,M,9.0,0907*74
2021:01:22:12:55:41.195000,1611316541.195,$GPGGA,115540.00,6342.682301,N,01058.744349,E,2,12,0.7,12.21,M,40.00,M,10.0,0907*42
2021:01:22:12:55:43.195000,1611316543.195,$GPGGA,115542.00,6342.682299,N,01058.744469,E,2,12,0.7,12.21,M,40.00,M,12.0,0907*47
2021:01:22:12:55:44.195000,1611316544.195,$GPGGA,115543.00,6342.682279,N,01058.744525,E,2,12,0.7,12.21,M,40.00,M,13.0,0907*40
2021:01:22:12:55:45.195000,1611316545.195,$GPGGA,115544.00,6342.682232,N,01058.744504,E,2,12,0.7,12.20,M,40.00,M,14.0,0907*4D
2021:01:22:12:55:47.195000,1611316547.195,$GPGGA,115546.00,6342.682255,N,01058.744614,E,2,12,0.7,12.22,M,40.00,M,16.0,0907*4C
2021:01:22:12:55:48.195000,1611316548.195,$GPGGA,115547.00,6342.682229,N,01058.744613,E,2,12,0.7,12.21,M,40.00,M,17.0,0907*43
2021:01:22:12:55:49.195000,1611316549.195,$GPGGA,115548.00,6342.682180,N,01058.744516,E,2,12,0.7,12.18,M,40.00,M,18.0,0907*4F
2021:01:22:12:55:51.195000,1611316551.195,$GPGGA,115550.00,6342.682226,N,01058.744603,E,2,12,0.7,12.21,M,40.00,M,8.0,0907*75
2021:01:22:12:55:52.195000,1611316552.195,$GPGGA,115551.00,6342.682204,N,01058.744568,E,2,12,0.7,12.19,M,40.00,M,9.0,0907*70
2021:01:22:12:55:53.195000,1611316553.195,$GPGGA,115552.00,6342.682206,N,01058.744499,E,2,12,0.7,12.17,M,40.00,M,10.0,0907*48
2021:01:22:12:55:55.196000,1611316555.196,$GPGGA,115554.00,6342.682220,N,01058.744501,E,2,12,0.7,12.22,M,40.00,M,12.0,0907*4E
2021:01:22:12:55:56.196000,1611316556.196,$GPGGA,115555.00,6342.682231,N,01058.744435,E,2,12,0.7,12.18,M,40.00,M,13.0,0907*41
2021:01:22:12:55:57.196000,1611316557.196,$GPGGA,115556.00,6342.682260,N,01058.744467,E,2,12,0.7,12.16,M,40.00,M,8.0,0907*75
2021:01:22:12:55:58.195000,1611316558.195,$GPGGA,115557.00,6342.682256,N,01058.744474,E,2,12,0.7,12.19,M,40.00,M,9.0,0907*7D
2021:01:22:12:56:00.195000,1611316560.195,$GPGGA,115559.00,6342.682284,N,01058.744425,E,2,12,0.7,12.15,M,40.00,M,6.0,0907*7B
2021:01:22:12:56:01.195000,1611316561.195,$GPGGA,115600.00,6342.682297,N,01058.744452,E,2,12,0.7,12.16,M,40.00,M,7.0,0907*74
2021:01:22:12:56:03.195000,1611316563.195,$GPGGA,115602.00,6342.682313,N,01058.744336,E,2,12,0.7,12.15,M,40.00,M,9.0,0907*73
2021:01:22:12:56:04.195000,1611316564.195,$GPGGA,115603.00,6342.682329,N,01058.744358,E,2,12,0.7,12.16,M,40.00,M,10.0,0907*48
2021:01:22:12:56:05.195000,1611316565.195,$GPGGA,115604.00,6342.682333,N,01058.744388,E,2,12,0.7,12.19,M,40.00,M,11.0,0907*47
2021:01:22:12:56:06.195000,1611316566.195,$GPGGA,115605.00,6342.682350,N,01058.744291,E,2,12,0.7,12.15,M,40.00,M,12.0,0907*45
2021:01:22:12:56:08.195000,1611316568.195,$GPGGA,115607.00,6342.682356,N,01058.744264,E,2,12,0.7,12.16,M,40.00,M,8.0,0907*73
2021:01:22:12:56:09.196000,1611316569.196,$GPGGA,115608.00,6342.682368,N,01058.744232,E,2,12,0.7,12.14,M,40.00,M,9.0,0907*71
2021:01:22:12:56:10.196000,1611316570.196,$GPGGA,115609.00,6342.682368,N,01058.744187,E,2,12,0.7,12.13,M,40.00,M,5.0,0907*76
2021:01:22:12:56:12.196000,1611316572.196,$GPGGA,115611.00,6342.682363,N,01058.744103,E,2,12,0.7,12.14,M,40.00,M,7.0,0907*7D
2021:01:22:12:56:13.196000,1611316573.196,$GPGGA,115612.00,6342.682368,N,01058.744060,E,2,12,0.7,12.15,M,40.00,M,8.0,0907*7F
2021:01:22:12:56:14.196000,1611316574.196,$GPGGA,115613.00,6342.682364,N,01058.744027,E,2,12,0.7,12.14,M,40.00,M,9.0,0907*71
2021:01:22:12:56:16.196000,1611316576.196,$GPGGA,115615.00,6342.682339,N,01058.743889,E,2,12,0.7,12.15,M,40.00,M,11.0,0907*4C
2021:01:22:12:56:17.196000,1611316577.196,$GPGGA,115616.00,6342.682342,N,01058.743901,E,2,12,0.7,12.19,M,40.00,M,7.0,0907*79
2021:01:22:12:56:18.196000,1611316578.196,$GPGGA,115617.00,6342.682329,N,01058.743829,E,2,12,0.7,12.16,M,40.00,M,8.0,0907*7E
2021:01:22:12:56:20.196000,1611316580.196,$GPGGA,115619.00,6342.682312,N,01058.743697,E,2,12,0.7,12.18,M,40.00,M,5.0,0907*70
2021:01:22:12:56:21.196000,1611316581.196,$GPGGA,115620.00,6342.682295,N,01058.743678,E,2,12,0.7,12.19,M,40.00,M,6.0,0907*77
2021:01:22:12:56:22.196000,1611316582.196,$GPGGA,115621.00,6342.682283,N,01058.743574,E,2,12,0.7,12.17,M,40.00,M,7.0,0907*71
2021:01:22:12:56:23.196000,1611316583.196,$GPGGA,115622.00,6342.682284,N,01058.743526,E,2,12,0.7,12.17,M,40.00,M,8.0,0907*7D
2021:01:22:12:56:24.197000,1611316584.197,$GPGGA,115623.00,6342.682279,N,01058.743532,E,2,12,0.7,12.19,M,40.00,M,9.0,0907*74
2021:01:22:12:56:25.197000,1611316585.197,$GPGGA,115624.00,6342.682268,N,01058.743441,E,2,12,0.7,12.17,M,40.00,M,10.0,0907*40
2021:01:22:12:56:26.197000,1611316586.197,$GPGGA,115625.00,6342.682261,N,01058.743373,E,2,12,0.7,12.17,M,40.00,M,6.0,0907*79
2021:01:22:12:56:28.197000,1611316588.197,$GPGGA,115627.00,6342.682261,N,01058.743314,E,2,12,0.7,12.20,M,40.00,M,8.0,0907*70
2021:01:22:12:56:29.196000,1611316589.196,$GPGGA,115628.00,6342.682264,N,01058.743260,E,2,12,0.7,12.18,M,40.00,M,9.0,0907*72
2021:01:22:12:56:30.196000,1611316590.196,$GPGGA,115629.00,6342.682238,N,01058.743168,E,2,12,0.7,12.17,M,40.00,M,4.0,0907*73
2021:01:22:12:56:33.196000,1611316593.196,$GPGGA,115632.00,6342.682260,N,01058.743114,E,2,12,0.7,12.17,M,40.00,M,7.0,0907*7C
2021:01:22:12:56:34.196000,1611316594.196,$GPGGA,115633.00,6342.682228,N,01058.743024,E,2,12,0.7,12.19,M,40.00,M,8.0,0907*72
2021:01:22:12:56:35.196000,1611316595.196,$GPGGA,115634.00,6342.682245,N,01058.742928,E,2,12,0.7,12.17,M,40.00,M,9.0,0907*75
2021:01:22:12:56:37.196000,1611316597.196,$GPGGA,115636.00,6342.682204,N,01058.742802,E,2,12,0.7,12.18,M,40.00,M,6.0,0907*7B
2021:01:22:12:56:38.196000,1611316598.196,$GPGGA,115637.00,6342.682194,N,01058.742719,E,2,12,0.7,12.17,M,40.00,M,7.0,0907*7B
2021:01:22:12:56:39.197000,1611316599.197,$GPGGA,115638.00,6342.682219,N,01058.742712,E,2,12,0.7,12.19,M,40.00,M,8.0,0907*78
2021:01:22:12:56:41.197000,1611316601.197,$GPGGA,115640.00,6342.682137,N,01058.742493,E,2,12,0.7,12.17,M,40.00,M,10.0,0907*45
2021:01:22:12:56:42.197000,1611316602.197,$GPGGA,115641.00,6342.682150,N,01058.742449,E,2,12,0.7,12.14,M,40.00,M,11.0,0907*40
2021:01:22:12:56:43.197000,1611316603.197,$GPGGA,115642.00,6342.682152,N,01058.742505,E,2,12,0.7,12.19,M,40.00,M,12.0,0907*46
2021:01:22:12:56:45.197000,1611316605.197,$GPGGA,115644.00,6342.682083,N,01058.742306,E,2,12,0.7,12.15,M,40.00,M,9.0,0907*7E
2021:01:22:12:56:46.197000,1611316606.197,$GPGGA,115645.00,6342.682067,N,01058.742193,E,2,12,0.7,12.12,M,40.00,M,10.0,0907*44
2021:01:22:12:56:47.197000,1611316607.197,$GPGGA,115646.00,6342.682039,N,01058.742194,E,2,12,0.7,12.16,M,40.00,M,5.0,0907*7B
2021:01:22:12:56:48.197000,1611316608.197,$GPGGA,115647.00,6342.682024,N,01058.742168,E,2,12,0.7,12.16,M,40.00,M,6.0,0907*76
2021:01:22:12:56:49.197000,1611316609.197,$GPGGA,115648.00,6342.682018,N,01058.742157,E,2,12,0.7,12.15,M,40.00,M,7.0,0907*78
2021:01:22:12:56:50.197000,1611316610.197,$GPGGA,115649.00,6342.681989,N,01058.742105,E,2,12,0.7,12.17,M,40.00,M,8.0,0907*71
2021:01:22:12:56:51.197000,1611316611.197,$GPGGA,115650.00,6342.681941,N,01058.741995,E,2,12,0.7,12.17,M,40.00,M,9.0,0907*7E
2021:01:22:12:56:53.197000,1611316613.197,$GPGGA,115652.00,6342.681932,N,01058.741900,E,2,12,0.7,12.15,M,40.00,M,11.0,0907*4F
2021:01:22:12:56:54.198000,1611316614.198,$GPGGA,115653.00,6342.681894,N,01058.741949,E,2,12,0.7,12.21,M,40.00,M,7.0,0907*7E
2021:01:22:12:56:55.198000,1611316615.198,$GPGGA,115654.00,6342.681888,N,01058.741882,E,2,12,0.7,12.19,M,40.00,M,8.0,0907*76
2021:01:22:12:56:57.198000,1611316617.198,$GPGGA,115656.00,6342.681859,N,01058.741778,E,2,12,0.7,12.18,M,40.00,M,10.0,0907*4A
2021:01:22:12:56:58.198000,1611316618.198,$GPGGA,115657.00,6342.681835,N,01058.741818,E,2,12,0.7,12.19,M,40.00,M,11.0,0907*48
2021:01:22:12:56:59.197000,1611316619.197,$GPGGA,115658.00,6342.681864,N,01058.741852,E,2,12,0.7,12.18,M,40.00,M,12.0,0907*4F
2021:01:22:12:57:02.197000,1611316622.197,$GPGGA,115701.00,6342.681819,N,01058.741747,E,2,12,0.7,12.20,M,40.00,M,9.0,0907*72
2021:01:22:12:57:03.197000,1611316623.197,$GPGGA,115702.00,6342.681854,N,01058.741778,E,2,12,0.7,12.18,M,40.00,M,10.0,0907*47
2021:01:22:12:57:04.197000,1611316624.197,$GPGGA,115703.00,6342.681869,N,01058.741829,E,2,12,0.7,12.17,M,40.00,M,6.0,0907*7B
2021:01:22:12:57:06.197000,1611316626.197,$GPGGA,115705.00,6342.681854,N,01058.741871,E,2,12,0.7,12.20,M,40.00,M,8.0,0907*74
2021:01:22:12:57:07.197000,1611316627.197,$GPGGA,115706.00,6342.681891,N,01058.741897,E,2,12,0.7,12.18,M,40.00,M,9.0,0907*7C
2021:01:22:12:57:08.198000,1611316628.198,$GPGGA,115707.00,6342.681907,N,01058.741910,E,2,12,0.7,12.17,M,40.00,M,10.0,0907*4A
2021:01:22:12:57:10.198000,1611316630.198,$GPGGA,115709.00,6342.681918,N,01058.741977,E,2,12,0.7,12.21,M,40.00,M,12.0,0907*4C
2021:01:22:12:57:11.198000,1611316631.198,$GPGGA,115710.00,6342.681971,N,01058.742055,E,2,12,0.7,12.19,M,40.00,M,8.0,0907*71
2021:01:22:12:57:12.198000,1611316632.198,$GPGGA,115711.00,6342.681988,N,01058.742103,E,2,12,0.7,12.18,M,40.00,M,9.0,0907*74
2021:01:22:12:57:13.198000,1611316633.198,$GPGGA,115712.00,6342.681994,N,01058.742125,E,2,12,0.7,12.16,M,40.00,M,4.0,0907*7D
2021:01:22:12:57:14.198000,1611316634.198,$GPGGA,115713.00,6342.682020,N,01058.742141,E,2,12,0.7,12.17,M,40.00,M,5.0,0907*7B
2021:01:22:12:57:15.198000,1611316635.198,$GPGGA,115714.00,6342.682037,N,01058.742219,E,2,12,0.7,12.18,M,40.00,M,6.0,0907*78
2021:01:22:12:57:16.198000,1611316636.198,$GPGGA,115715.00,6342.682080,N,01058.742311,E,2,12,0.7,12.18,M,40.00,M,7.0,0907*7D
2021:01:22:12:57:18.198000,1611316638.198,$GPGGA,115717.00,6342.682084,N,01058.742331,E,2,12,0.7,12.18,M,40.00,M,9.0,0907*77
2021:01:22:12:57:19.198000,1611316639.198,$GPGGA,115718.00,6342.682103,N,01058.742360,E,2,12,0.7,12.16,M,40.00,M,10.0,0907*44
2021:01:22:12:57:20.198000,1611316640.198,$GPGGA,115719.00,6342.682132,N,01058.742489,E,2,12,0.7,12.19,M,40.00,M,11.0,0907*49
2021:01:22:12:57:22.198000,1611316642.198,$GPGGA,115721.00,6342.682146,N,01058.742555,E,2,12,0.7,12.14,M,40.00,M,8.0,0907*74
2021:01:22:12:57:23.199000,1611316643.199,$GPGGA,115722.00,6342.682154,N,01058.742645,E,2,12,0.7,12.17,M,40.00,M,9.0,0907*74
2021:01:22:12:57:24.199000,1611316644.199,$GPGGA,115723.00,6342.682155,N,01058.742699,E,2,12,0.7,12.18,M,40.00,M,10.0,0907*42
2021:01:22:12:57:26.199000,1611316646.199,$GPGGA,115725.00,6342.682158,N,01058.742574,E,2,12,0.7,12.14,M,40.00,M,7.0,0907*73
2021:01:22:12:57:27.199000,1611316647.199,$GPGGA,115726.00,6342.682171,N,01058.742723,E,2,12,0.7,12.20,M,40.00,M,8.0,0907*73
2021:01:22:12:57:28.199000,1611316648.199,$GPGGA,115727.00,6342.682172,N,01058.742719,E,2,12,0.7,12.17,M,40.00,M,9.0,0907*7D
2021:01:22:12:57:30.198000,1611316650.198,$GPGGA,115729.00,6342.682191,N,01058.742685,E,2,12,0.7,12.17,M,40.00,M,11.0,0907*43
2021:01:22:12:57:31.198000,1611316651.198,$GPGGA,115730.00,6342.682209,N,01058.742753,E,2,12,0.7,12.21,M,40.00,M,6.0,0907*70
2021:01:22:12:57:32.198000,1611316652.198,$GPGGA,115731.00,6342.682226,N,01058.742759,E,2,12,0.7,12.17,M,40.00,M,7.0,0907*72
2021:01:22:12:57:33.198000,1611316653.198,$GPGGA,115732.00,6342.682216,N,01058.742763,E,2,12,0.7,12.18,M,40.00,M,8.0,0907*7B
2021:01:22:12:57:35.198000,1611316655.198,$GPGGA,115734.00,6342.682275,N,01058.742816,E,2,12,0.7,12.19,M,40.00,M,10.0,0907*4D
2021:01:22:12:57:36.198000,1611316656.198,$GPGGA,115735.00,6342.682266,N,01058.742823,E,2,12,0.7,12.17,M,40.00,M,11.0,0907*47
2021:01:22:12:57:37.198000,1611316657.198,$GPGGA,115736.00,6342.682277,N,01058.742916,E,2,12,0.7,12.18,M,40.00,M,7.0,0907*7B
2021:01:22:12:57:38.199000,1611316658.199,$GPGGA,115737.00,6342.682301,N,01058.742953,E,2,12,0.7,12.19,M,40.00,M,8.0,0907*75
2021:01:22:12:57:39.199000,1611316659.199,$GPGGA,115738.00,6342.682296,N,01058.742937,E,2,12,0.7,12.18,M,40.00,M,9.0,0907*77
2021:01:22:12:57:40.199000,1611316660.199,$GPGGA,115739.00,6342.682302,N,01058.742998,E,2,12,0.7,12.20,M,40.00,M,10.0,0907*4C
2021:01:22:12:57:41.199000,1611316661.199,$GPGGA,115740.00,6342.682304,N,01058.743012,E,2,12,0.7,12.20,M,40.00,M,11.0,0907*4F
2021:01:22:12:57:43.199000,1611316663.199,$GPGGA,115742.00,6342.682286,N,01058.743008,E,2,12,0.7,12.19,M,40.00,M,13.0,0907*45
2021:01:22:12:57:44.199000,1611316664.199,$GPGGA,115743.00,6342.682288,N,01058.743057,E,2,12,0.7,12.20,M,40.00,M,14.0,0907*4D
2021:01:22:12:57:45.199000,1611316665.199,$GPGGA,115744.00,6342.682285,N,01058.743065,E,2,12,0.7,12.19,M,40.00,M,15.0,0907*4D
2021:01:22:12:57:47.199000,1611316667.199,$GPGGA,115746.00,6342.682278,N,01058.743054,E,2,12,0.7,12.19,M,40.00,M,17.0,0907*4D
2021:01:22:12:57:48.199000,1611316668.199,$GPGGA,115747.00,6342.682274,N,01058.743075,E,2,12,0.7,12.23,M,40.00,M,18.0,0907*45
2021:01:22:12:57:49.199000,1611316669.199,$GPGGA,115748.00,6342.682305,N,01058.743071,E,2,12,0.7,12.21,M,40.00,M,19.0,0907*4A
2021:01:22:12:57:51.199000,1611316671.199,$GPGGA,115750.00,6342.682279,N,01058.743001,E,2,12,0.7,12.20,M,40.00,M,9.0,0907*7E
2021:01:22:12:57:52.199000,1611316672.199,$GPGGA,115751.00,6342.682306,N,01058.742983,E,2,12,0.7,12.22,M,40.00,M,10.0,0907*4E
2021:01:22:12:57:53.200000,1611316673.2,$GPGGA,115752.00,6342.682339,N,01058.743000,E,2,12,0.7,12.21,M,40.00,M,11.0,0907*40
2021:01:22:12:57:55.200000,1611316675.2,$GPGGA,115754.00,6342.682325,N,01058.742983,E,2,12,0.7,12.19,M,40.00,M,7.0,0907*74
2021:01:22:12:57:56.200000,1611316676.2,$GPGGA,115755.00,6342.682347,N,01058.742945,E,2,12,0.7,12.19,M,40.00,M,8.0,0907*74
2021:01:22:12:57:57.200000,1611316677.2,$GPGGA,115756.00,6342.682351,N,01058.742966,E,2,12,0.7,12.22,M,40.00,M,9.0,0907*78
2021:01:22:12:57:58.200000,1611316678.2,$GPGGA,115757.00,6342.682355,N,01058.742963,E,2,12,0.7,12.20,M,40.00,M,10.0,0907*42
2021:01:22:12:57:59.200000,1611316679.2,$GPGGA,115758.00,6342.682360,N,01058.742922,E,2,12,0.7,12.19,M,40.00,M,11.0,0907*45
2021:01:22:12:58:00.200000,1611316680.2,$GPGGA,115759.00,6342.682351,N,01058.742934,E,2,12,0.7,12.21,M,40.00,M,7.0,0907*7D
2021:01:22:12:58:01.199000,1611316681.199,$GPGGA,115800.00,6342.682353,N,01058.742930,E,2,12,0.7,12.22,M,40.00,M,8.0,0907*74
2021:01:22:12:58:03.199000,1611316683.199,$GPGGA,115802.00,6342.682338,N,01058.742810,E,2,12,0.7,12.16,M,40.00,M,10.0,0907*46
2021:01:22:12:58:04.199000,1611316684.199,$GPGGA,115803.00,6342.682345,N,01058.742903,E,2,12,0.7,12.22,M,40.00,M,6.0,0907*7E
2021:01:22:12:58:05.199000,1611316685.199,$GPGGA,115804.00,6342.682357,N,01058.742858,E,2,12,0.7,12.19,M,40.00,M,7.0,0907*7C
2021:01:22:12:58:08.200000,1611316688.2,$GPGGA,115807.00,6342.682316,N,01058.742763,E,2,12,0.7,12.21,M,40.00,M,5.0,0907*74
2021:01:22:12:58:09.200000,1611316689.2,$GPGGA,115808.00,6342.682277,N,01058.742728,E,2,12,0.7,12.20,M,40.00,M,6.0,0907*70
2021:01:22:12:58:10.200000,1611316690.2,$GPGGA,115809.00,6342.682258,N,01058.742743,E,2,12,0.7,12.19,M,40.00,M,7.0,0907*7A
2021:01:22:12:58:12.200000,1611316692.2,$GPGGA,115811.00,6342.682214,N,01058.742644,E,2,12,0.7,12.18,M,40.00,M,9.0,0907*72
2021:01:22:12:58:13.200000,1611316693.2,$GPGGA,115812.00,6342.682199,N,01058.742708,E,2,12,0.7,12.19,M,40.00,M,10.0,0907*47
2021:01:22:12:58:14.200000,1611316694.2,$GPGGA,115813.00,6342.682216,N,01058.742726,E,2,12,0.7,12.16,M,40.00,M,6.0,0907*76
2021:01:22:12:58:16.200000,1611316696.2,$GPGGA,115815.00,6342.682157,N,01058.742679,E,2,12,0.7,12.19,M,40.00,M,8.0,0907*7C
2021:01:22:12:58:17.200000,1611316697.2,$GPGGA,115816.00,6342.682165,N,01058.742675,E,2,12,0.7,12.18,M,40.00,M,9.0,0907*72
2021:01:22:12:58:18.200000,1611316698.2,$GPGGA,115817.00,6342.682160,N,01058.742569,E,2,12,0.7,12.13,M,40.00,M,10.0,0907*4B
2021:01:22:12:58:20.200000,1611316700.2,$GPGGA,115819.00,6342.682148,N,01058.742651,E,2,12,0.7,12.21,M,40.00,M,12.0,0907*44
2021:01:22:12:58:21.200000,1611316701.2,$GPGGA,115820.00,6342.682160,N,01058.742561,E,2,12,0.7,12.14,M,40.00,M,7.0,0907*76
2021:01:22:12:58:22.200000,1611316702.2,$GPGGA,115821.00,6342.682128,N,01058.742511,E,2,12,0.7,12.15,M,40.00,M,8.0,0907*72
2021:01:22:12:58:23.201000,1611316703.201,$GPGGA,115822.00,6342.682137,N,01058.742567,E,2,12,0.7,12.19,M,40.00,M,9.0,0907*73
2021:01:22:12:58:24.201000,1611316704.201,$GPGGA,115823.00,6342.682170,N,01058.742574,E,2,12,0.7,12.17,M,40.00,M,10.0,0907*45
2021:01:22:12:58:25.201000,1611316705.201,$GPGGA,115824.00,6342.682160,N,01058.742544,E,2,12,0.7,12.15,M,40.00,M,6.0,0907*75
2021:01:22:12:58:26.201000,1611316706.201,$GPGGA,115825.00,6342.682151,N,01058.742560,E,2,12,0.7,12.19,M,40.00,M,7.0,0907*7D
2021:01:22:12:58:28.201000,1611316708.201,$GPGGA,115827.00,6342.682200,N,01058.742583,E,2,12,0.7,12.15,M,40.00,M,9.0,0907*77
2021:01:22:12:58:29.201000,1611316709.201,$GPGGA,115828.00,6342.682185,N,01058.742635,E,2,12,0.7,12.17,M,40.00,M,10.0,0907*42
2021:01:22:12:58:30.201000,1611316710.201,$GPGGA,115829.00,6342.682206,N,01058.742635,E,2,12,0.7,12.17,M,40.00,M,11.0,0907*4A
2021:01:22:12:58:32.200000,1611316712.2,$GPGGA,115831.00,6342.682228,N,01058.742672,E,2,12,0.7,12.18,M,40.00,M,8.0,0907*7B
2021:01:22:12:58:33.200000,1611316713.2,$GPGGA,115832.00,6342.682229,N,01058.742659,E,2,12,0.7,12.19,M,40.00,M,9.0,0907*70
2021:01:22:12:58:34.201000,1611316714.201,$GPGGA,115833.00,6342.682268,N,01058.742688,E,2,12,0.7,12.19,M,40.00,M,10.0,0907*40
2021:01:22:12:58:37.200000,1611316717.2,$GPGGA,115836.00,6342.682269,N,01058.742677,E,2,12,0.7,12.18,M,40.00,M,7.0,0907*73
2021:01:22:12:58:38.201000,1611316718.201,$GPGGA,115837.00,6342.682265,N,01058.742691,E,2,12,0.7,12.18,M,40.00,M,8.0,0907*79
2021:01:22:12:58:39.201000,1611316719.201,$GPGGA,115838.00,6342.682256,N,01058.742708,E,2,12,0.7,12.19,M,40.00,M,9.0,0907*77
2021:01:22:12:58:41.201000,1611316721.201,$GPGGA,115840.00,6342.682275,N,01058.742678,E,2,12,0.7,12.20,M,40.00,M,11.0,0907*4C
2021:01:22:12:58:42.201000,1611316722.201,$GPGGA,115841.00,6342.682286,N,01058.742710,E,2,12,0.7,12.19,M,40.00,M,12.0,0907*47
2021:01:22:12:58:43.201000,1611316723.201,$GPGGA,115842.00,6342.682304,N,01058.742742,E,2,12,0.7,12.20,M,40.00,M,13.0,0907*43
2021:01:22:12:58:45.201000,1611316725.201,$GPGGA,115844.00,6342.682334,N,01058.742770,E,2,12,0.7,12.20,M,40.00,M,5.0,0907*70
2021:01:22:12:58:46.201000,1611316726.201,$GPGGA,115845.00,6342.682348,N,01058.742753,E,2,12,0.7,12.18,M,40.00,M,6.0,0907*73
2021:01:22:12:58:47.201000,1611316727.201,$GPGGA,115846.00,6342.682355,N,01058.742750,E,2,12,0.7,12.19,M,40.00,M,7.0,0907*7F
2021:01:22:12:58:48.201000,1611316728.201,$GPGGA,115847.00,6342.682394,N,01058.742810,E,2,12,0.7,12.21,M,40.00,M,8.0,0907*7C
2021:01:22:12:58:49.201000,1611316729.201,$GPGGA,115848.00,6342.682415,N,01058.742796,E,2,12,0.7,12.20,M,40.00,M,9.0,0907*7C
2021:01:22:12:58:50.201000,1611316730.201,$GPGGA,115849.00,6342.682420,N,01058.742755,E,2,12,0.7,12.19,M,40.00,M,10.0,0907*46
2021:01:22:12:58:51.201000,1611316731.201,$GPGGA,115850.00,6342.682458,N,01058.742761,E,2,12,0.7,12.22,M,40.00,M,11.0,0907*4F
2021:01:22:12:58:53.202000,1611316733.202,$GPGGA,115852.00,6342.682494,N,01058.742719,E,2,12,0.7,12.21,M,40.00,M,13.0,0907*43
2021:01:22:12:58:54.202000,1611316734.202,$GPGGA,115853.00,6342.682534,N,01058.742763,E,2,12,0.7,12.22,M,40.00,M,14.0,0907*40
2021:01:22:12:58:55.202000,1611316735.202,$GPGGA,115854.00,6342.682567,N,01058.742772,E,2,12,0.7,12.22,M,40.00,M,9.0,0907*7D
2021:01:22:12:58:57.202000,1611316737.202,$GPGGA,115856.00,6342.682618,N,01058.742820,E,2,12,0.7,12.23,M,40.00,M,11.0,0907*44
2021:01:22:12:58:58.202000,1611316738.202,$GPGGA,115857.00,6342.682636,N,01058.742906,E,2,12,0.7,12.22,M,40.00,M,7.0,0907*7A
2021:01:22:12:58:59.202000,1611316739.202,$GPGGA,115858.00,6342.682672,N,01058.743013,E,2,12,0.7,12.22,M,40.00,M,8.0,0907*76
2021:01:22:12:59:01.202000,1611316741.202,$GPGGA,115900.00,6342.682720,N,01058.743192,E,2,12,0.7,12.22,M,40.00,M,10.0,0907*4D
2021:01:22:12:59:02.202000,1611316742.202,$GPGGA,115901.00,6342.682726,N,01058.743299,E,2,12,0.7,12.22,M,40.00,M,11.0,0907*43
2021:01:22:12:59:03.201000,1611316743.201,$GPGGA,115902.00,6342.682758,N,01058.743453,E,2,12,0.7,12.23,M,40.00,M,12.0,0907*4B
2021:01:22:12:59:05.201000,1611316745.201,$GPGGA,115904.00,6342.682782,N,01058.743796,E,2,12,0.7,12.20,M,40.00,M,8.0,0907*78
2021:01:22:12:59:06.201000,1611316746.201,$GPGGA,115905.00,6342.682791,N,01058.743866,E,2,12,0.7,12.20,M,40.00,M,9.0,0907*7A
2021:01:22:12:59:07.201000,1611316747.201,$GPGGA,115906.00,6342.682758,N,01058.743950,E,2,12,0.7,12.22,M,40.00,M,10.0,0907*42
2021:01:22:12:59:08.202000,1611316748.202,$GPGGA,115907.00,6342.682742,N,01058.744063,E,2,12,0.7,12.24,M,40.00,M,6.0,0907*77
2021:01:22:12:59:10.202000,1611316750.202,$GPGGA,115909.00,6342.682728,N,01058.744184,E,2,12,0.7,12.20,M,40.00,M,8.0,0907*77
2021:01:22:12:59:11.202000,1611316751.202,$GPGGA,115910.00,6342.682674,N,01058.744248,E,2,12,0.7,12.21,M,40.00,M,9.0,0907*74
2021:01:22:12:59:12.202000,1611316752.202,$GPGGA,115911.00,6342.682693,N,01058.744375,E,2,12,0.7,12.20,M,40.00,M,5.0,0907*7E
2021:01:22:12:59:13.202000,1611316753.202,$GPGGA,115912.00,6342.682698,N,01058.744421,E,2,12,0.7,12.18,M,40.00,M,6.0,0907*78
2021:01:22:12:59:14.202000,1611316754.202,$GPGGA,115913.00,6342.682644,N,01058.744402,E,2,12,0.7,12.19,M,40.00,M,7.0,0907*79
2021:01:22:12:59:15.202000,1611316755.202,$GPGGA,115914.00,6342.682628,N,01058.744470,E,2,12,0.7,12.21,M,40.00,M,8.0,0907*75
2021:01:22:12:59:16.202000,1611316756.202,$GPGGA,115915.00,6342.682632,N,01058.744539,E,2,12,0.7,12.23,M,40.00,M,9.0,0907*70
2021:01:22:12:59:18.202000,1611316758.202,$GPGGA,115917.00,6342.682586,N,01058.744439,E,2,12,0.7,12.18,M,40.00,M,11.0,0907*4E
2021:01:22:12:59:19.202000,1611316759.202,$GPGGA,115918.00,6342.682572,N,01058.744461,E,2,12,0.7,12.21,M,40.00,M,12.0,0907*4E
2021:01:22:12:59:20.202000,1611316760.202,$GPGGA,115919.00,6342.682554,N,01058.744472,E,2,12,0.7,12.22,M,40.00,M,13.0,0907*4B
2021:01:22:12:59:22.202000,1611316762.202,$GPGGA,115921.00,6342.682531,N,01058.744377,E,2,12,0.7,12.19,M,40.00,M,9.0,0907*72
2021:01:22:12:59:23.203000,1611316763.203,$GPGGA,115922.00,6342.682498,N,01058.744320,E,2,12,0.7,12.22,M,40.00,M,10.0,0907*41
2021:01:22:12:59:24.203000,1611316764.203,$GPGGA,115923.00,6342.682519,N,01058.744296,E,2,12,0.7,12.19,M,40.00,M,11.0,0907*4D
2021:01:22:12:59:25.203000,1611316765.203,$GPGGA,115924.00,6342.682514,N,01058.744297,E,2,12,0.7,12.18,M,40.00,M,7.0,0907*70
2021:01:22:12:59:26.203000,1611316766.203,$GPGGA,115925.00,6342.682476,N,01058.744282,E,2,12,0.7,12.19,M,40.00,M,8.0,0907*7E
2021:01:22:12:59:27.203000,1611316767.203,$GPGGA,115926.00,6342.682484,N,01058.744226,E,2,12,0.7,12.18,M,40.00,M,9.0,0907*7E
2021:01:22:12:59:28.203000,1611316768.203,$GPGGA,115927.00,6342.682474,N,01058.744208,E,2,12,0.7,12.16,M,40.00,M,5.0,0907*7E
2021:01:22:12:59:30.203000,1611316770.203,$GPGGA,115929.00,6342.682451,N,01058.744249,E,2,12,0.7,12.19,M,40.00,M,7.0,0907*7F
2021:01:22:12:59:31.203000,1611316771.203,$GPGGA,115930.00,6342.682435,N,01058.744210,E,2,12,0.7,12.16,M,40.00,M,8.0,0907*79
2021:01:22:12:59:32.203000,1611316772.203,$GPGGA,115931.00,6342.682393,N,01058.744211,E,2,12,0.7,12.18,M,40.00,M,9.0,0907*7D
2021:01:22:12:59:33.203000,1611316773.203,$GPGGA,115932.00,6342.682373,N,01058.744206,E,2,12,0.7,12.19,M,40.00,M,10.0,0907*4F
2021:01:22:12:59:34.203000,1611316774.203,$GPGGA,115933.00,6342.682375,N,01058.744201,E,2,12,0.7,12.18,M,40.00,M,11.0,0907*4F
2021:01:22:12:59:35.203000,1611316775.203,$GPGGA,115934.00,6342.682336,N,01058.744177,E,2,12,0.7,12.16,M,40.00,M,7.0,0907*74
2021:01:22:12:59:36.202000,1611316776.202,$GPGGA,115935.00,6342.682302,N,01058.744172,E,2,12,0.7,12.18,M,40.00,M,8.0,0907*76
2021:01:22:12:59:38.203000,1611316778.203,$GPGGA,115937.00,6342.682266,N,01058.744109,E,2,12,0.7,12.19,M,40.00,M,10.0,0907*43
2021:01:22:12:59:39.203000,1611316779.203,$GPGGA,115938.00,6342.682252,N,01058.744101,E,2,12,0.7,12.19,M,40.00,M,11.0,0907*42
2021:01:22:12:59:40.203000,1611316780.203,$GPGGA,115939.00,6342.682206,N,01058.744027,E,2,12,0.7,12.19,M,40.00,M,12.0,0907*44
2021:01:22:12:59:41.203000,1611316781.203,$GPGGA,115940.00,6342.682182,N,01058.743935,E,2,12,0.7,12.18,M,40.00,M,13.0,0907*48
2021:01:22:12:59:43.203000,1611316783.203,$GPGGA,115942.00,6342.682162,N,01058.743942,E,2,12,0.7,12.20,M,40.00,M,15.0,0907*49
2021:01:22:12:59:44.203000,1611316784.203,$GPGGA,115943.00,6342.682140,N,01058.743865,E,2,12,0.7,12.18,M,40.00,M,16.0,0907*44
2021:01:22:12:59:45.203000,1611316785.203,$GPGGA,115944.00,6342.682130,N,01058.743748,E,2,12,0.7,12.17,M,40.00,M,8.0,0907*74
2021:01:22:12:59:47.203000,1611316787.203,$GPGGA,115946.00,6342.682110,N,01058.743773,E,2,12,0.7,12.22,M,40.00,M,10.0,0907*43
2021:01:22:12:59:48.203000,1611316788.203,$GPGGA,115947.00,6342.682115,N,01058.743718,E,2,12,0.7,12.18,M,40.00,M,11.0,0907*42
2021:01:22:12:59:49.203000,1611316789.203,$GPGGA,115948.00,6342.682095,N,01058.743640,E,2,12,0.7,12.17,M,40.00,M,12.0,0907*44
2021:01:22:12:59:50.203000,1611316790.203,$GPGGA,115949.00,6342.682090,N,01058.743580,E,2,12,0.7,12.19,M,40.00,M,13.0,0907*40
2021:01:22:12:59:51.203000,1611316791.203,$GPGGA,115950.00,6342.682093,N,01058.743554,E,2,12,0.7,12.20,M,40.00,M,14.0,0907*4F
2021:01:22:12:59:52.203000,1611316792.203,$GPGGA,115951.00,6342.682100,N,01058.743593,E,2,12,0.7,12.22,M,40.00,M,15.0,0907*4D
2021:01:22:12:59:53.204000,1611316793.204,$GPGGA,115952.00,6342.682107,N,01058.743550,E,2,12,0.7,12.21,M,40.00,M,16.0,0907*46
2021:01:22:12:59:55.204000,1611316795.204,$GPGGA,115954.00,6342.682100,N,01058.743422,E,2,12,0.7,12.21,M,40.00,M,7.0,0907*73
2021:01:22:12:59:56.204000,1611316796.204,$GPGGA,115955.00,6342.682126,N,01058.743411,E,2,12,0.7,12.20,M,40.00,M,8.0,0907*78
2021:01:22:12:59:57.204000,1611316797.204,$GPGGA,115956.00,6342.682140,N,01058.743364,E,2,12,0.7,12.19,M,40.00,M,9.0,0907*75
2021:01:22:12:59:58.204000,1611316798.204,$GPGGA,115957.00,6342.682137,N,01058.743329,E,2,12,0.7,12.20,M,40.00,M,10.0,0907*4F
2021:01:22:12:59:59.204000,1611316799.204,$GPGGA,115958.00,6342.682169,N,01058.743279,E,2,12,0.7,12.21,M,40.00,M,6.0,0907*79
2021:01:22:13:00:00.204000,1611316800.204,$GPGGA,115959.00,6342.682200,N,01058.743197,E,2,12,0.7,12.18,M,40.00,M,7.0,0907*7C
2021:01:22:13:00:01.204000,1611316801.204,$GPGGA,120000.00,6342.682196,N,01058.743160,E,2,12,0.7,12.22,M,40.00,M,8.0,0907*7D
2021:01:22:13:00:03.204000,1611316803.204,$GPGGA,120002.00,6342.682292,N,01058.743154,E,2,12,0.7,12.20,M,40.00,M,10.0,0907*44
2021:01:22:13:00:04.204000,1611316804.204,$GPGGA,120003.00,6342.682295,N,01058.743021,E,2,12,0.7,12.17,M,40.00,M,11.0,0907*44
2021:01:22:13:00:05.204000,1611316805.204,$GPGGA,120004.00,6342.682290,N,01058.743038,E,2,12,0.7,12.22,M,40.00,M,12.0,0907*4B
2021:01:22:13:00:07.203000,1611316807.203,$GPGGA,120006.00,6342.682389,N,01058.743024,E,2,12,0.7,12.19,M,40.00,M,14.0,0907*43
2021:01:22:13:00:08.204000,1611316808.204,$GPGGA,120007.00,6342.682380,N,01058.742947,E,2,12,0.7,12.18,M,40.00,M,15.0,0907*46
2021:01:22:13:00:09.204000,1611316809.204,$GPGGA,120008.00,6342.682413,N,01058.742992,E,2,12,0.7,12.26,M,40.00,M,10.0,0907*44
2021:01:22:13:00:10.204000,1611316810.204,$GPGGA,120009.00,6342.682446,N,01058.742981,E,2,12,0.7,12.25,M,40.00,M,11.0,0907*45
2021:01:22:13:00:12.204000,1611316812.204,$GPGGA,120011.00,6342.682460,N,01058.742936,E,2,12,0.7,12.20,M,40.00,M,8.0,0907*79
2021:01:22:13:00:13.204000,1611316813.204,$GPGGA,120012.00,6342.682482,N,01058.742910,E,2,12,0.7,12.23,M,40.00,M,9.0,0907*70
2021:01:22:13:00:14.204000,1611316814.204,$GPGGA,120013.00,6342.682498,N,01058.742873,E,2,12,0.7,12.22,M,40.00,M,10.0,0907*47
2021:01:22:13:00:15.204000,1611316815.204,$GPGGA,120014.00,6342.682483,N,01058.742893,E,2,12,0.7,12.25,M,40.00,M,6.0,0907*74
2021:01:22:13:00:16.204000,1611316816.204,$GPGGA,120015.00,6342.682471,N,01058.742817,E,2,12,0.7,12.23,M,40.00,M,7.0,0907*73
2021:01:22:13:00:17.204000,1611316817.204,$GPGGA,120016.00,6342.682508,N,01058.742765,E,2,12,0.7,12.19,M,40.00,M,8.0,0907*73
2021:01:22:13:00:18.204000,1611316818.204,$GPGGA,120017.00,6342.682490,N,01058.742853,E,2,12,0.7,12.25,M,40.00,M,9.0,0907*76
2021:01:22:13:00:20.204000,1611316820.204,$GPGGA,120019.00,6342.682476,N,01058.742852,E,2,12,0.7,12.21,M,40.00,M,11.0,0907*4C
2021:01:22:13:00:21.204000,1611316821.204,$GPGGA,120020.00,6342.682461,N,01058.742746,E,2,12,0.7,12.18,M,40.00,M,12.0,0907*43
2021:01:22:13:00:22.204000,1611316822.204,$GPGGA,120021.00,6342.682404,N,01058.742775,E,2,12,0.7,12.22,M,40.00,M,7.0,0907*7C
2021:01:22:13:00:23.205000,1611316823.205,$GPGGA,120022.00,6342.682403,N,01058.742914,E,2,12,0.7,12.27,M,40.00,M,8.0,0907*7B
2021:01:22:13:00:24.205000,1611316824.205,$GPGGA,120023.00,6342.682423,N,01058.742966,E,2,12,0.7,12.21,M,40.00,M,9.0,0907*7A
2021:01:22:13:00:25.205000,1611316825.205,$GPGGA,120024.00,6342.682382,N,01058.742868,E,2,12,0.7,12.18,M,40.00,M,10.0,0907*4C
2021:01:22:13:00:26.205000,1611316826.205,$GPGGA,120025.00,6342.682338,N,01058.742831,E,2,12,0.7,12.22,M,40.00,M,6.0,0907*7E
2021:01:22:13:00:28.205000,1611316828.205,$GPGGA,120027.00,6342.682334,N,01058.742919,E,2,12,0.7,12.21,M,40.00,M,8.0,0907*76
2021:01:22:13:00:29.205000,1611316829.205,$GPGGA,120028.00,6342.682288,N,01058.742864,E,2,12,0.7,12.19,M,40.00,M,9.0,0907*7E
2021:01:22:13:00:30.205000,1611316830.205,$GPGGA,120029.00,6342.682263,N,01058.742929,E,2,12,0.7,12.27,M,40.00,M,10.0,0907*47
2021:01:22:13:00:32.205000,1611316832.205,$GPGGA,120031.00,6342.682232,N,01058.742877,E,2,12,0.7,12.20,M,40.00,M,7.0,0907*71
2021:01:22:13:00:33.205000,1611316833.205,$GPGGA,120032.00,6342.682173,N,01058.742900,E,2,12,0.7,12.23,M,40.00,M,8.0,0907*79
2021:01:22:13:00:34.205000,1611316834.205,$GPGGA,120033.00,6342.682179,N,01058.743024,E,2,12,0.7,12.26,M,40.00,M,9.0,0907*78
2021:01:22:13:00:35.205000,1611316835.205,$GPGGA,120034.00,6342.682175,N,01058.743091,E,2,12,0.7,12.23,M,40.00,M,10.0,0907*40
2021:01:22:13:00:36.205000,1611316836.205,$GPGGA,120035.00,6342.682105,N,01058.743061,E,2,12,0.7,12.21,M,40.00,M,6.0,0907*7C
2021:01:22:13:00:37.205000,1611316837.205,$GPGGA,120036.00,6342.682058,N,01058.743049,E,2,12,0.7,12.22,M,40.00,M,7.0,0907*7E
2021:01:22:13:00:38.206000,1611316838.206,$GPGGA,120037.00,6342.682066,N,01058.743097,E,2,12,0.7,12.21,M,40.00,M,8.0,0907*7D
2021:01:22:13:00:40.206000,1611316840.206,$GPGGA,120039.00,6342.681984,N,01058.743261,E,2,12,0.7,12.22,M,40.00,M,10.0,0907*44
2021:01:22:13:00:41.205000,1611316841.205,$GPGGA,120040.00,6342.681969,N,01058.743234,E,2,12,0.7,12.20,M,40.00,M,11.0,0907*4A
2021:01:22:13:00:42.206000,1611316842.206,$GPGGA,120041.00,6342.681963,N,01058.743183,E,2,12,0.7,12.17,M,40.00,M,7.0,0907*7D
2021:01:22:13:00:43.205000,1611316843.205,$GPGGA,120042.00,6342.681922,N,01058.743215,E,2,12,0.7,12.21,M,40.00,M,8.0,0907*7D
2021:01:22:13:00:45.205000,1611316845.205,$GPGGA,120044.00,6342.681924,N,01058.743316,E,2,12,0.7,12.19,M,40.00,M,10.0,0907*4D
2021:01:22:13:00:46.205000,1611316846.205,$GPGGA,120045.00,6342.681908,N,01058.743273,E,2,12,0.7,12.20,M,40.00,M,11.0,0907*4B
2021:01:22:13:00:47.205000,1611316847.205,$GPGGA,120046.00,6342.681874,N,01058.743228,E,2,12,0.7,12.23,M,40.00,M,12.0,0907*4C
2021:01:22:13:00:48.206000,1611316848.206,$GPGGA,120047.00,6342.681874,N,01058.743216,E,2,12,0.7,12.24,M,40.00,M,13.0,0907*46
2021:01:22:13:00:49.206000,1611316849.206,$GPGGA,120048.00,6342.681897,N,01058.743183,E,2,12,0.7,12.20,M,40.00,M,9.0,0907*74
2021:01:22:13:00:50.206000,1611316850.206,$GPGGA,120049.00,6342.681882,N,01058.743186,E,2,12,0.7,12.19,M,40.00,M,10.0,0907*46
2021:01:22:13:00:51.205000,1611316851.205,$GPGGA,120050.00,6342.681849,N,01058.743123,E,2,12,0.7,12.22,M,40.00,M,11.0,0907*4F
2021:01:22:13:00:53.206000,1611316853.206,$GPGGA,120052.00,6342.681905,N,01058.743103,E,2,12,0.7,12.21,M,40.00,M,7.0,0907*72
2021:01:22:13:00:54.207000,1611316854.207,$GPGGA,120053.00,6342.681878,N,01058.743080,E,2,12,0.7,12.22,M,40.00,M,8.0,0907*7E
2021:01:22:13:00:55.206000,1611316855.206,$GPGGA,120054.00,6342.681871,N,01058.743043,E,2,12,0.7,12.21,M,40.00,M,9.0,0907*7D
2021:01:22:13:00:57.206000,1611316857.206,$GPGGA,120056.00,6342.681917,N,01058.743036,E,2,12,0.7,12.21,M,40.00,M,11.0,0907*45
2021:01:22:13:00:58.206000,1611316858.206,$GPGGA,120057.00,6342.681897,N,01058.742990,E,2,12,0.7,12.23,M,40.00,M,12.0,0907*48
2021:01:22:13:00:59.206000,1611316859.206,$GPGGA,120058.00,6342.681898,N,01058.742939,E,2,12,0.7,12.23,M,40.00,M,8.0,0907*70
2021:01:22:13:01:00.206000,1611316860.206,$GPGGA,120059.00,6342.681916,N,01058.742925,E,2,12,0.7,12.21,M,40.00,M,9.0,0907*78
2021:01:22:13:01:01.206000,1611316861.206,$GPGGA,120100.00,6342.681914,N,01058.742964,E,2,12,0.7,12.23,M,40.00,M,10.0,0907*48
2021:01:22:13:01:02.206000,1611316862.206,$GPGGA,120101.00,6342.681914,N,01058.742946,E,2,12,0.7,12.21,M,40.00,M,6.0,0907*7C
2021:01:22:13:01:03.206000,1611316863.206,$GPGGA,120102.00,6342.681921,N,01058.742917,E,2,12,0.7,12.18,M,40.00,M,7.0,0907*76
2021:01:22:13:01:05.206000,1611316865.206,$GPGGA,120104.00,6342.681911,N,01058.742952,E,2,12,0.7,12.20,M,40.00,M,9.0,0907*77
2021:01:22:13:01:06.207000,1611316866.207,$GPGGA,120105.00,6342.681922,N,01058.743016,E,2,12,0.7,12.21,M,40.00,M,10.0,0907*47
2021:01:22:13:01:07.207000,1611316867.207,$GPGGA,120106.00,6342.681909,N,01058.743039,E,2,12,0.7,12.20,M,40.00,M,11.0,0907*40
2021:01:22:13:01:08.206000,1611316868.206,$GPGGA,120107.00,6342.681914,N,01058.743041,E,2,12,0.7,12.15,M,40.00,M,12.0,0907*47
2021:01:22:13:01:09.206000,1611316869.206,$GPGGA,120108.00,6342.681897,N,01058.743090,E,2,12,0.7,12.19,M,40.00,M,13.0,0907*43
2021:01:22:13:01:10.207000,1611316870.207,$GPGGA,120109.00,6342.681885,N,01058.743154,E,2,12,0.7,12.20,M,40.00,M,14.0,0907*45
2021:01:22:13:01:11.206000,1611316871.206,$GPGGA,120110.00,6342.681914,N,01058.743232,E,2,12,0.7,12.18,M,40.00,M,15.0,0907*4D
2021:01:22:13:01:12.206000,1611316872.206,$GPGGA,120111.00,6342.681910,N,01058.743259,E,2,12,0.7,12.16,M,40.00,M,16.0,0907*48
2021:01:22:13:01:13.207000,1611316873.207,$GPGGA,120112.00,6342.681893,N,01058.743238,E,2,12,0.7,12.19,M,40.00,M,12.0,0907*4D
2021:01:22:13:01:14.206000,1611316874.206,$GPGGA,120113.00,6342.681928,N,01058.743330,E,2,12,0.7,12.20,M,40.00,M,13.0,0907*4F
2021:01:22:13:01:15.207000,1611316875.207,$GPGGA,120114.00,6342.681943,N,01058.743348,E,2,12,0.7,12.21,M,40.00,M,8.0,0907*71
2021:01:22:13:01:16.206000,1611316876.206,$GPGGA,120115.00,6342.681942,N,01058.743328,E,2,12,0.7,12.18,M,40.00,M,9.0,0907*7C
2021:01:22:13:01:18.206000,1611316878.206,$GPGGA,120117.00,6342.682001,N,01058.743413,E,2,12,0.7,12.20,M,40.00,M,11.0,0907*4E
2021:01:22:13:01:19.206000,1611316879.206,$GPGGA,120118.00,6342.682004,N,01058.743383,E,2,12,0.7,12.19,M,40.00,M,12.0,0907*43
2021:01:22:13:01:20.207000,1611316880.207,$GPGGA,120119.00,6342.682020,N,01058.743473,E,2,12,0.7,12.23,M,40.00,M,13.0,0907*44
2021:01:22:13:01:22.207000,1611316882.207,$GPGGA,120121.00,6342.682029,N,01058.743319,E,2,12,0.7,12.19,M,40.00,M,15.0,0907*42
2021:01:22:13:01:23.207000,1611316883.207,$GPGGA,120122.00,6342.682020,N,01058.743340,E,2,12,0.7,12.20,M,40.00,M,5.0,0907*7F
2021:01:22:13:01:24.207000,1611316884.207,$GPGGA,120123.00,6342.682032,N,01058.743394,E,2,12,0.7,12.24,M,40.00,M,6.0,0907*73
2021:01:22:13:01:25.207000,1611316885.207,$GPGGA,120124.00,6342.682015,N,01058.743338,E,2,12,0.7,12.22,M,40.00,M,7.0,0907*70
2021:01:22:13:01:26.207000,1611316886.207,$GPGGA,120125.00,6342.682017,N,01058.743273,E,2,12,0.7,12.19,M,40.00,M,8.0,0907*7A
2021:01:22:13:01:27.207000,1611316887.207,$GPGGA,120126.00,6342.682017,N,01058.743303,E,2,12,0.7,12.21,M,40.00,M,9.0,0907*75
2021:01:22:13:01:28.207000,1611316888.207,$GPGGA,120127.00,6342.681987,N,01058.743255,E,2,12,0.7,12.23,M,40.00,M,10.0,0907*4F
2021:01:22:13:01:30.207000,1611316890.207,$GPGGA,120129.00,6342.681971,N,01058.743175,E,2,12,0.7,12.20,M,40.00,M,7.0,0907*7C
2021:01:22:13:01:31.207000,1611316891.207,$GPGGA,120130.00,6342.681969,N,01058.743132,E,2,12,0.7,12.20,M,40.00,M,8.0,0907*71
2021:01:22:13:01:32.207000,1611316892.207,$GPGGA,120131.00,6342.681930,N,01058.743109,E,2,12,0.7,12.23,M,40.00,M,9.0,0907*76
2021:01:22:13:01:33.207000,1611316893.207,$GPGGA,120132.00,6342.681909,N,01058.743021,E,2,12,0.7,12.21,M,40.00,M,10.0,0907*4E
2021:01:22:13:01:34.207000,1611316894.207,$GPGGA,120133.00,6342.681925,N,01058.743041,E,2,12,0.7,12.19,M,40.00,M,11.0,0907*4D
2021:01:22:13:01:35.208000,1611316895.208,$GPGGA,120134.00,6342.681900,N,01058.743090,E,2,12,0.7,12.20,M,40.00,M,12.0,0907*48
2021:01:22:13:01:36.208000,1611316896.208,$GPGGA,120135.00,6342.681872,N,01058.743053,E,2,12,0.7,12.21,M,40.00,M,7.0,0907*77
2021:01:22:13:01:38.207000,1611316898.207,$GPGGA,120137.00,6342.681858,N,01058.743036,E,2,12,0.7,12.18,M,40.00,M,9.0,0907*7A
2021:01:22:13:01:39.207000,1611316899.207,$GPGGA,120138.00,6342.681843,N,01058.743117,E,2,12,0.7,12.19,M,40.00,M,10.0,0907*44
2021:01:22:13:01:40.207000,1611316900.207,$GPGGA,120139.00,6342.681856,N,01058.743207,E,2,12,0.7,12.21,M,40.00,M,11.0,0907*49
2021:01:22:13:01:43.207000,1611316903.207,$GPGGA,120142.00,6342.681866,N,01058.743398,E,2,12,0.7,12.21,M,40.00,M,9.0,0907*78
2021:01:22:13:01:44.207000,1611316904.207,$GPGGA,120143.00,6342.681856,N,01058.743422,E,2,12,0.7,12.19,M,40.00,M,10.0,0907*4F
2021:01:22:13:01:45.207000,1611316905.207,$GPGGA,120144.00,6342.681863,N,01058.743461,E,2,12,0.7,12.17,M,40.00,M,11.0,0907*46
2021:01:22:13:01:47.208000,1611316907.208,$GPGGA,120146.00,6342.681903,N,01058.743659,E,2,12,0.7,12.23,M,40.00,M,8.0,0907*75
2021:01:22:13:01:48.207000,1611316908.207,$GPGGA,120147.00,6342.681896,N,01058.743690,E,2,12,0.7,12.22,M,40.00,M,9.0,0907*7C
2021:01:22:13:01:49.207000,1611316909.207,$GPGGA,120148.00,6342.681918,N,01058.743721,E,2,12,0.7,12.21,M,40.00,M,10.0,0907*44
2021:01:22:13:01:50.208000,1611316910.208,$GPGGA,120149.00,6342.681943,N,01058.743785,E,2,12,0.7,12.21,M,40.00,M,11.0,0907*44
2021:01:22:13:01:51.208000,1611316911.208,$GPGGA,120150.00,6342.681945,N,01058.743848,E,2,12,0.7,12.20,M,40.00,M,12.0,0907*46
2021:01:22:13:01:52.208000,1611316912.208,$GPGGA,120151.00,6342.681950,N,01058.743923,E,2,12,0.7,12.24,M,40.00,M,8.0,0907*70
2021:01:22:13:01:53.208000,1611316913.208,$GPGGA,120152.00,6342.681960,N,01058.743947,E,2,12,0.7,12.22,M,40.00,M,9.0,0907*75
2021:01:22:13:01:55.208000,1611316915.208,$GPGGA,120154.00,6342.682002,N,01058.744028,E,2,12,0.7,12.21,M,40.00,M,11.0,0907*40
2021:01:22:13:01:56.208000,1611316916.208,$GPGGA,120155.00,6342.682006,N,01058.744116,E,2,12,0.7,12.23,M,40.00,M,7.0,0907*7C
2021:01:22:13:01:57.208000,1611316917.208,$GPGGA,120156.00,6342.682034,N,01058.744159,E,2,12,0.7,12.22,M,40.00,M,8.0,0907*7B
2021:01:22:13:01:58.208000,1611316918.208,$GPGGA,120157.00,6342.682057,N,01058.744159,E,2,12,0.7,12.19,M,40.00,M,9.0,0907*76
2021:01:22:13:01:59.208000,1611316919.208,$GPGGA,120158.00,6342.682065,N,01058.744219,E,2,12,0.7,12.21,M,40.00,M,10.0,0907*4C
2021:01:22:13:02:00.208000,1611316920.208,$GPGGA,120159.00,6342.682086,N,01058.744289,E,2,12,0.7,12.20,M,40.00,M,11.0,0907*49
2021:01:22:13:02:01.208000,1611316921.208,$GPGGA,120200.00,6342.682122,N,01058.744312,E,2,12,0.7,12.18,M,40.00,M,12.0,0907*42
2021:01:22:13:02:03.208000,1611316923.208,$GPGGA,120202.00,6342.682132,N,01058.744364,E,2,12,0.7,12.20,M,40.00,M,8.0,0907*70
2021:01:22:13:02:04.209000,1611316924.209,$GPGGA,120203.00,6342.682159,N,01058.744328,E,2,12,0.7,12.16,M,40.00,M,9.0,0907*70
2021:01:22:13:02:05.209000,1611316925.209,$GPGGA,120204.00,6342.682175,N,01058.744397,E,2,12,0.7,12.19,M,40.00,M,10.0,0907*4A
2021:01:22:13:02:07.209000,1611316927.209,$GPGGA,120206.00,6342.682220,N,01058.744463,E,2,12,0.7,12.19,M,40.00,M,7.0,0907*71
2021:01:22:13:02:08.208000,1611316928.208,$GPGGA,120207.00,6342.682213,N,01058.744404,E,2,12,0.7,12.19,M,40.00,M,8.0,0907*7E
2021:01:22:13:02:09.208000,1611316929.208,$GPGGA,120208.00,6342.682207,N,01058.744414,E,2,12,0.7,12.20,M,40.00,M,9.0,0907*7E
2021:01:22:13:02:10.208000,1611316930.208,$GPGGA,120209.00,6342.682244,N,01058.744448,E,2,12,0.7,12.20,M,40.00,M,10.0,0907*49
2021:01:22:13:02:11.208000,1611316931.208,$GPGGA,120210.00,6342.682252,N,01058.744397,E,2,12,0.7,12.16,M,40.00,M,11.0,0907*47
2021:01:22:13:02:12.209000,1611316932.209,$GPGGA,120211.00,6342.682254,N,01058.744451,E,2,12,0.7,12.19,M,40.00,M,12.0,0907*41
2021:01:22:13:02:13.208000,1611316933.208,$GPGGA,120212.00,6342.682279,N,01058.744482,E,2,12,0.7,12.20,M,40.00,M,8.0,0907*72
2021:01:22:13:02:15.208000,1611316935.208,$GPGGA,120214.00,6342.682304,N,01058.744345,E,2,12,0.7,12.16,M,40.00,M,10.0,0907*4F
2021:01:22:13:02:16.208000,1611316936.208,$GPGGA,120215.00,6342.682328,N,01058.744406,E,2,12,0.7,12.20,M,40.00,M,6.0,0907*72
2021:01:22:13:02:17.208000,1611316937.208,$GPGGA,120216.00,6342.682357,N,01058.744392,E,2,12,0.7,12.18,M,40.00,M,7.0,0907*79
2021:01:22:13:02:18.208000,1611316938.208,$GPGGA,120217.00,6342.682371,N,01058.744258,E,2,12,0.7,12.16,M,40.00,M,8.0,0907*7A
2021:01:22:13:02:20.209000,1611316940.209,$GPGGA,120219.00,6342.682399,N,01058.744171,E,2,12,0.7,12.19,M,40.00,M,10.0,0907*4C
2021:01:22:13:02:21.209000,1611316941.209,$GPGGA,120220.00,6342.682434,N,01058.744140,E,2,12,0.7,12.17,M,40.00,M,11.0,0907*4B
2021:01:22:13:02:22.209000,1611316942.209,$GPGGA,120221.00,6342.682420,N,01058.744023,E,2,12,0.7,12.17,M,40.00,M,12.0,0907*48
2021:01:22:13:02:23.209000,1611316943.209,$GPGGA,120222.00,6342.682412,N,01058.743915,E,2,12,0.7,12.18,M,40.00,M,8.0,0907*75
2021:01:22:13:02:24.209000,1611316944.209,$GPGGA,120223.00,6342.682441,N,01058.743816,E,2,12,0.7,12.18,M,40.00,M,9.0,0907*71
2021:01:22:13:02:25.209000,1611316945.209,$GPGGA,120224.00,6342.682443,N,01058.743689,E,2,12,0.7,12.16,M,40.00,M,10.0,0907*4A
2021:01:22:13:02:26.209000,1611316946.209,$GPGGA,120225.00,6342.682416,N,01058.743647,E,2,12,0.7,12.18,M,40.00,M,11.0,0907*46
2021:01:22:13:02:28.209000,1611316948.209,$GPGGA,120227.00,6342.682439,N,01058.743458,E,2,12,0.7,12.14,M,40.00,M,8.0,0907*71
2021:01:22:13:02:29.209000,1611316949.209,$GPGGA,120228.00,6342.682434,N,01058.743382,E,2,12,0.7,12.16,M,40.00,M,9.0,0907*70
2021:01:22:13:02:30.209000,1611316950.209,$GPGGA,120229.00,6342.682388,N,01058.743295,E,2,12,0.7,12.19,M,40.00,M,10.0,0907*41
2021:01:22:13:02:32.209000,1611316952.209,$GPGGA,120231.00,6342.682404,N,01058.743193,E,2,12,0.7,12.18,M,40.00,M,12.0,0907*4D
2021:01:22:13:02:33.209000,1611316953.209,$GPGGA,120232.00,6342.682366,N,01058.743116,E,2,12,0.7,12.19,M,40.00,M,7.0,0907*75
2021:01:22:13:02:34.210000,1611316954.21,$GPGGA,120233.00,6342.682324,N,01058.743015,E,2,12,0.7,12.20,M,40.00,M,8.0,0907*75
2021:01:22:13:02:35.210000,1611316955.21,$GPGGA,120234.00,6342.682315,N,01058.742975,E,2,12,0.7,12.20,M,40.00,M,9.0,0907*7F
2021:01:22:13:02:36.210000,1611316956.21,$GPGGA,120235.00,6342.682312,N,01058.742995,E,2,12,0.7,12.19,M,40.00,M,10.0,0907*45
2021:01:22:13:02:37.210000,1611316957.21,$GPGGA,120236.00,6342.682289,N,01058.742953,E,2,12,0.7,12.18,M,40.00,M,6.0,0907*79
2021:01:22:13:02:38.210000,1611316958.21,$GPGGA,120237.00,6342.682253,N,01058.742876,E,2,12,0.7,12.21,M,40.00,M,7.0,0907*72
2021:01:22:13:02:40.209000,1611316960.209,$GPGGA,120239.00,6342.682259,N,01058.742781,E,2,12,0.7,12.20,M,40.00,M,9.0,0907*7E
2021:01:22:13:02:41.209000,1611316961.209,$GPGGA,120240.00,6342.682243,N,01058.742717,E,2,12,0.7,12.20,M,40.00,M,10.0,0907*4C
2021:01:22:13:02:42.209000,1611316962.209,$GPGGA,120241.00,6342.682210,N,01058.742677,E,2,12,0.7,12.24,M,40.00,M,11.0,0907*49
2021:01:22:13:02:43.209000,1611316963.209,$GPGGA,120242.00,6342.682221,N,01058.742652,E,2,12,0.7,12.26,M,40.00,M,6.0,0907*7B
2021:01:22:13:02:45.209000,1611316965.209,$GPGGA,120244.00,6342.682187,N,01058.742438,E,2,12,0.7,12.20,M,40.00,M,8.0,0907*74
2021:01:22:13:02:46.209000,1611316966.209,$GPGGA,120245.00,6342.682184,N,01058.742445,E,2,12,0.7,12.25,M,40.00,M,9.0,0907*78
2021:01:22:13:02:47.209000,1611316967.209,$GPGGA,120246.00,6342.682191,N,01058.742393,E,2,12,0.7,12.24,M,40.00,M,5.0,0907*7E
2021:01:22:13:02:48.210000,1611316968.21,$GPGGA,120247.00,6342.682166,N,01058.742305,E,2,12,0.7,12.20,M,40.00,M,6.0,0907*7F
2021:01:22:13:02:49.210000,1611316969.21,$GPGGA,120248.00,6342.682152,N,01058.742250,E,2,12,0.7,12.23,M,40.00,M,7.0,0907*74
2021:01:22:13:02:50.210000,1611316970.21,$GPGGA,120249.00,6342.682161,N,01058.742266,E,2,12,0.7,12.24,M,40.00,M,8.0,0907*78
2021:01:22:13:02:51.210000,1611316971.21,$GPGGA,120250.00,6342.682155,N,01058.742307,E,2,12,0.7,12.23,M,40.00,M,9.0,0907*77
2021:01:22:13:02:53.210000,1611316973.21,$GPGGA,120252.00,6342.682115,N,01058.742108,E,2,12,0.7,12.21,M,40.00,M,11.0,0907*47
2021:01:22:13:02:54.210000,1611316974.21,$GPGGA,120253.00,6342.682121,N,01058.742131,E,2,12,0.7,12.22,M,40.00,M,12.0,0907*4B
2021:01:22:13:02:55.210000,1611316975.21,$GPGGA,120254.00,6342.682112,N,01058.742231,E,2,12,0.7,12.27,M,40.00,M,13.0,0907*4B
2021:01:22:13:02:57.210000,1611316977.21,$GPGGA,120256.00,6342.682096,N,01058.742098,E,2,12,0.7,12.19,M,40.00,M,7.0,0907*7D
2021:01:22:13:02:58.210000,1611316978.21,$GPGGA,120257.00,6342.682095,N,01058.742177,E,2,12,0.7,12.24,M,40.00,M,8.0,0907*7E
2021:01:22:13:02:59.210000,1611316979.21,$GPGGA,120258.00,6342.682106,N,01058.742241,E,2,12,0.7,12.25,M,40.00,M,9.0,0907*7C
2021:01:22:13:03:00.210000,1611316980.21,$GPGGA,120259.00,6342.682111,N,01058.742216,E,2,12,0.7,12.20,M,40.00,M,8.0,0907*7D
2021:01:22:13:03:01.210000,1611316981.21,$GPGGA,120300.00,6342.682104,N,01058.742292,E,2,12,0.7,12.21,M,40.00,M,9.0,0907*78
2021:01:22:13:03:02.210000,1611316982.21,$GPGGA,120301.00,6342.682120,N,01058.742347,E,2,12,0.7,12.22,M,40.00,M,10.0,0907*4D
2021:01:22:13:03:03.211000,1611316983.211,$GPGGA,120302.00,6342.682144,N,01058.742376,E,2,12,0.7,12.21,M,40.00,M,6.0,0907*7A
2021:01:22:13:03:05.211000,1611316985.211,$GPGGA,120304.00,6342.682149,N,01058.742515,E,2,12,0.7,12.24,M,40.00,M,8.0,0907*79
2021:01:22:13:03:06.211000,1611316986.211,$GPGGA,120305.00,6342.682178,N,01058.742574,E,2,12,0.7,12.24,M,40.00,M,9.0,0907*7C
2021:01:22:13:03:07.211000,1611316987.211,$GPGGA,120306.00,6342.682229,N,01058.742644,E,2,12,0.7,12.22,M,40.00,M,10.0,0907*46
2021:01:22:13:03:08.211000,1611316988.211,$GPGGA,120307.00,6342.682199,N,01058.742672,E,2,12,0.7,12.22,M,40.00,M,11.0,0907*4B
2021:01:22:13:03:09.211000,1611316989.211,$GPGGA,120308.00,6342.682193,N,01058.742681,E,2,12,0.7,12.23,M,40.00,M,12.0,0907*40
2021:01:22:13:03:10.210000,1611316990.21,$GPGGA,120309.00,6342.682246,N,01058.742750,E,2,12,0.7,12.25,M,40.00,M,7.0,0907*75
2021:01:22:13:03:11.210000,1611316991.21,$GPGGA,120310.00,6342.682265,N,01058.742861,E,2,12,0.7,12.25,M,40.00,M,8.0,0907*7E
2021:01:22:13:03:13.210000,1611316993.21,$GPGGA,120312.00,6342.682244,N,01058.742871,E,2,12,0.7,12.23,M,40.00,M,10.0,0907*41
2021:01:22:13:03:14.210000,1611316994.21,$GPGGA,120313.00,6342.682267,N,01058.742934,E,2,12,0.7,12.25,M,40.00,M,11.0,0907*46
2021:01:22:13:03:15.210000,1611316995.21,$GPGGA,120314.00,6342.682300,N,01058.743067,E,2,12,0.7,12.26,M,40.00,M,12.0,0907*4F
2021:01:22:13:03:18.211000,1611316998.211,$GPGGA,120317.00,6342.682298,N,01058.743123,E,2,12,0.7,12.22,M,40.00,M,10.0,0907*4B
2021:01:22:13:03:19.211000,1611316999.211,$GPGGA,120318.00,6342.682288,N,01058.743177,E,2,12,0.7,12.23,M,40.00,M,11.0,0907*44
2021:01:22:13:03:20.211000,1611317000.211,$GPGGA,120319.00,6342.682257,N,01058.743212,E,2,12,0.7,12.23,M,40.00,M,7.0,0907*70
2021:01:22:13:03:22.211000,1611317002.211,$GPGGA,120321.00,6342.682286,N,01058.743211,E,2,12,0.7,12.19,M,40.00,M,9.0,0907*73
2021:01:22:13:03:23.211000,1611317003.211,$GPGGA,120322.00,6342.682252,N,01058.743256,E,2,12,0.7,12.22,M,40.00,M,10.0,0907*4A
2021:01:22:13:03:24.211000,1611317004.211,$GPGGA,120323.00,6342.682258,N,01058.743303,E,2,12,0.7,12.23,M,40.00,M,5.0,0907*75
2021:01:22:13:03:25.211000,1611317005.211,$GPGGA,120324.00,6342.682272,N,01058.743285,E,2,12,0.7,12.19,M,40.00,M,6.0,0907*7F
2021:01:22:13:03:26.211000,1611317006.211,$GPGGA,120325.00,6342.682263,N,01058.743345,E,2,12,0.7,12.19,M,40.00,M,7.0,0907*72
2021:01:22:13:03:27.211000,1611317007.211,$GPGGA,120326.00,6342.682254,N,01058.743410,E,2,12,0.7,12.22,M,40.00,M,8.0,0907*75
2021:01:22:13:03:28.211000,1611317008.211,$GPGGA,120327.00,6342.682244,N,01058.743372,E,2,12,0.7,12.20,M,40.00,M,9.0,0907*75
2021:01:22:13:03:30.211000,1611317010.211,$GPGGA,120329.00,6342.682289,N,01058.743529,E,2,12,0.7,12.22,M,40.00,M,5.0,0907*7C
2021:01:22:13:03:31.211000,1611317011.211,$GPGGA,120330.00,6342.682270,N,01058.743520,E,2,12,0.7,12.21,M,40.00,M,6.0,0907*7B
2021:01:22:13:03:32.212000,1611317012.212,$GPGGA,120331.00,6342.682278,N,01058.743503,E,2,12,0.7,12.19,M,40.00,M,7.0,0907*79
2021:01:22:13:03:33.212000,1611317013.212,$GPGGA,120332.00,6342.682310,N,01058.743590,E,2,12,0.7,12.22,M,40.00,M,8.0,0907*78
2021:01:22:13:03:34.212000,1611317014.212,$GPGGA,120333.00,6342.682320,N,01058.743572,E,2,12,0.7,12.21,M,40.00,M,9.0,0907*74
2021:01:22:13:03:35.212000,1611317015.212,$GPGGA,120334.00,6342.682302,N,01058.743527,E,2,12,0.7,12.17,M,40.00,M,10.0,0907*4E
2021:01:22:13:03:36.212000,1611317016.212,$GPGGA,120335.00,6342.682305,N,01058.743565,E,2,12,0.7,12.21,M,40.00,M,11.0,0907*4A
2021:01:22:13:03:38.212000,1611317018.212,$GPGGA,120337.00,6342.682342,N,01058.743574,E,2,12,0.7,12.20,M,40.00,M,8.0,0907*72
2021:01:22:13:03:39.212000,1611317019.212,$GPGGA,120338.00,6342.682315,N,01058.743530,E,2,12,0.7,12.20,M,40.00,M,9.0,0907*7E
2021:01:22:13:03:40.212000,1611317020.212,$GPGGA,120339.00,6342.682323,N,01058.743484,E,2,12,0.7,12.18,M,40.00,M,10.0,0907*47
2021:01:22:13:03:42.211000,1611317022.211,$GPGGA,120341.00,6342.682349,N,01058.743612,E,2,12,0.7,12.24,M,40.00,M,12.0,0907*44
2021:01:22:13:03:43.211000,1611317023.211,$GPGGA,120342.00,6342.682352,N,01058.743547,E,2,12,0.7,12.20,M,40.00,M,7.0,0907*7E
2021:01:22:13:03:44.211000,1611317024.211,$GPGGA,120343.00,6342.682335,N,01058.743415,E,2,12,0.7,12.16,M,40.00,M,8.0,0907*72
2021:01:22:13:03:45.211000,1611317025.211,$GPGGA,120344.00,6342.682353,N,01058.743503,E,2,12,0.7,12.24,M,40.00,M,9.0,0907*73
2021:01:22:13:03:47.212000,1611317027.212,$GPGGA,120346.00,6342.682362,N,01058.743518,E,2,12,0.7,12.18,M,40.00,M,6.0,0907*79
2021:01:22:13:03:48.212000,1611317028.212,$GPGGA,120347.00,6342.682370,N,01058.743454,E,2,12,0.7,12.18,M,40.00,M,7.0,0907*73
2021:01:22:13:03:50.212000,1611317030.212,$GPGGA,120349.00,6342.682398,N,01058.743651,E,2,12,0.7,12.27,M,40.00,M,9.0,0907*7E
2021:01:22:13:03:51.212000,1611317031.212,$GPGGA,120350.00,6342.682388,N,01058.743547,E,2,12,0.7,12.18,M,40.00,M,5.0,0907*73
2021:01:22:13:03:52.212000,1611317032.212,$GPGGA,120351.00,6342.682397,N,01058.743535,E,2,12,0.7,12.19,M,40.00,M,6.0,0907*7B
2021:01:22:13:03:53.212000,1611317033.212,$GPGGA,120352.00,6342.682431,N,01058.743684,E,2,12,0.7,12.24,M,40.00,M,7.0,0907*75
2021:01:22:13:03:55.212000,1611317035.212,$GPGGA,120354.00,6342.682437,N,01058.743655,E,2,12,0.7,12.20,M,40.00,M,9.0,0907*73
2021:01:22:13:03:56.212000,1611317036.212,$GPGGA,120355.00,6342.682458,N,01058.743666,E,2,12,0.7,12.20,M,40.00,M,10.0,0907*43
2021:01:22:13:03:57.212000,1611317037.212,$GPGGA,120356.00,6342.682455,N,01058.743688,E,2,12,0.7,12.23,M,40.00,M,6.0,0907*79
2021:01:22:13:03:58.212000,1611317038.212,$GPGGA,120357.00,6342.682460,N,01058.743706,E,2,12,0.7,12.21,M,40.00,M,7.0,0907*7A
2021:01:22:13:03:59.212000,1611317039.212,$GPGGA,120358.00,6342.682487,N,01058.743732,E,2,12,0.7,12.20,M,40.00,M,8.0,0907*75
2021:01:22:13:04:00.212000,1611317040.212,$GPGGA,120359.00,6342.682498,N,01058.743747,E,2,12,0.7,12.21,M,40.00,M,9.0,0907*78
2021:01:22:13:04:01.213000,1611317041.213,$GPGGA,120400.00,6342.682488,N,01058.743744,E,2,12,0.7,12.22,M,40.00,M,5.0,0907*7E
2021:01:22:13:04:03.213000,1611317043.213,$GPGGA,120402.00,6342.682516,N,01058.743764,E,2,12,0.7,12.20,M,40.00,M,7.0,0907*78
2021:01:22:13:04:04.213000,1611317044.213,$GPGGA,120403.00,6342.682529,N,01058.743759,E,2,12,0.7,12.22,M,40.00,M,8.0,0907*76
2021:01:22:13:04:05.213000,1611317045.213,$GPGGA,120404.00,6342.682528,N,01058.743768,E,2,12,0.7,12.23,M,40.00,M,9.0,0907*72
2021:01:22:13:04:07.213000,1611317047.213,$GPGGA,120406.00,6342.682548,N,01058.743749,E,2,12,0.7,12.21,M,40.00,M,11.0,0907*4E
2021:01:22:13:04:08.213000,1611317048.213,$GPGGA,120407.00,6342.682559,N,01058.743727,E,2,12,0.7,12.20,M,40.00,M,12.0,0907*45
2021:01:22:13:04:09.213000,1611317049.213,$GPGGA,120408.00,6342.682552,N,01058.743703,E,2,12,0.7,12.20,M,40.00,M,13.0,0907*46
2021:01:22:13:04:10.213000,1611317050.213,$GPGGA,120409.00,6342.682577,N,01058.743709,E,2,12,0.7,12.22,M,40.00,M,14.0,0907*4F
2021:01:22:13:04:11.213000,1611317051.213,$GPGGA,120410.00,6342.682585,N,01058.743728,E,2,12,0.7,12.23,M,40.00,M,9.0,0907*74
2021:01:22:13:04:12.212000,1611317052.212,$GPGGA,120411.00,6342.682580,N,01058.743671,E,2,12,0.7,12.22,M,40.00,M,10.0,0907*44
2021:01:22:13:04:13.213000,1611317053.213,$GPGGA,120412.00,6342.682596,N,01058.743655,E,2,12,0.7,12.20,M,40.00,M,11.0,0907*45
2021:01:22:13:04:15.213000,1611317055.213,$GPGGA,120414.00,6342.682602,N,01058.743663,E,2,12,0.7,12.21,M,40.00,M,8.0,0907*71
2021:01:22:13:04:16.213000,1611317056.213,$GPGGA,120415.00,6342.682622,N,01058.743650,E,2,12,0.7,12.22,M,40.00,M,9.0,0907*70
2021:01:22:13:04:17.213000,1611317057.213,$GPGGA,120416.00,6342.682626,N,01058.743598,E,2,12,0.7,12.20,M,40.00,M,5.0,0907*7E
2021:01:22:13:04:18.213000,1611317058.213,$GPGGA,120417.00,6342.682627,N,01058.743631,E,2,12,0.7,12.22,M,40.00,M,6.0,0907*7F
2021:01:22:13:04:20.214000,1611317060.214,$GPGGA,120419.00,6342.682660,N,01058.743606,E,2,12,0.7,12.22,M,40.00,M,8.0,0907*78
2021:01:22:13:04:21.213000,1611317061.213,$GPGGA,120420.00,6342.682643,N,01058.743578,E,2,12,0.7,12.21,M,40.00,M,9.0,0907*7B
2021:01:22:13:04:22.213000,1611317062.213,$GPGGA,120421.00,6342.682671,N,01058.743623,E,2,12,0.7,12.22,M,40.00,M,10.0,0907*4D
2021:01:22:13:04:23.213000,1611317063.213,$GPGGA,120422.00,6342.682701,N,01058.743653,E,2,12,0.7,12.25,M,40.00,M,11.0,0907*49
2021:01:22:13:04:24.213000,1611317064.213,$GPGGA,120423.00,6342.682699,N,01058.743602,E,2,12,0.7,12.20,M,40.00,M,7.0,0907*7E
2021:01:22:13:04:25.213000,1611317065.213,$GPGGA,120424.00,6342.682672,N,01058.743551,E,2,12,0.7,12.18,M,40.00,M,8.0,0907*7D
2021:01:22:13:04:26.213000,1611317066.213,$GPGGA,120425.00,6342.682682,N,01058.743549,E,2,12,0.7,12.21,M,40.00,M,9.0,0907*71
2021:01:22:13:04:28.213000,1611317068.213,$GPGGA,120427.00,6342.682713,N,01058.743553,E,2,12,0.7,12.17,M,40.00,M,5.0,0907*78
2021:01:22:13:04:29.214000,1611317069.214,$GPGGA,120428.00,6342.682688,N,01058.743539,E,2,12,0.7,12.18,M,40.00,M,6.0,0907*74
2021:01:22:13:04:30.214000,1611317070.214,$GPGGA,120429.00,6342.682687,N,01058.743497,E,2,12,0.7,12.19,M,40.00,M,7.0,0907*7F
2021:01:22:13:04:32.214000,1611317072.214,$GPGGA,120431.00,6342.682690,N,01058.743480,E,2,12,0.7,12.16,M,40.00,M,9.0,0907*77
2021:01:22:13:04:33.214000,1611317073.214,$GPGGA,120432.00,6342.682700,N,01058.743586,E,2,12,0.7,12.18,M,40.00,M,10.0,0907*4D
2021:01:22:13:04:34.214000,1611317074.214,$GPGGA,120433.00,6342.682669,N,01058.743567,E,2,12,0.7,12.18,M,40.00,M,6.0,0907*7A
2021:01:22:13:04:35.214000,1611317075.214,$GPGGA,120434.00,6342.682650,N,01058.743462,E,2,12,0.7,12.15,M,40.00,M,7.0,0907*7F
2021:01:22:13:04:36.214000,1611317076.214,$GPGGA,120435.00,6342.682664,N,01058.743455,E,2,12,0.7,12.15,M,40.00,M,8.0,0907*72
2021:01:22:13:04:37.214000,1611317077.214,$GPGGA,120436.00,6342.682635,N,01058.743513,E,2,12,0.7,12.17,M,40.00,M,9.0,0907*75
2021:01:22:13:04:38.214000,1611317078.214,$GPGGA,120437.00,6342.682607,N,01058.743482,E,2,12,0.7,12.16,M,40.00,M,10.0,0907*45
2021:01:22:13:04:40.214000,1611317080.214,$GPGGA,120439.00,6342.682583,N,01058.743455,E,2,12,0.7,12.18,M,40.00,M,7.0,0907*76
2021:01:22:13:04:41.214000,1611317081.214,$GPGGA,120440.00,6342.682567,N,01058.743393,E,2,12,0.7,12.17,M,40.00,M,8.0,0907*7F
2021:01:22:13:04:42.214000,1611317082.214,$GPGGA,120441.00,6342.682551,N,01058.743372,E,2,12,0.7,12.17,M,40.00,M,9.0,0907*75
2021:01:22:13:04:43.215000,1611317083.215,$GPGGA,120442.00,6342.682508,N,01058.743378,E,2,12,0.7,12.18,M,40.00,M,10.0,0907*47
2021:01:22:13:04:44.214000,1611317084.214,$GPGGA,120443.00,6342.682495,N,01058.743312,E,2,12,0.7,12.17,M,40.00,M,11.0,0907*41
2021:01:22:13:04:45.214000,1611317085.214,$GPGGA,120444.00,6342.682507,N,01058.743294,E,2,12,0.7,12.15,M,40.00,M,12.0,0907*42
2021:01:22:13:04:46.214000,1611317086.214,$GPGGA,120445.00,6342.682465,N,01058.743274,E,2,12,0.7,12.18,M,40.00,M,13.0,0907*44
2021:01:22:13:04:48.214000,1611317088.214,$GPGGA,120447.00,6342.682447,N,01058.743170,E,2,12,0.7,12.13,M,40.00,M,5.0,0907*7D
2021:01:22:13:04:49.214000,1611317089.214,$GPGGA,120448.00,6342.682452,N,01058.743211,E,2,12,0.7,12.15,M,40.00,M,6.0,0907*77
2021:01:22:13:04:50.214000,1611317090.214,$GPGGA,120449.00,6342.682418,N,01058.743219,E,2,12,0.7,12.19,M,40.00,M,7.0,0907*7D
2021:01:22:13:04:51.214000,1611317091.214,$GPGGA,120450.00,6342.682403,N,01058.743148,E,2,12,0.7,12.18,M,40.00,M,8.0,0907*76
2021:01:22:13:04:53.214000,1611317093.214,$GPGGA,120452.00,6342.682420,N,01058.743088,E,2,12,0.7,12.16,M,40.00,M,10.0,0907*4F
2021:01:22:13:04:54.214000,1611317094.214,$GPGGA,120453.00,6342.682375,N,01058.743042,E,2,12,0.7,12.16,M,40.00,M,11.0,0907*4E
2021:01:22:13:04:55.214000,1611317095.214,$GPGGA,120454.00,6342.682383,N,01058.743016,E,2,12,0.7,12.16,M,40.00,M,12.0,0907*42
2021:01:22:13:04:57.215000,1611317097.215,$GPGGA,120456.00,6342.682387,N,01058.742972,E,2,12,0.7,12.14,M,40.00,M,14.0,0907*4A
2021:01:22:13:04:58.215000,1611317098.215,$GPGGA,120457.00,6342.682362,N,01058.742880,E,2,12,0.7,12.16,M,40.00,M,8.0,0907*73
2021:01:22:13:04:59.215000,1611317099.215,$GPGGA,120458.00,6342.682405,N,01058.742931,E,2,12,0.7,12.19,M,40.00,M,9.0,0907*7F
2021:01:22:13:05:00.215000,1611317100.215,$GPGGA,120459.00,6342.682418,N,01058.742930,E,2,12,0.7,12.18,M,40.00,M,10.0,0907*4A
2021:01:22:13:05:01.215000,1611317101.215,$GPGGA,120500.00,6342.682375,N,01058.742842,E,2,12,0.7,12.17,M,40.00,M,6.0,0907*77
2021:01:22:13:05:02.215000,1611317102.215,$GPGGA,120501.00,6342.682369,N,01058.742782,E,2,12,0.7,12.18,M,40.00,M,7.0,0907*76
2021:01:22:13:05:03.215000,1611317103.215,$GPGGA,120502.00,6342.682393,N,01058.742817,E,2,12,0.7,12.20,M,40.00,M,8.0,0907*77
2021:01:22:13:05:05.215000,1611317105.215,$GPGGA,120504.00,6342.682348,N,01058.742695,E,2,12,0.7,12.13,M,40.00,M,10.0,0907*4A
2021:01:22:13:05:06.215000,1611317106.215,$GPGGA,120505.00,6342.682347,N,01058.742715,E,2,12,0.7,12.18,M,40.00,M,11.0,0907*47
2021:01:22:13:05:07.215000,1611317107.215,$GPGGA,120506.00,6342.682340,N,01058.742707,E,2,12,0.7,12.22,M,40.00,M,6.0,0907*7F
2021:01:22:13:05:08.215000,1611317108.215,$GPGGA,120507.00,6342.682311,N,01058.742614,E,2,12,0.7,12.17,M,40.00,M,7.0,0907*7E
2021:01:22:13:05:09.215000,1611317109.215,$GPGGA,120508.00,6342.682296,N,01058.742609,E,2,12,0.7,12.15,M,40.00,M,8.0,0907*7E
2021:01:22:13:05:10.215000,1611317110.215,$GPGGA,120509.00,6342.682296,N,01058.742606,E,2,12,0.7,12.17,M,40.00,M,9.0,0907*73
2021:01:22:13:05:11.216000,1611317111.216,$GPGGA,120510.00,6342.682287,N,01058.742584,E,2,12,0.7,12.18,M,40.00,M,5.0,0907*71
2021:01:22:13:05:13.216000,1611317113.216,$GPGGA,120512.00,6342.682271,N,01058.742641,E,2,12,0.7,12.21,M,40.00,M,7.0,0907*78
2021:01:22:13:05:14.216000,1611317114.216,$GPGGA,120513.00,6342.682264,N,01058.742520,E,2,12,0.7,12.14,M,40.00,M,8.0,0907*70
2021:01:22:13:05:15.215000,1611317115.215,$GPGGA,120514.00,6342.682239,N,01058.742482,E,2,12,0.7,12.13,M,40.00,M,9.0,0907*70
2021:01:22:13:05:17.216000,1611317117.216,$GPGGA,120516.00,6342.682265,N,01058.742671,E,2,12,0.7,12.21,M,40.00,M,11.0,0907*4D
2021:01:22:13:05:18.215000,1611317118.215,$GPGGA,120517.00,6342.682266,N,01058.742559,E,2,12,0.7,12.11,M,40.00,M,12.0,0907*46
2021:01:22:13:05:19.215000,1611317119.215,$GPGGA,120518.00,6342.682241,N,01058.742512,E,2,12,0.7,12.12,M,40.00,M,13.0,0907*41
2021:01:22:13:05:20.215000,1611317120.215,$GPGGA,120519.00,6342.682250,N,01058.742626,E,2,12,0.7,12.22,M,40.00,M,14.0,0907*40
2021:01:22:13:05:22.215000,1611317122.215,$GPGGA,120521.00,6342.682273,N,01058.742597,E,2,12,0.7,12.13,M,40.00,M,10.0,0907*45
2021:01:22:13:05:23.215000,1611317123.215,$GPGGA,120522.00,6342.682261,N,01058.742626,E,2,12,0.7,12.15,M,40.00,M,11.0,0907*4B
2021:01:22:13:05:24.215000,1611317124.215,$GPGGA,120523.00,6342.682270,N,01058.742708,E,2,12,0.7,12.21,M,40.00,M,12.0,0907*43
2021:01:22:13:05:25.215000,1611317125.215,$GPGGA,120524.00,6342.682279,N,01058.742654,E,2,12,0.7,12.16,M,40.00,M,13.0,0907*40
2021:01:22:13:05:26.216000,1611317126.216,$GPGGA,120525.00,6342.682255,N,01058.742589,E,2,12,0.7,12.13,M,40.00,M,14.0,0907*4E
2021:01:22:13:05:27.216000,1611317127.216,$GPGGA,120526.00,6342.682245,N,01058.742650,E,2,12,0.7,12.19,M,40.00,M,5.0,0907*71
2021:01:22:13:05:28.216000,1611317128.216,$GPGGA,120527.00,6342.682265,N,01058.742753,E,2,12,0.7,12.21,M,40.00,M,6.0,0907*78
2021:01:22:13:05:30.216000,1611317130.216,$GPGGA,120529.00,6342.682242,N,01058.742617,E,2,12,0.7,12.14,M,40.00,M,8.0,0907*7A
2021:01:22:13:05:31.216000,1611317131.216,$GPGGA,120530.00,6342.682224,N,01058.742601,E,2,12,0.7,12.18,M,40.00,M,9.0,0907*78
2021:01:22:13:05:32.216000,1611317132.216,$GPGGA,120531.00,6342.682243,N,01058.742625,E,2,12,0.7,12.18,M,40.00,M,10.0,0907*46
2021:01:22:13:05:33.216000,1611317133.216,$GPGGA,120532.00,6342.682250,N,01058.742640,E,2,12,0.7,12.17,M,40.00,M,11.0,0907*4A
2021:01:22:13:05:34.216000,1611317134.216,$GPGGA,120533.00,6342.682236,N,01058.742617,E,2,12,0.7,12.15,M,40.00,M,12.0,0907*48
2021:01:22:13:05:35.216000,1611317135.216,$GPGGA,120534.00,6342.682238,N,01058.742561,E,2,12,0.7,12.16,M,40.00,M,7.0,0907*74
2021:01:22:13:05:36.216000,1611317136.216,$GPGGA,120535.00,6342.682226,N,01058.742529,E,2,12,0.7,12.19,M,40.00,M,8.0,0907*76
2021:01:22:13:05:38.216000,1611317138.216,$GPGGA,120537.00,6342.682247,N,01058.742610,E,2,12,0.7,12.16,M,40.00,M,10.0,0907*4C
2021:01:22:13:05:39.216000,1611317139.216,$GPGGA,120538.00,6342.682224,N,01058.742592,E,2,12,0.7,12.16,M,40.00,M,11.0,0907*4E
2021:01:22:13:05:40.216000,1611317140.216,$GPGGA,120539.00,6342.682213,N,01058.742571,E,2,12,0.7,12.19,M,40.00,M,12.0,0907*4A
2021:01:22:13:05:42.217000,1611317142.217,$GPGGA,120541.00,6342.682212,N,01058.742567,E,2,12,0.7,12.17,M,40.00,M,9.0,0907*77
2021:01:22:13:05:43.217000,1611317143.217,$GPGGA,120542.00,6342.682191,N,01058.742583,E,2,12,0.7,12.18,M,40.00,M,10.0,0907*41
2021:01:22:13:05:44.216000,1611317144.216,$GPGGA,120543.00,6342.682216,N,01058.742638,E,2,12,0.7,12.17,M,40.00,M,11.0,0907*41
2021:01:22:13:05:45.216000,1611317145.216,$GPGGA,120544.00,6342.682209,N,01058.742608,E,2,12,0.7,12.17,M,40.00,M,7.0,0907*7C
2021:01:22:13:05:46.216000,1611317146.216,$GPGGA,120545.00,6342.682169,N,01058.742544,E,2,12,0.7,12.18,M,40.00,M,8.0,0907*73
2021:01:22:13:05:47.216000,1611317147.216,$GPGGA,120546.00,6342.682177,N,01058.742552,E,2,12,0.7,12.19,M,40.00,M,9.0,0907*78
2021:01:22:13:05:48.216000,1611317148.216,$GPGGA,120547.00,6342.682187,N,01058.742536,E,2,12,0.7,12.17,M,40.00,M,10.0,0907*42
2021:01:22:13:05:50.216000,1611317150.216,$GPGGA,120549.00,6342.682127,N,01058.742496,E,2,12,0.7,12.18,M,40.00,M,12.0,0907*40
2021:01:22:13:05:51.216000,1611317151.216,$GPGGA,120550.00,6342.682131,N,01058.742460,E,2,12,0.7,12.19,M,40.00,M,13.0,0907*46
2021:01:22:13:05:52.216000,1611317152.216,$GPGGA,120551.00,6342.682119,N,01058.742398,E,2,12,0.7,12.18,M,40.00,M,8.0,0907*76
2021:01:22:13:05:53.216000,1611317153.216,$GPGGA,120552.00,6342.682076,N,01058.742357,E,2,12,0.7,12.18,M,40.00,M,9.0,0907*7F
2021:01:22:13:05:55.216000,1611317155.216,$GPGGA,120554.00,6342.682058,N,01058.742348,E,2,12,0.7,12.19,M,40.00,M,6.0,0907*75
2021:01:22:13:05:56.217000,1611317156.217,$GPGGA,120555.00,6342.682037,N,01058.742347,E,2,12,0.7,12.20,M,40.00,M,7.0,0907*79
2021:01:22:13:05:57.217000,1611317157.217,$GPGGA,120556.00,6342.682017,N,01058.742313,E,2,12,0.7,12.18,M,40.00,M,8.0,0907*7D
2021:01:22:13:05:58.217000,1611317158.217,$GPGGA,120557.00,6342.682012,N,01058.742293,E,2,12,0.7,12.17,M,40.00,M,9.0,0907*7E
2021:01:22:13:05:59.217000,1611317159.217,$GPGGA,120558.00,6342.682005,N,01058.742318,E,2,12,0.7,12.18,M,40.00,M,10.0,0907*42
2021:01:22:13:06:00.217000,1611317160.217,$GPGGA,120559.00,6342.681998,N,01058.742395,E,2,12,0.7,12.21,M,40.00,M,11.0,0907*43
2021:01:22:13:06:01.217000,1611317161.217,$GPGGA,120600.00,6342.681997,N,01058.742412,E,2,12,0.7,12.21,M,40.00,M,12.0,0907*48
2021:01:22:13:06:03.217000,1611317163.217,$GPGGA,120602.00,6342.682006,N,01058.742338,E,2,12,0.7,12.17,M,40.00,M,9.0,0907*78
2021:01:22:13:06:04.217000,1611317164.217,$GPGGA,120603.00,6342.681985,N,01058.742374,E,2,12,0.7,12.22,M,40.00,M,4.0,0907*7B
2021:01:22:13:06:05.217000,1611317165.217,$GPGGA,120604.00,6342.681984,N,01058.742387,E,2,12,0.7,12.22,M,40.00,M,5.0,0907*70
2021:01:22:13:06:07.217000,1611317167.217,$GPGGA,120606.00,6342.682007,N,01058.742300,E,2,12,0.7,12.16,M,40.00,M,7.0,0907*79
2021:01:22:13:06:08.217000,1611317168.217,$GPGGA,120607.00,6342.681962,N,01058.742302,E,2,12,0.7,12.21,M,40.00,M,8.0,0907*78
2021:01:22:13:06:09.217000,1611317169.217,$GPGGA,120608.00,6342.681969,N,01058.742338,E,2,12,0.7,12.22,M,40.00,M,9.0,0907*77
2021:01:22:13:06:10.217000,1611317170.217,$GPGGA,120609.00,6342.682015,N,01058.742334,E,2,12,0.7,12.17,M,40.00,M,10.0,0907*45
2021:01:22:13:06:11.218000,1611317171.218,$GPGGA,120610.00,6342.681976,N,01058.742296,E,2,12,0.7,12.15,M,40.00,M,11.0,0907*48
2021:01:22:13:06:12.218000,1611317172.218,$GPGGA,120611.00,6342.681933,N,01058.742313,E,2,12,0.7,12.22,M,40.00,M,7.0,0907*77
2021:01:22:13:06:13.218000,1611317173.218,$GPGGA,120612.00,6342.681979,N,01058.742407,E,2,12,0.7,12.22,M,40.00,M,8.0,0907*77
2021:01:22:13:06:15.218000,1611317175.218,$GPGGA,120614.00,6342.681952,N,01058.742384,E,2,12,0.7,12.17,M,40.00,M,5.0,0907*7F
2021:01:22:13:06:16.217000,1611317176.217,$GPGGA,120615.00,6342.681950,N,01058.742478,E,2,12,0.7,12.23,M,40.00,M,6.0,0907*7C
2021:01:22:13:06:17.217000,1611317177.217,$GPGGA,120616.00,6342.681984,N,01058.742557,E,2,12,0.7,12.23,M,40.00,M,7.0,0907*7B
2021:01:22:13:06:18.217000,1611317178.217,$GPGGA,120617.00,6342.681997,N,01058.742598,E,2,12,0.7,12.19,M,40.00,M,8.0,0907*7D
2021:01:22:13:06:19.217000,1611317179.217,$GPGGA,120618.00,6342.681980,N,01058.742589,E,2,12,0.7,12.18,M,40.00,M,9.0,0907*74
2021:01:22:13:06:20.217000,1611317180.217,$GPGGA,120619.00,6342.681973,N,01058.742626,E,2,12,0.7,12.22,M,40.00,M,10.0,0907*4E
2021:01:22:13:06:21.217000,1611317181.217,$GPGGA,120620.00,6342.682012,N,01058.742707,E,2,12,0.7,12.22,M,40.00,M,11.0,0907*4A
2021:01:22:13:06:23.217000,1611317183.217,$GPGGA,120622.00,6342.681998,N,01058.742710,E,2,12,0.7,12.18,M,40.00,M,13.0,0907*4D
2021:01:22:13:06:24.217000,1611317184.217,$GPGGA,120623.00,6342.682011,N,01058.742719,E,2,12,0.7,12.19,M,40.00,M,14.0,0907*48
2021:01:22:13:06:25.217000,1611317185.217,$GPGGA,120624.00,6342.682065,N,01058.742819,E,2,12,0.7,12.21,M,40.00,M,10.0,0907*4C
2021:01:22:13:06:26.218000,1611317186.218,$GPGGA,120625.00,6342.682053,N,01058.742797,E,2,12,0.7,12.18,M,40.00,M,11.0,0907*4A
2021:01:22:13:06:28.218000,1611317188.218,$GPGGA,120627.00,6342.682089,N,01058.742882,E,2,12,0.7,12.20,M,40.00,M,7.0,0907*78
2021:01:22:13:06:29.218000,1611317189.218,$GPGGA,120628.00,6342.682113,N,01058.742909,E,2,12,0.7,12.20,M,40.00,M,8.0,0907*78
2021:01:22:13:06:30.218000,1611317190.218,$GPGGA,120629.00,6342.682118,N,01058.742892,E,2,12,0.7,12.15,M,40.00,M,9.0,0907*76
2021:01:22:13:06:32.218000,1611317192.218,$GPGGA,120631.00,6342.682171,N,01058.743009,E,2,12,0.7,12.21,M,40.00,M,6.0,0907*73
2021:01:22:13:06:33.218000,1611317193.218,$GPGGA,120632.00,6342.682198,N,01058.743076,E,2,12,0.7,12.21,M,40.00,M,7.0,0907*7E
2021:01:22:13:06:34.218000,1611317194.218,$GPGGA,120633.00,6342.682217,N,01058.743105,E,2,12,0.7,12.19,M,40.00,M,8.0,0907*7A
2021:01:22:13:06:35.218000,1611317195.218,$GPGGA,120634.00,6342.682241,N,01058.743090,E,2,12,0.7,12.20,M,40.00,M,9.0,0907*78
2021:01:22:13:06:36.218000,1611317196.218,$GPGGA,120635.00,6342.682270,N,01058.743126,E,2,12,0.7,12.20,M,40.00,M,10.0,0907*4F
2021:01:22:13:06:37.218000,1611317197.218,$GPGGA,120636.00,6342.682279,N,01058.743189,E,2,12,0.7,12.20,M,40.00,M,11.0,0907*41
2021:01:22:13:06:38.218000,1611317198.218,$GPGGA,120637.00,6342.682292,N,01058.743183,E,2,12,0.7,12.19,M,40.00,M,12.0,0907*46
2021:01:22:13:06:40.218000,1611317200.218,$GPGGA,120639.00,6342.682355,N,01058.743254,E,2,12,0.7,12.17,M,40.00,M,9.0,0907*7F
2021:01:22:13:06:41.219000,1611317201.219,$GPGGA,120640.00,6342.682338,N,01058.743191,E,2,12,0.7,12.17,M,40.00,M,4.0,0907*7D
2021:01:22:13:06:42.219000,1611317202.219,$GPGGA,120641.00,6342.682367,N,01058.743246,E,2,12,0.7,12.19,M,40.00,M,5.0,0907*70
2021:01:22:13:06:43.219000,1611317203.219,$GPGGA,120642.00,6342.682427,N,01058.743306,E,2,12,0.7,12.19,M,40.00,M,6.0,0907*76
2021:01:22:13:06:44.219000,1611317204.219,$GPGGA,120643.00,6342.682423,N,01058.743275,E,2,12,0.7,12.16,M,40.00,M,7.0,0907*78
2021:01:22:13:06:45.219000,1611317205.219,$GPGGA,120644.00,6342.682420,N,01058.743299,E,2,12,0.7,12.17,M,40.00,M,8.0,0907*70
2021:01:22:13:06:46.219000,1611317206.219,$GPGGA,120645.00,6342.682466,N,01058.743323,E,2,12,0.7,12.18,M,40.00,M,9.0,0907*7D
2021:01:22:13:06:48.218000,1611317208.218,$GPGGA,120647.00,6342.682497,N,01058.743323,E,2,12,0.7,12.15,M,40.00,M,11.0,0907*45
2021:01:22:13:06:49.218000,1611317209.218,$GPGGA,120648.00,6342.682528,N,01058.743404,E,2,12,0.7,12.18,M,40.00,M,7.0,0907*77
2021:01:22:13:06:50.218000,1611317210.218,$GPGGA,120649.00,6342.682549,N,01058.743423,E,2,12,0.7,12.19,M,40.00,M,8.0,0907*7A
2021:01:22:13:06:53.218000,1611317213.218,$GPGGA,120652.00,6342.682617,N,01058.743479,E,2,12,0.7,12.16,M,40.00,M,11.0,0907*40
2021:01:22:13:06:54.218000,1611317214.218,$GPGGA,120653.00,6342.682630,N,01058.743500,E,2,12,0.7,12.18,M,40.00,M,12.0,0907*46
2021:01:22:13:06:55.218000,1611317215.218,$GPGGA,120654.00,6342.682658,N,01058.743525,E,2,12,0.7,12.16,M,40.00,M,13.0,0907*47
2021:01:22:13:06:57.219000,1611317217.219,$GPGGA,120656.00,6342.682727,N,01058.743652,E,2,12,0.7,12.16,M,40.00,M,15.0,0907*49
2021:01:22:13:06:58.219000,1611317218.219,$GPGGA,120657.00,6342.682737,N,01058.743641,E,2,12,0.7,12.14,M,40.00,M,8.0,0907*75
2021:01:22:13:06:59.219000,1611317219.219,$GPGGA,120658.00,6342.682751,N,01058.743674,E,2,12,0.7,12.15,M,40.00,M,7.0,0907*72
2021:01:22:13:07:00.219000,1611317220.219,$GPGGA,120659.00,6342.682808,N,01058.743822,E,2,12,0.7,12.20,M,40.00,M,8.0,0907*74
2021:01:22:13:07:01.219000,1611317221.219,$GPGGA,120700.00,6342.682838,N,01058.743862,E,2,12,0.7,12.18,M,40.00,M,9.0,0907*74
2021:01:22:13:07:02.219000,1611317222.219,$GPGGA,120701.00,6342.682838,N,01058.743778,E,2,12,0.7,12.14,M,40.00,M,10.0,0907*45
2021:01:22:13:07:03.219000,1611317223.219,$GPGGA,120702.00,6342.682864,N,01058.743826,E,2,12,0.7,12.17,M,40.00,M,11.0,0907*49
2021:01:22:13:07:05.219000,1611317225.219,$GPGGA,120704.00,6342.682919,N,01058.743996,E,2,12,0.7,12.19,M,40.00,M,6.0,0907*76
2021:01:22:13:07:06.219000,1611317226.219,$GPGGA,120705.00,6342.682947,N,01058.743982,E,2,12,0.7,12.14,M,40.00,M,7.0,0907*75
2021:01:22:13:07:07.219000,1611317227.219,$GPGGA,120706.00,6342.682957,N,01058.744010,E,2,12,0.7,12.16,M,40.00,M,8.0,0907*7F
2021:01:22:13:07:08.219000,1611317228.219,$GPGGA,120707.00,6342.682961,N,01058.744132,E,2,12,0.7,12.22,M,40.00,M,4.0,0907*71
2021:01:22:13:07:09.219000,1611317229.219,$GPGGA,120708.00,6342.682999,N,01058.744188,E,2,12,0.7,12.20,M,40.00,M,5.0,0907*7B
2021:01:22:13:07:10.219000,1611317230.219,$GPGGA,120709.00,6342.683013,N,01058.744177,E,2,12,0.7,12.14,M,40.00,M,6.0,0907*74
2021:01:22:13:07:11.220000,1611317231.22,$GPGGA,120710.00,6342.682994,N,01058.744214,E,2,12,0.7,12.16,M,40.00,M,7.0,0907*7E
2021:01:22:13:07:12.220000,1611317232.22,$GPGGA,120711.00,6342.683015,N,01058.744297,E,2,12,0.7,12.19,M,40.00,M,8.0,0907*75
2021:01:22:13:07:13.220000,1611317233.22,$GPGGA,120712.00,6342.683052,N,01058.744353,E,2,12,0.7,12.17,M,40.00,M,9.0,0907*73
2021:01:22:13:07:14.220000,1611317234.22,$GPGGA,120713.00,6342.683049,N,01058.744367,E,2,12,0.7,12.15,M,40.00,M,10.0,0907*45
2021:01:22:13:07:15.220000,1611317235.22,$GPGGA,120714.00,6342.683021,N,01058.744358,E,2,12,0.7,12.17,M,40.00,M,11.0,0907*43
2021:01:22:13:07:17.220000,1611317237.22,$GPGGA,120716.00,6342.683079,N,01058.744464,E,2,12,0.7,12.20,M,40.00,M,8.0,0907*78
2021:01:22:13:07:18.220000,1611317238.22,$GPGGA,120717.00,6342.683041,N,01058.744417,E,2,12,0.7,12.17,M,40.00,M,9.0,0907*73
2021:01:22:13:07:19.220000,1611317239.22,$GPGGA,120718.00,6342.683023,N,01058.744404,E,2,12,0.7,12.17,M,40.00,M,10.0,0907*42
2021:01:22:13:07:20.219000,1611317240.219,$GPGGA,120719.00,6342.683063,N,01058.744475,E,2,12,0.7,12.20,M,40.00,M,11.0,0907*44
2021:01:22:13:07:21.219000,1611317241.219,$GPGGA,120720.00,6342.683057,N,01058.744470,E,2,12,0.7,12.20,M,40.00,M,12.0,0907*4F
2021:01:22:13:07:22.219000,1611317242.219,$GPGGA,120721.00,6342.683020,N,01058.744437,E,2,12,0.7,12.18,M,40.00,M,8.0,0907*7D
2021:01:22:13:07:23.219000,1611317243.219,$GPGGA,120722.00,6342.683033,N,01058.744459,E,2,12,0.7,12.19,M,40.00,M,9.0,0907*74
2021:01:22:13:07:25.219000,1611317245.219,$GPGGA,120724.00,6342.683027,N,01058.744426,E,2,12,0.7,12.19,M,40.00,M,11.0,0907*46
2021:01:22:13:07:26.220000,1611317246.22,$GPGGA,120725.00,6342.683010,N,01058.744414,E,2,12,0.7,12.19,M,40.00,M,6.0,0907*74
2021:01:22:13:07:27.220000,1611317247.22,$GPGGA,120726.00,6342.683020,N,01058.744388,E,2,12,0.7,12.17,M,40.00,M,7.0,0907*79
2021:01:22:13:07:28.220000,1611317248.22,$GPGGA,120727.00,6342.683033,N,01058.744362,E,2,12,0.7,12.17,M,40.00,M,8.0,0907*71
2021:01:22:13:07:30.220000,1611317250.22,$GPGGA,120729.00,6342.683029,N,01058.744371,E,2,12,0.7,12.22,M,40.00,M,10.0,0907*49
2021:01:22:13:07:31.220000,1611317251.22,$GPGGA,120730.00,6342.683048,N,01058.744354,E,2,12,0.7,12.19,M,40.00,M,11.0,0907*48
2021:01:22:13:07:32.220000,1611317252.22,$GPGGA,120731.00,6342.683061,N,01058.744310,E,2,12,0.7,12.19,M,40.00,M,7.0,0907*75
2021:01:22:13:07:34.220000,1611317254.22,$GPGGA,120733.00,6342.683060,N,01058.744192,E,2,12,0.7,12.18,M,40.00,M,9.0,0907*71
2021:01:22:13:07:35.220000,1611317255.22,$GPGGA,120734.00,6342.683091,N,01058.744227,E,2,12,0.7,12.20,M,40.00,M,5.0,0907*72
2021:01:22:13:07:36.220000,1611317256.22,$GPGGA,120735.00,6342.683121,N,01058.744273,E,2,12,0.7,12.23,M,40.00,M,6.0,0907*78
2021:01:22:13:07:38.220000,1611317258.22,$GPGGA,120737.00,6342.683125,N,01058.744085,E,2,12,0.7,12.18,M,40.00,M,8.0,0907*73
2021:01:22:13:07:39.220000,1611317259.22,$GPGGA,120738.00,6342.683163,N,01058.744201,E,2,12,0.7,12.25,M,40.00,M,9.0,0907*7F
2021:01:22:13:07:40.220000,1611317260.22,$GPGGA,120739.00,6342.683168,N,01058.744176,E,2,12,0.7,12.21,M,40.00,M,10.0,0907*4A
2021:01:22:13:07:42.221000,1611317262.221,$GPGGA,120741.00,6342.683167,N,01058.744143,E,2,12,0.7,12.20,M,40.00,M,7.0,0907*7B
2021:01:22:13:07:43.221000,1611317263.221,$GPGGA,120742.00,6342.683185,N,01058.744212,E,2,12,0.7,12.23,M,40.00,M,8.0,0907*7F
2021:01:22:13:07:44.221000,1611317264.221,$GPGGA,120743.00,6342.683179,N,01058.744217,E,2,12,0.7,12.22,M,40.00,M,9.0,0907*78
2021:01:22:13:07:45.221000,1611317265.221,$GPGGA,120744.00,6342.683163,N,01058.744196,E,2,12,0.7,12.20,M,40.00,M,10.0,0907*44
2021:01:22:13:07:46.221000,1611317266.221,$GPGGA,120745.00,6342.683166,N,01058.744224,E,2,12,0.7,12.20,M,40.00,M,6.0,0907*7D
2021:01:22:13:07:47.221000,1611317267.221,$GPGGA,120746.00,6342.683166,N,01058.744267,E,2,12,0.7,12.22,M,40.00,M,7.0,0907*7A
2021:01:22:13:07:48.221000,1611317268.221,$GPGGA,120747.00,6342.683159,N,01058.744277,E,2,12,0.7,12.20,M,40.00,M,8.0,0907*7B
2021:01:22:13:07:50.220000,1611317270.22,$GPGGA,120749.00,6342.683119,N,01058.744199,E,2,12,0.7,12.20,M,40.00,M,10.0,0907*4B
2021:01:22:13:07:51.220000,1611317271.22,$GPGGA,120750.00,6342.683136,N,01058.744273,E,2,12,0.7,12.23,M,40.00,M,11.0,0907*4B
2021:01:22:13:07:52.220000,1611317272.22,$GPGGA,120751.00,6342.683132,N,01058.744270,E,2,12,0.7,12.20,M,40.00,M,12.0,0907*4D
2021:01:22:13:07:55.220000,1611317275.22,$GPGGA,120754.00,6342.683088,N,01058.744176,E,2,12,0.7,12.22,M,40.00,M,4.0,0907*78
2021:01:22:13:07:56.221000,1611317276.221,$GPGGA,120755.00,6342.683064,N,01058.744088,E,2,12,0.7,12.17,M,40.00,M,5.0,0907*7C
2021:01:22:13:07:57.221000,1611317277.221,$GPGGA,120756.00,6342.683018,N,01058.744115,E,2,12,0.7,12.22,M,40.00,M,6.0,0907*74
2021:01:22:13:07:59.221000,1611317279.221,$GPGGA,120758.00,6342.683012,N,01058.743963,E,2,12,0.7,12.19,M,40.00,M,8.0,0907*78
2021:01:22:13:08:00.221000,1611317280.221,$GPGGA,120759.00,6342.682983,N,01058.743917,E,2,12,0.7,12.21,M,40.00,M,9.0,0907*70
2021:01:22:13:08:01.221000,1611317281.221,$GPGGA,120800.00,6342.682949,N,01058.743942,E,2,12,0.7,12.26,M,40.00,M,10.0,0907*4A
2021:01:22:13:08:03.221000,1611317283.221,$GPGGA,120802.00,6342.682921,N,01058.743733,E,2,12,0.7,12.17,M,40.00,M,7.0,0907*7A
2021:01:22:13:08:04.221000,1611317284.221,$GPGGA,120803.00,6342.682898,N,01058.743688,E,2,12,0.7,12.22,M,40.00,M,8.0,0907*70
2021:01:22:13:08:05.221000,1611317285.221,$GPGGA,120804.00,6342.682886,N,01058.743679,E,2,12,0.7,12.23,M,40.00,M,9.0,0907*76
2021:01:22:13:08:06.221000,1611317286.221,$GPGGA,120805.00,6342.682872,N,01058.743650,E,2,12,0.7,12.21,M,40.00,M,10.0,0907*4D
2021:01:22:13:08:07.221000,1611317287.221,$GPGGA,120806.00,6342.682850,N,01058.743614,E,2,12,0.7,12.19,M,40.00,M,11.0,0907*44
2021:01:22:13:08:08.221000,1611317288.221,$GPGGA,120807.00,6342.682855,N,01058.743655,E,2,12,0.7,12.21,M,40.00,M,12.0,0907*4D
2021:01:22:13:08:09.221000,1611317289.221,$GPGGA,120808.00,6342.682842,N,01058.743629,E,2,12,0.7,12.22,M,40.00,M,7.0,0907*78
2021:01:22:13:08:10.222000,1611317290.222,$GPGGA,120809.00,6342.682808,N,01058.743554,E,2,12,0.7,12.22,M,40.00,M,8.0,0907*71
2021:01:22:13:08:11.222000,1611317291.222,$GPGGA,120810.00,6342.682797,N,01058.743428,E,2,12,0.7,12.18,M,40.00,M,9.0,0907*72
2021:01:22:13:08:12.222000,1611317292.222,$GPGGA,120811.00,6342.682781,N,01058.743341,E,2,12,0.7,12.20,M,40.00,M,10.0,0907*4F
2021:01:22:13:08:13.222000,1611317293.222,$GPGGA,120812.00,6342.682756,N,01058.743302,E,2,12,0.7,12.23,M,40.00,M,6.0,0907*75
2021:01:22:13:08:15.222000,1611317295.222,$GPGGA,120814.00,6342.682748,N,01058.743148,E,2,12,0.7,12.21,M,40.00,M,8.0,0907*7C
2021:01:22:13:08:16.222000,1611317296.222,$GPGGA,120815.00,6342.682726,N,01058.743087,E,2,12,0.7,12.23,M,40.00,M,9.0,0907*74
2021:01:22:13:08:17.222000,1611317297.222,$GPGGA,120816.00,6342.682720,N,01058.743052,E,2,12,0.7,12.24,M,40.00,M,10.0,0907*46
2021:01:22:13:08:19.222000,1611317299.222,$GPGGA,120818.00,6342.682700,N,01058.742895,E,2,12,0.7,12.23,M,40.00,M,7.0,0907*79
2021:01:22:13:08:20.222000,1611317300.222,$GPGGA,120819.00,6342.682706,N,01058.742876,E,2,12,0.7,12.24,M,40.00,M,8.0,0907*7B
2021:01:22:13:08:21.221000,1611317301.221,$GPGGA,120820.00,6342.682687,N,01058.742765,E,2,12,0.7,12.22,M,40.00,M,9.0,0907*73
2021:01:22:13:08:23.221000,1611317303.221,$GPGGA,120822.00,6342.682712,N,01058.742777,E,2,12,0.7,12.24,M,40.00,M,11.0,0907*40
2021:01:22:13:08:24.221000,1611317304.221,$GPGGA,120823.00,6342.682697,N,01058.742746,E,2,12,0.7,12.22,M,40.00,M,12.0,0907*4A
2021:01:22:13:08:25.222000,1611317305.222,$GPGGA,120824.00,6342.682700,N,01058.742708,E,2,12,0.7,12.20,M,40.00,M,13.0,0907*4B
2021:01:22:13:08:28.222000,1611317308.222,$GPGGA,120827.00,6342.682676,N,01058.742609,E,2,12,0.7,12.19,M,40.00,M,10.0,0907*41
2021:01:22:13:08:29.222000,1611317309.222,$GPGGA,120828.00,6342.682691,N,01058.742624,E,2,12,0.7,12.16,M,40.00,M,6.0,0907*70
2021:01:22:13:08:30.222000,1611317310.222,$GPGGA,120829.00,6342.682659,N,01058.742685,E,2,12,0.7,12.21,M,40.00,M,7.0,0907*7B
2021:01:22:13:08:32.222000,1611317312.222,$GPGGA,120831.00,6342.682633,N,01058.742595,E,2,12,0.7,12.18,M,40.00,M,9.0,0907*78
2021:01:22:13:08:33.222000,1611317313.222,$GPGGA,120832.00,6342.682595,N,01058.742568,E,2,12,0.7,12.18,M,40.00,M,10.0,0907*4E
2021:01:22:13:08:34.222000,1611317314.222,$GPGGA,120833.00,6342.682563,N,01058.742610,E,2,12,0.7,12.22,M,40.00,M,11.0,0907*42
2021:01:22:13:08:35.222000,1611317315.222,$GPGGA,120834.00,6342.682562,N,01058.742664,E,2,12,0.7,12.20,M,40.00,M,12.0,0907*46
2021:01:22:13:08:36.222000,1611317316.222,$GPGGA,120835.00,6342.682547,N,01058.742650,E,2,12,0.7,12.16,M,40.00,M,7.0,0907*76
2021:01:22:13:08:37.222000,1611317317.222,$GPGGA,120836.00,6342.682500,N,01058.742648,E,2,12,0.7,12.17,M,40.00,M,8.0,0907*71
2021:01:22:13:08:38.222000,1611317318.222,$GPGGA,120837.00,6342.682482,N,01058.742709,E,2,12,0.7,12.20,M,40.00,M,9.0,0907*7A
2021:01:22:13:08:40.223000,1611317320.223,$GPGGA,120839.00,6342.682476,N,01058.742768,E,2,12,0.7,12.13,M,40.00,M,11.0,0907*41
2021:01:22:13:08:41.223000,1611317321.223,$GPGGA,120840.00,6342.682423,N,01058.742746,E,2,12,0.7,12.16,M,40.00,M,12.0,0907*45
2021:01:22:13:08:42.223000,1611317322.223,$GPGGA,120841.00,6342.682443,N,01058.742832,E,2,12,0.7,12.21,M,40.00,M,8.0,0907*71
2021:01:22:13:08:44.223000,1611317324.223,$GPGGA,120843.00,6342.682421,N,01058.742824,E,2,12,0.7,12.15,M,40.00,M,10.0,0907*4E
2021:01:22:13:08:45.223000,1611317325.223,$GPGGA,120844.00,6342.682418,N,01058.742911,E,2,12,0.7,12.19,M,40.00,M,11.0,0907*49
2021:01:22:13:08:46.223000,1611317326.223,$GPGGA,120845.00,6342.682412,N,01058.742917,E,2,12,0.7,12.19,M,40.00,M,6.0,0907*72
2021:01:22:13:08:48.223000,1611317328.223,$GPGGA,120847.00,6342.682384,N,01058.742896,E,2,12,0.7,12.19,M,40.00,M,8.0,0907*7E
2021:01:22:13:08:49.223000,1611317329.223,$GPGGA,120848.00,6342.682382,N,01058.742912,E,2,12,0.7,12.18,M,40.00,M,9.0,0907*7A
2021:01:22:13:08:50.223000,1611317330.223,$GPGGA,120849.00,6342.682370,N,01058.742891,E,2,12,0.7,12.17,M,40.00,M,5.0,0907*7F
2021:01:22:13:08:51.223000,1611317331.223,$GPGGA,120850.00,6342.682348,N,01058.742933,E,2,12,0.7,12.21,M,40.00,M,6.0,0907*73
2021:01:22:13:08:52.222000,1611317332.222,$GPGGA,120851.00,6342.682345,N,01058.742987,E,2,12,0.7,12.20,M,40.00,M,7.0,0907*70
2021:01:22:13:08:53.223000,1611317333.223,$GPGGA,120852.00,6342.682358,N,01058.742948,E,2,12,0.7,12.15,M,40.00,M,8.0,0907*75
2021:01:22:13:08:54.222000,1611317334.222,$GPGGA,120853.00,6342.682334,N,01058.742970,E,2,12,0.7,12.17,M,40.00,M,9.0,0907*76
2021:01:22:13:08:55.223000,1611317335.223,$GPGGA,120854.00,6342.682316,N,01058.743068,E,2,12,0.7,12.23,M,40.00,M,10.0,0907*4F
2021:01:22:13:08:57.223000,1611317337.223,$GPGGA,120856.00,6342.682337,N,01058.743034,E,2,12,0.7,12.12,M,40.00,M,5.0,0907*71
2021:01:22:13:08:58.223000,1611317338.223,$GPGGA,120857.00,6342.682300,N,01058.743021,E,2,12,0.7,12.14,M,40.00,M,6.0,0907*75
2021:01:22:13:08:59.223000,1611317339.223,$GPGGA,120858.00,6342.682300,N,01058.743125,E,2,12,0.7,12.21,M,40.00,M,7.0,0907*78
2021:01:22:13:09:00.223000,1611317340.223,$GPGGA,120859.00,6342.682333,N,01058.743221,E,2,12,0.7,12.20,M,40.00,M,8.0,0907*70
2021:01:22:13:09:01.223000,1611317341.223,$GPGGA,120900.00,6342.682326,N,01058.743183,E,2,12,0.7,12.16,M,40.00,M,9.0,0907*76
2021:01:22:13:09:02.223000,1611317342.223,$GPGGA,120901.00,6342.682294,N,01058.743125,E,2,12,0.7,12.15,M,40.00,M,10.0,0907*48
2021:01:22:13:09:03.223000,1611317343.223,$GPGGA,120902.00,6342.682306,N,01058.743202,E,2,12,0.7,12.20,M,40.00,M,6.0,0907*76
2021:01:22:13:09:05.223000,1611317345.223,$GPGGA,120904.00,6342.682320,N,01058.743258,E,2,12,0.7,12.15,M,40.00,M,8.0,0907*73
2021:01:22:13:09:06.223000,1611317346.223,$GPGGA,120905.00,6342.682325,N,01058.743323,E,2,12,0.7,12.15,M,40.00,M,9.0,0907*7B
2021:01:22:13:09:07.223000,1611317347.223,$GPGGA,120906.00,6342.682332,N,01058.743432,E,2,12,0.7,12.22,M,40.00,M,10.0,0907*45
2021:01:22:13:09:09.223000,1611317349.223,$GPGGA,120908.00,6342.682338,N,01058.743396,E,2,12,0.7,12.13,M,40.00,M,7.0,0907*7C
2021:01:22:13:09:10.224000,1611317350.224,$GPGGA,120909.00,6342.682357,N,01058.743509,E,2,12,0.7,12.17,M,40.00,M,8.0,0907*7F
2021:01:22:13:09:11.224000,1611317351.224,$GPGGA,120910.00,6342.682339,N,01058.743547,E,2,12,0.7,12.18,M,40.00,M,9.0,0907*7B
2021:01:22:13:09:13.224000,1611317353.224,$GPGGA,120912.00,6342.682383,N,01058.743605,E,2,12,0.7,12.17,M,40.00,M,6.0,0907*7D
2021:01:22:13:09:14.224000,1611317354.224,$GPGGA,120913.00,6342.682390,N,01058.743639,E,2,12,0.7,12.18,M,40.00,M,7.0,0907*7F
2021:01:22:13:09:15.224000,1611317355.224,$GPGGA,120914.00,6342.682402,N,01058.743675,E,2,12,0.7,12.18,M,40.00,M,8.0,0907*73
2021:01:22:13:09:17.224000,1611317357.224,$GPGGA,120916.00,6342.682428,N,01058.743721,E,2,12,0.7,12.16,M,40.00,M,5.0,0907*7A
2021:01:22:13:09:18.224000,1611317358.224,$GPGGA,120917.00,6342.682456,N,01058.743699,E,2,12,0.7,12.15,M,40.00,M,6.0,0907*70
2021:01:22:13:09:19.224000,1611317359.224,$GPGGA,120918.00,6342.682504,N,01058.743898,E,2,12,0.7,12.21,M,40.00,M,7.0,0907*70
2021:01:22:13:09:20.224000,1611317360.224,$GPGGA,120919.00,6342.682507,N,01058.743935,E,2,12,0.7,12.22,M,40.00,M,8.0,0907*78
2021:01:22:13:09:21.224000,1611317361.224,$GPGGA,120920.00,6342.682521,N,01058.743890,E,2,12,0.7,12.17,M,40.00,M,9.0,0907*7F
2021:01:22:13:09:22.224000,1611317362.224,$GPGGA,120921.00,6342.682579,N,01058.743978,E,2,12,0.7,12.17,M,40.00,M,10.0,0907*4C
2021:01:22:13:09:23.223000,1611317363.223,$GPGGA,120922.00,6342.682599,N,01058.744013,E,2,12,0.7,12.19,M,40.00,M,6.0,0907*7B
2021:01:22:13:09:25.225000,1611317365.225,$GPGGA,120924.00,6342.682652,N,01058.744082,E,2,12,0.7,12.19,M,40.00,M,8.0,0907*7F
2021:01:22:13:09:26.224000,1611317366.224,$GPGGA,120925.00,6342.682685,N,01058.744083,E,2,12,0.7,12.20,M,40.00,M,9.0,0907*7E
2021:01:22:13:09:27.224000,1611317367.224,$GPGGA,120926.00,6342.682724,N,01058.744079,E,2,12,0.7,12.20,M,40.00,M,10.0,0907*4A
2021:01:22:13:09:30.224000,1611317370.224,$GPGGA,120929.00,6342.682815,N,01058.744188,E,2,12,0.7,12.18,M,40.00,M,13.0,0907*4F
2021:01:22:13:09:31.224000,1611317371.224,$GPGGA,120930.00,6342.682849,N,01058.744199,E,2,12,0.7,12.19,M,40.00,M,14.0,0907*48
2021:01:22:13:09:32.224000,1611317372.224,$GPGGA,120931.00,6342.682844,N,01058.744145,E,2,12,0.7,12.18,M,40.00,M,15.0,0907*45
2021:01:22:13:09:34.224000,1611317374.224,$GPGGA,120933.00,6342.682933,N,01058.744196,E,2,12,0.7,12.20,M,40.00,M,11.0,0907*47
2021:01:22:13:09:35.224000,1611317375.224,$GPGGA,120934.00,6342.682950,N,01058.744225,E,2,12,0.7,12.20,M,40.00,M,12.0,0907*4D
2021:01:22:13:09:36.224000,1611317376.224,$GPGGA,120935.00,6342.682957,N,01058.744210,E,2,12,0.7,12.17,M,40.00,M,13.0,0907*48
2021:01:22:13:09:38.224000,1611317378.224,$GPGGA,120937.00,6342.683037,N,01058.744274,E,2,12,0.7,12.20,M,40.00,M,10.0,0907*41
2021:01:22:13:09:39.224000,1611317379.224,$GPGGA,120938.00,6342.683036,N,01058.744277,E,2,12,0.7,12.18,M,40.00,M,11.0,0907*46
2021:01:22:13:09:40.225000,1611317380.225,$GPGGA,120939.00,6342.683059,N,01058.744315,E,2,12,0.7,12.15,M,40.00,M,7.0,0907*71
2021:01:22:13:09:42.225000,1611317382.225,$GPGGA,120941.00,6342.683089,N,01058.744337,E,2,12,0.7,12.18,M,40.00,M,9.0,0907*70
2021:01:22:13:09:43.225000,1611317383.225,$GPGGA,120942.00,6342.683106,N,01058.744388,E,2,12,0.7,12.16,M,40.00,M,4.0,0907*72
2021:01:22:13:09:44.225000,1611317384.225,$GPGGA,120943.00,6342.683100,N,01058.744404,E,2,12,0.7,12.17,M,40.00,M,5.0,0907*76
2021:01:22:13:09:45.225000,1611317385.225,$GPGGA,120944.00,6342.683093,N,01058.744350,E,2,12,0.7,12.16,M,40.00,M,6.0,0907*7E
2021:01:22:13:09:46.225000,1611317386.225,$GPGGA,120945.00,6342.683085,N,01058.744361,E,2,12,0.7,12.17,M,40.00,M,7.0,0907*7A
2021:01:22:13:09:47.225000,1611317387.225,$GPGGA,120946.00,6342.683067,N,01058.744387,E,2,12,0.7,12.20,M,40.00,M,8.0,0907*76
2021:01:22:13:09:48.225000,1611317388.225,$GPGGA,120947.00,6342.683053,N,01058.744355,E,2,12,0.7,12.18,M,40.00,M,9.0,0907*75
2021:01:22:13:09:50.225000,1611317390.225,$GPGGA,120949.00,6342.683003,N,01058.744280,E,2,12,0.7,12.16,M,40.00,M,11.0,0907*40
2021:01:22:13:09:51.225000,1611317391.225,$GPGGA,120950.00,6342.682957,N,01058.744207,E,2,12,0.7,12.15,M,40.00,M,12.0,0907*4E
2021:01:22:13:09:52.225000,1611317392.225,$GPGGA,120951.00,6342.682957,N,01058.744269,E,2,12,0.7,12.16,M,40.00,M,13.0,0907*45
2021:01:22:13:09:54.224000,1611317394.224,$GPGGA,120953.00,6342.682902,N,01058.744198,E,2,12,0.7,12.16,M,40.00,M,10.0,0907*49
2021:01:22:13:09:55.225000,1611317395.225,$GPGGA,120954.00,6342.682868,N,01058.744097,E,2,12,0.7,12.15,M,40.00,M,11.0,0907*4F
2021:01:22:13:09:56.226000,1611317396.226,$GPGGA,120956.00,6342.682853,N,01058.744155,E,2,12,0.7,12.19,M,40.00,M,8.0,0907*7E
2021:01:22:13:09:59.225000,1611317399.225,$GPGGA,120958.00,6342.682791,N,01058.744109,E,2,12,0.7,12.16,M,40.00,M,10.0,0907*4E
2021:01:22:13:10:00.225000,1611317400.225,$GPGGA,120959.00,6342.682788,N,01058.744097,E,2,12,0.7,12.22,M,40.00,M,5.0,0907*72
2021:01:22:13:10:01.225000,1611317401.225,$GPGGA,121000.00,6342.682761,N,01058.744083,E,2,12,0.7,12.20,M,40.00,M,6.0,0907*75
2021:01:22:13:10:03.225000,1611317403.225,$GPGGA,121002.00,6342.682713,N,01058.744153,E,2,12,0.7,12.20,M,40.00,M,8.0,0907*70
2021:01:22:13:10:04.225000,1611317404.225,$GPGGA,121003.00,6342.682689,N,01058.744177,E,2,12,0.7,12.22,M,40.00,M,9.0,0907*76
2021:01:22:13:10:05.225000,1611317405.225,$GPGGA,121004.00,6342.682672,N,01058.744122,E,2,12,0.7,12.18,M,40.00,M,10.0,0907*44
2021:01:22:13:10:07.225000,1611317407.225,$GPGGA,121006.00,6342.682576,N,01058.744144,E,2,12,0.7,12.21,M,40.00,M,7.0,0907*7D
2021:01:22:13:10:08.225000,1611317408.225,$GPGGA,121007.00,6342.682576,N,01058.744243,E,2,12,0.7,12.23,M,40.00,M,8.0,0907*75
2021:01:22:13:10:09.225000,1611317409.225,$GPGGA,121008.00,6342.682548,N,01058.744198,E,2,12,0.7,12.17,M,40.00,M,9.0,0907*74
2021:01:22:13:10:11.226000,1611317411.226,$GPGGA,121010.00,6342.682440,N,01058.744094,E,2,12,0.7,12.20,M,40.00,M,6.0,0907*72
2021:01:22:13:10:12.226000,1611317412.226,$GPGGA,121011.00,6342.682442,N,01058.744161,E,2,12,0.7,12.22,M,40.00,M,7.0,0907*79
2021:01:22:13:10:13.226000,1611317413.226,$GPGGA,121013.00,6342.682384,N,01058.744150,E,2,12,0.7,12.16,M,40.00,M,9.0,0907*7D
2021:01:22:13:10:15.226000,1611317415.226,$GPGGA,121014.00,6342.682355,N,01058.744107,E,2,12,0.7,12.19,M,40.00,M,10.0,0907*43
2021:01:22:13:10:16.226000,1611317416.226,$GPGGA,121015.00,6342.682328,N,01058.744141,E,2,12,0.7,12.23,M,40.00,M,11.0,0907*42
2021:01:22:13:10:17.226000,1611317417.226,$GPGGA,121016.00,6342.682322,N,01058.744221,E,2,12,0.7,12.23,M,40.00,M,6.0,0907*78
2021:01:22:13:10:19.226000,1611317419.226,$GPGGA,121018.00,6342.682269,N,01058.744228,E,2,12,0.7,12.18,M,40.00,M,8.0,0907*77
2021:01:22:13:10:20.226000,1611317420.226,$GPGGA,121019.00,6342.682242,N,01058.744276,E,2,12,0.7,12.24,M,40.00,M,9.0,0907*7A
2021:01:22:13:10:21.226000,1611317421.226,$GPGGA,121020.00,6342.682255,N,01058.744333,E,2,12,0.7,12.23,M,40.00,M,10.0,0907*49
2021:01:22:13:10:23.226000,1611317423.226,$GPGGA,121022.00,6342.682166,N,01058.744273,E,2,12,0.7,12.16,M,40.00,M,7.0,0907*7D
2021:01:22:13:10:24.226000,1611317424.226,$GPGGA,121023.00,6342.682167,N,01058.744328,E,2,12,0.7,12.19,M,40.00,M,8.0,0907*72
2021:01:22:13:10:25.227000,1611317425.227,$GPGGA,121024.00,6342.682162,N,01058.744325,E,2,12,0.7,12.17,M,40.00,M,9.0,0907*72
2021:01:22:13:10:27.226000,1611317427.226,$GPGGA,121026.00,6342.682107,N,01058.744334,E,2,12,0.7,12.19,M,40.00,M,6.0,0907*72
2021:01:22:13:10:28.226000,1611317428.226,$GPGGA,121027.00,6342.682105,N,01058.744347,E,2,12,0.7,12.18,M,40.00,M,7.0,0907*75
2021:01:22:13:10:29.226000,1611317429.226,$GPGGA,121028.00,6342.682075,N,01058.744352,E,2,12,0.7,12.18,M,40.00,M,8.0,0907*77
2021:01:22:13:10:30.226000,1611317430.226,$GPGGA,121029.00,6342.682045,N,01058.744355,E,2,12,0.7,12.18,M,40.00,M,9.0,0907*73
2021:01:22:13:10:32.226000,1611317432.226,$GPGGA,121031.00,6342.682021,N,01058.744362,E,2,12,0.7,12.17,M,40.00,M,11.0,0907*4A
2021:01:22:13:10:33.226000,1611317433.226,$GPGGA,121032.00,6342.681990,N,01058.744390,E,2,12,0.7,12.19,M,40.00,M,7.0,0907*7D
2021:01:22:13:10:34.226000,1611317434.226,$GPGGA,121033.00,6342.681968,N,01058.744357,E,2,12,0.7,12.17,M,40.00,M,8.0,0907*71
2021:01:22:13:10:36.226000,1611317436.226,$GPGGA,121035.00,6342.681941,N,01058.744452,E,2,12,0.7,12.21,M,40.00,M,10.0,0907*42
2021:01:22:13:10:37.226000,1611317437.226,$GPGGA,121036.00,6342.681922,N,01058.744418,E,2,12,0.7,12.19,M,40.00,M,11.0,0907*40
2021:01:22:13:10:38.226000,1611317438.226,$GPGGA,121037.00,6342.681941,N,01058.744408,E,2,12,0.7,12.17,M,40.00,M,12.0,0907*48
2021:01:22:13:10:39.226000,1611317439.226,$GPGGA,121038.00,6342.681917,N,01058.744429,E,2,12,0.7,12.17,M,40.00,M,13.0,0907*46
2021:01:22:13:10:40.227000,1611317440.227,$GPGGA,121039.00,6342.681872,N,01058.744420,E,2,12,0.7,12.20,M,40.00,M,14.0,0907*4F
2021:01:22:13:10:41.227000,1611317441.227,$GPGGA,121040.00,6342.681868,N,01058.744412,E,2,12,0.7,12.20,M,40.00,M,9.0,0907*77
2021:01:22:13:10:42.227000,1611317442.227,$GPGGA,121041.00,6342.681882,N,01058.744427,E,2,12,0.7,12.18,M,40.00,M,10.0,0907*47
2021:01:22:13:10:44.227000,1611317444.227,$GPGGA,121043.00,6342.681832,N,01058.744360,E,2,12,0.7,12.18,M,40.00,M,7.0,0907*7C
2021:01:22:13:10:45.227000,1611317445.227,$GPGGA,121044.00,6342.681845,N,01058.744393,E,2,12,0.7,12.19,M,40.00,M,8.0,0907*79
2021:01:22:13:10:46.227000,1611317446.227,$GPGGA,121045.00,6342.681844,N,01058.744372,E,2,12,0.7,12.19,M,40.00,M,9.0,0907*77
2021:01:22:13:10:48.227000,1611317448.227,$GPGGA,121047.00,6342.681843,N,01058.744271,E,2,12,0.7,12.15,M,40.00,M,11.0,0907*45
2021:01:22:13:10:49.227000,1611317449.227,$GPGGA,121048.00,6342.681849,N,01058.744300,E,2,12,0.7,12.21,M,40.00,M,12.0,0907*43
2021:01:22:13:10:50.227000,1611317450.227,$GPGGA,121049.00,6342.681878,N,01058.744315,E,2,12,0.7,12.22,M,40.00,M,13.0,0907*46
2021:01:22:13:10:52.227000,1611317452.227,$GPGGA,121051.00,6342.681875,N,01058.744122,E,2,12,0.7,12.15,M,40.00,M,10.0,0907*43
2021:01:22:13:10:53.227000,1611317453.227,$GPGGA,121052.00,6342.681909,N,01058.744203,E,2,12,0.7,12.23,M,40.00,M,11.0,0907*4E
2021:01:22:13:10:54.227000,1611317454.227,$GPGGA,121053.00,6342.681960,N,01058.744285,E,2,12,0.7,12.23,M,40.00,M,12.0,0907*4D
2021:01:22:13:10:56.228000,1611317456.228,$GPGGA,121056.00,6342.681994,N,01058.744137,E,2,12,0.7,12.23,M,40.00,M,15.0,0907*4E
2021:01:22:13:10:57.227000,1611317457.227,$GPGGA,121057.00,6342.682001,N,01058.744128,E,2,12,0.7,12.22,M,40.00,M,16.0,0907*45
2021:01:22:13:10:58.227000,1611317458.227,$GPGGA,121058.00,6342.682011,N,01058.744094,E,2,12,0.7,12.18,M,40.00,M,17.0,0907*45
2021:01:22:13:11:01.227000,1611317461.227,$GPGGA,121100.00,6342.682027,N,01058.744115,E,2,12,0.7,12.22,M,40.00,M,11.0,0907*4B
2021:01:22:13:11:02.227000,1611317462.227,$GPGGA,121101.00,6342.682024,N,01058.744027,E,2,12,0.7,12.18,M,40.00,M,12.0,0907*43
2021:01:22:13:11:05.227000,1611317465.227,$GPGGA,121104.00,6342.682011,N,01058.743996,E,2,12,0.7,12.19,M,40.00,M,10.0,0907*47
2021:01:22:13:11:06.227000,1611317466.227,$GPGGA,121105.00,6342.682018,N,01058.743970,E,2,12,0.7,12.20,M,40.00,M,11.0,0907*4C
2021:01:22:13:11:07.227000,1611317467.227,$GPGGA,121107.00,6342.682013,N,01058.743932,E,2,12,0.7,12.20,M,40.00,M,8.0,0907*7B
2021:01:22:13:11:09.227000,1611317469.227,$GPGGA,121108.00,6342.682025,N,01058.743962,E,2,12,0.7,12.20,M,40.00,M,9.0,0907*75
2021:01:22:13:11:10.228000,1611317470.228,$GPGGA,121109.00,6342.682048,N,01058.743973,E,2,12,0.7,12.21,M,40.00,M,5.0,0907*72
2021:01:22:13:11:11.228000,1611317471.228,$GPGGA,121110.00,6342.682053,N,01058.743990,E,2,12,0.7,12.22,M,40.00,M,6.0,0907*7D
2021:01:22:13:11:13.228000,1611317473.228,$GPGGA,121112.00,6342.682057,N,01058.743875,E,2,12,0.7,12.22,M,40.00,M,8.0,0907*7F
2021:01:22:13:11:14.228000,1611317474.228,$GPGGA,121113.00,6342.682058,N,01058.743840,E,2,12,0.7,12.21,M,40.00,M,9.0,0907*75
2021:01:22:13:11:15.228000,1611317475.228,$GPGGA,121114.00,6342.682084,N,01058.743863,E,2,12,0.7,12.20,M,40.00,M,10.0,0907*4B
2021:01:22:13:11:17.228000,1611317477.228,$GPGGA,121116.00,6342.682059,N,01058.743793,E,2,12,0.7,12.21,M,40.00,M,12.0,0907*4A
2021:01:22:13:11:18.228000,1611317478.228,$GPGGA,121117.00,6342.682078,N,01058.743753,E,2,12,0.7,12.19,M,40.00,M,7.0,0907*7B
2021:01:22:13:11:19.228000,1611317479.228,$GPGGA,121118.00,6342.682074,N,01058.743768,E,2,12,0.7,12.21,M,40.00,M,8.0,0907*74
2021:01:22:13:11:21.228000,1611317481.228,$GPGGA,121120.00,6342.682070,N,01058.743700,E,2,12,0.7,12.19,M,40.00,M,10.0,0907*47
2021:01:22:13:11:22.228000,1611317482.228,$GPGGA,121121.00,6342.682065,N,01058.743738,E,2,12,0.7,12.22,M,40.00,M,11.0,0907*40
2021:01:22:13:11:23.228000,1611317483.228,$GPGGA,121123.00,6342.682047,N,01058.743606,E,2,12,0.7,12.16,M,40.00,M,8.0,0907*71
2021:01:22:13:11:24.228000,1611317484.228,$GPGGA,121124.00,6342.682072,N,01058.743740,E,2,12,0.7,12.21,M,40.00,M,9.0,0907*76
2021:01:22:13:11:25.229000,1611317485.229,$GPGGA,121125.00,6342.682080,N,01058.743753,E,2,12,0.7,12.20,M,40.00,M,10.0,0907*41
2021:01:22:13:11:26.228000,1611317486.228,$GPGGA,121126.00,6342.682071,N,01058.743719,E,2,12,0.7,12.19,M,40.00,M,11.0,0907*49
2021:01:22:13:11:27.229000,1611317487.229,$GPGGA,121126.00,6342.682071,N,01058.743719,E,2,12,0.7,12.19,M,40.00,M,11.0,0907*49
2021:01:22:13:11:29.228000,1611317489.228,$GPGGA,121128.00,6342.682109,N,01058.743737,E,2,12,0.7,12.19,M,40.00,M,8.0,0907*7D
2021:01:22:13:11:30.228000,1611317490.228,$GPGGA,121130.00,6342.682094,N,01058.743747,E,2,12,0.7,12.20,M,40.00,M,10.0,0907*45
2021:01:22:13:11:31.228000,1611317491.228,$GPGGA,121130.00,6342.682094,N,01058.743747,E,2,12,0.7,12.20,M,40.00,M,10.0,0907*45
2021:01:22:13:11:33.228000,1611317493.228,$GPGGA,121133.00,6342.682119,N,01058.743774,E,2,12,0.7,12.20,M,40.00,M,8.0,0907*7B
2021:01:22:13:11:34.228000,1611317494.228,$GPGGA,121134.00,6342.682122,N,01058.743756,E,2,12,0.7,12.19,M,40.00,M,9.0,0907*7F
2021:01:22:13:11:35.228000,1611317495.228,$GPGGA,121134.00,6342.682122,N,01058.743756,E,2,12,0.7,12.19,M,40.00,M,9.0,0907*7F
2021:01:22:13:11:36.228000,1611317496.228,$GPGGA,121135.00,6342.682155,N,01058.743746,E,2,12,0.7,12.15,M,40.00,M,10.0,0907*4B
2021:01:22:13:11:38.228000,1611317498.228,$GPGGA,121138.00,6342.682122,N,01058.743740,E,2,12,0.7,12.15,M,40.00,M,13.0,0907*43
2021:01:22:13:11:39.229000,1611317499.229,$GPGGA,121139.00,6342.682157,N,01058.743820,E,2,12,0.7,12.16,M,40.00,M,14.0,0907*4D
2021:01:22:13:11:40.229000,1611317500.229,$GPGGA,121139.00,6342.682157,N,01058.743820,E,2,12,0.7,12.16,M,40.00,M,14.0,0907*4D
2021:01:22:13:11:42.229000,1611317502.229,$GPGGA,121141.00,6342.682125,N,01058.743864,E,2,12,0.7,12.17,M,40.00,M,10.0,0907*42
2021:01:22:13:11:43.229000,1611317503.229,$GPGGA,121142.00,6342.682126,N,01058.743817,E,2,12,0.7,12.15,M,40.00,M,11.0,0907*45
2021:01:22:13:11:44.229000,1611317504.229,$GPGGA,121143.00,6342.682109,N,01058.743792,E,2,12,0.7,12.18,M,40.00,M,7.0,0907*71
2021:01:22:13:11:46.229000,1611317506.229,$GPGGA,121145.00,6342.682090,N,01058.743815,E,2,12,0.7,12.19,M,40.00,M,9.0,0907*79
2021:01:22:13:11:47.229000,1611317507.229,$GPGGA,121146.00,6342.682082,N,01058.743757,E,2,12,0.7,12.17,M,40.00,M,10.0,0907*46
2021:01:22:13:11:48.229000,1611317508.229,$GPGGA,121147.00,6342.682062,N,01058.743730,E,2,12,0.7,12.18,M,40.00,M,11.0,0907*46
2021:01:22:13:11:49.229000,1611317509.229,$GPGGA,121148.00,6342.682050,N,01058.743725,E,2,12,0.7,12.19,M,40.00,M,12.0,0907*4E
2021:01:22:13:11:50.229000,1611317510.229,$GPGGA,121149.00,6342.682033,N,01058.743632,E,2,12,0.7,12.15,M,40.00,M,13.0,0907*40
2021:01:22:13:11:51.229000,1611317511.229,$GPGGA,121150.00,6342.682013,N,01058.743567,E,2,12,0.7,12.12,M,40.00,M,8.0,0907*74
2021:01:22:13:11:52.229000,1611317512.229,$GPGGA,121151.00,6342.682020,N,01058.743649,E,2,12,0.7,12.17,M,40.00,M,9.0,0907*7E
2021:01:22:13:11:53.229000,1611317513.229,$GPGGA,121152.00,6342.682036,N,01058.743670,E,2,12,0.7,12.18,M,40.00,M,10.0,0907*47
2021:01:22:13:11:54.229000,1611317514.229,$GPGGA,121153.00,6342.682002,N,01058.743514,E,2,12,0.7,12.14,M,40.00,M,11.0,0907*4D
2021:01:22:13:11:55.230000,1611317515.23,$GPGGA,121154.00,6342.681982,N,01058.743419,E,2,12,0.7,12.12,M,40.00,M,7.0,0907*75
2021:01:22:13:11:56.230000,1611317516.23,$GPGGA,121155.00,6342.682010,N,01058.743474,E,2,12,0.7,12.15,M,40.00,M,8.0,0907*76
2021:01:22:13:11:57.230000,1611317517.23,$GPGGA,121156.00,6342.682012,N,01058.743505,E,2,12,0.7,12.16,M,40.00,M,9.0,0907*72
2021:01:22:13:11:58.230000,1611317518.23,$GPGGA,121158.00,6342.682013,N,01058.743413,E,2,12,0.7,12.12,M,40.00,M,11.0,0907*46
2021:01:22:13:11:59.229000,1611317519.229,$GPGGA,121159.00,6342.682000,N,01058.743287,E,2,12,0.7,12.11,M,40.00,M,12.0,0907*4E
2021:01:22:13:12:00.230000,1611317520.23,$GPGGA,121200.00,6342.681993,N,01058.743314,E,2,12,0.7,12.16,M,40.00,M,8.0,0907*76
2021:01:22:13:12:01.229000,1611317521.229,$GPGGA,121201.00,6342.682013,N,01058.743365,E,2,12,0.7,12.16,M,40.00,M,9.0,0907*72
2021:01:22:13:12:03.230000,1611317523.23,$GPGGA,121203.00,6342.682022,N,01058.743255,E,2,12,0.7,12.15,M,40.00,M,11.0,0907*4A
2021:01:22:13:12:04.229000,1611317524.229,$GPGGA,121204.00,6342.682034,N,01058.743217,E,2,12,0.7,12.17,M,40.00,M,6.0,0907*78
2021:01:22:13:12:05.229000,1611317525.229,$GPGGA,121205.00,6342.682041,N,01058.743218,E,2,12,0.7,12.18,M,40.00,M,7.0,0907*7A
2021:01:22:13:12:07.229000,1611317527.229,$GPGGA,121206.00,6342.682052,N,01058.743196,E,2,12,0.7,12.15,M,40.00,M,8.0,0907*7C
2021:01:22:13:12:08.229000,1611317528.229,$GPGGA,121207.00,6342.682096,N,01058.743222,E,2,12,0.7,12.14,M,40.00,M,9.0,0907*79
2021:01:22:13:12:09.229000,1611317529.229,$GPGGA,121208.00,6342.682112,N,01058.743250,E,2,12,0.7,12.19,M,40.00,M,10.0,0907*4B
2021:01:22:13:12:11.230000,1611317531.23,$GPGGA,121210.00,6342.682113,N,01058.743096,E,2,12,0.7,12.16,M,40.00,M,7.0,0907*72
2021:01:22:13:12:12.230000,1611317532.23,$GPGGA,121212.00,6342.682200,N,01058.743203,E,2,12,0.7,12.21,M,40.00,M,9.0,0907*75
2021:01:22:13:12:13.230000,1611317533.23,$GPGGA,121213.00,6342.682198,N,01058.743170,E,2,12,0.7,12.21,M,40.00,M,10.0,0907*49
2021:01:22:13:12:15.230000,1611317535.23,$GPGGA,121214.00,6342.682201,N,01058.743074,E,2,12,0.7,12.17,M,40.00,M,6.0,0907*7A
2021:01:22:13:12:16.230000,1611317536.23,$GPGGA,121215.00,6342.682247,N,01058.743029,E,2,12,0.7,12.17,M,40.00,M,7.0,0907*70
2021:01:22:13:12:17.230000,1611317537.23,$GPGGA,121216.00,6342.682287,N,01058.743088,E,2,12,0.7,12.21,M,40.00,M,8.0,0907*7E
2021:01:22:13:12:18.230000,1611317538.23,$GPGGA,121217.00,6342.682293,N,01058.743116,E,2,12,0.7,12.21,M,40.00,M,9.0,0907*7D
2021:01:22:13:12:19.230000,1611317539.23,$GPGGA,121218.00,6342.682332,N,01058.743070,E,2,12,0.7,12.16,M,40.00,M,10.0,0907*45
2021:01:22:13:12:20.230000,1611317540.23,$GPGGA,121219.00,6342.682361,N,01058.743005,E,2,12,0.7,12.18,M,40.00,M,11.0,0907*4F
2021:01:22:13:12:21.230000,1611317541.23,$GPGGA,121221.00,6342.682401,N,01058.742987,E,2,12,0.7,12.20,M,40.00,M,8.0,0907*74
2021:01:22:13:12:23.230000,1611317543.23,$GPGGA,121223.00,6342.682475,N,01058.742936,E,2,12,0.7,12.19,M,40.00,M,10.0,0907*4C
2021:01:22:13:12:24.230000,1611317544.23,$GPGGA,121224.00,6342.682499,N,01058.742927,E,2,12,0.7,12.21,M,40.00,M,5.0,0907*76
2021:01:22:13:12:25.231000,1611317545.231,$GPGGA,121224.00,6342.682499,N,01058.742927,E,2,12,0.7,12.21,M,40.00,M,5.0,0907*76
2021:01:22:13:12:27.231000,1611317547.231,$GPGGA,121227.00,6342.682612,N,01058.742936,E,2,12,0.7,12.20,M,40.00,M,8.0,0907*78
2021:01:22:13:12:28.230000,1611317548.23,$GPGGA,121228.00,6342.682648,N,01058.742997,E,2,12,0.7,12.20,M,40.00,M,9.0,0907*72
2021:01:22:13:12:29.230000,1611317549.23,$GPGGA,121229.00,6342.682677,N,01058.742975,E,2,12,0.7,12.16,M,40.00,M,10.0,0907*4E
2021:01:22:13:12:31.230000,1611317551.23,$GPGGA,121231.00,6342.682724,N,01058.742988,E,2,12,0.7,12.17,M,40.00,M,7.0,0907*75
2021:01:22:13:12:32.230000,1611317552.23,$GPGGA,121232.00,6342.682780,N,01058.743116,E,2,12,0.7,12.19,M,40.00,M,8.0,0907*77
2021:01:22:13:12:33.230000,1611317553.23,$GPGGA,121232.00,6342.682780,N,01058.743116,E,2,12,0.7,12.19,M,40.00,M,8.0,0907*77
2021:01:22:13:12:35.230000,1611317555.23,$GPGGA,121235.00,6342.682856,N,01058.743206,E,2,12,0.7,12.17,M,40.00,M,11.0,0907*40
2021:01:22:13:12:36.230000,1611317556.23,$GPGGA,121236.00,6342.682915,N,01058.743283,E,2,12,0.7,12.17,M,40.00,M,12.0,0907*4B
2021:01:22:13:12:37.230000,1611317557.23,$GPGGA,121236.00,6342.682915,N,01058.743283,E,2,12,0.7,12.17,M,40.00,M,12.0,0907*4B
2021:01:22:13:12:38.230000,1611317558.23,$GPGGA,121237.00,6342.682923,N,01058.743375,E,2,12,0.7,12.18,M,40.00,M,8.0,0907*73
2021:01:22:13:12:39.230000,1611317559.23,$GPGGA,121238.00,6342.682926,N,01058.743416,E,2,12,0.7,12.15,M,40.00,M,9.0,0907*77
2021:01:22:13:12:40.231000,1611317560.231,$GPGGA,121239.00,6342.682984,N,01058.743501,E,2,12,0.7,12.14,M,40.00,M,10.0,0907*40
2021:01:22:13:12:41.232000,1611317561.232,$GPGGA,121241.00,6342.682993,N,01058.743661,E,2,12,0.7,12.18,M,40.00,M,7.0,0907*76
2021:01:22:13:12:42.231000,1611317562.231,$GPGGA,121242.00,6342.683020,N,01058.743701,E,2,12,0.7,12.14,M,40.00,M,8.0,0907*71
2021:01:22:13:12:43.231000,1611317563.231,$GPGGA,121242.00,6342.683020,N,01058.743701,E,2,12,0.7,12.14,M,40.00,M,8.0,0907*71
2021:01:22:13:12:44.231000,1611317564.231,$GPGGA,121243.00,6342.683071,N,01058.743808,E,2,12,0.7,12.13,M,40.00,M,9.0,0907*74
2021:01:22:13:12:45.231000,1611317565.231,$GPGGA,121244.00,6342.683063,N,01058.743876,E,2,12,0.7,12.17,M,40.00,M,10.0,0907*45
2021:01:22:13:12:46.231000,1611317566.231,$GPGGA,121246.00,6342.683097,N,01058.743965,E,2,12,0.7,12.15,M,40.00,M,12.0,0907*4F
2021:01:22:13:12:47.231000,1611317567.231,$GPGGA,121247.00,6342.683103,N,01058.744006,E,2,12,0.7,12.18,M,40.00,M,7.0,0907*70
2021:01:22:13:12:48.231000,1611317568.231,$GPGGA,121248.00,6342.683079,N,01058.744013,E,2,12,0.7,12.17,M,40.00,M,8.0,0907*77
2021:01:22:13:12:49.231000,1611317569.231,$GPGGA,121248.00,6342.683079,N,01058.744013,E,2,12,0.7,12.17,M,40.00,M,8.0,0907*77
2021:01:22:13:12:50.231000,1611317570.231,$GPGGA,121249.00,6342.683091,N,01058.744055,E,2,12,0.7,12.16,M,40.00,M,9.0,0907*72
2021:01:22:13:12:51.231000,1611317571.231,$GPGGA,121250.00,6342.683115,N,01058.744146,E,2,12,0.7,12.18,M,40.00,M,10.0,0907*42
2021:01:22:13:12:52.231000,1611317572.231,$GPGGA,121251.00,6342.683104,N,01058.744115,E,2,12,0.7,12.18,M,40.00,M,11.0,0907*44
2021:01:22:13:12:53.231000,1611317573.231,$GPGGA,121252.00,6342.683091,N,01058.744062,E,2,12,0.7,12.16,M,40.00,M,12.0,0907*46
2021:01:22:13:12:54.232000,1611317574.232,$GPGGA,121254.00,6342.683102,N,01058.744102,E,2,12,0.7,12.16,M,40.00,M,9.0,0907*76
2021:01:22:13:12:55.232000,1611317575.232,$GPGGA,121255.00,6342.683100,N,01058.744088,E,2,12,0.7,12.13,M,40.00,M,10.0,0907*4B
2021:01:22:13:12:56.232000,1611317576.232,$GPGGA,121256.00,6342.683104,N,01058.744113,E,2,12,0.7,12.14,M,40.00,M,11.0,0907*49
2021:01:22:13:12:57.232000,1611317577.232,$GPGGA,121257.00,6342.683110,N,01058.744082,E,2,12,0.7,12.14,M,40.00,M,12.0,0907*47
2021:01:22:13:12:58.232000,1611317578.232,$GPGGA,121258.00,6342.683094,N,01058.744016,E,2,12,0.7,12.13,M,40.00,M,13.0,0907*4E
2021:01:22:13:12:59.232000,1611317579.232,$GPGGA,121258.00,6342.683094,N,01058.744016,E,2,12,0.7,12.13,M,40.00,M,13.0,0907*4E
2021:01:22:13:13:00.232000,1611317580.232,$GPGGA,121259.00,6342.683109,N,01058.744054,E,2,12,0.7,12.13,M,40.00,M,14.0,0907*4B
2021:01:22:13:13:01.232000,1611317581.232,$GPGGA,121301.00,6342.683145,N,01058.744108,E,2,12,0.7,12.16,M,40.00,M,10.0,0907*46
2021:01:22:13:13:02.231000,1611317582.231,$GPGGA,121302.00,6342.683130,N,01058.744078,E,2,12,0.7,12.14,M,40.00,M,11.0,0907*42
2021:01:22:13:13:03.231000,1611317583.231,$GPGGA,121302.00,6342.683130,N,01058.744078,E,2,12,0.7,12.14,M,40.00,M,11.0,0907*42
2021:01:22:13:13:04.231000,1611317584.231,$GPGGA,121304.00,6342.683180,N,01058.744167,E,2,12,0.7,12.19,M,40.00,M,7.0,0907*7A
2021:01:22:13:13:05.231000,1611317585.231,$GPGGA,121305.00,6342.683179,N,01058.744170,E,2,12,0.7,12.15,M,40.00,M,8.0,0907*78
2021:01:22:13:13:06.231000,1611317586.231,$GPGGA,121305.00,6342.683179,N,01058.744170,E,2,12,0.7,12.15,M,40.00,M,8.0,0907*78
2021:01:22:13:13:07.231000,1611317587.231,$GPGGA,121307.00,6342.683184,N,01058.744165,E,2,12,0.7,12.16,M,40.00,M,5.0,0907*72
2021:01:22:13:13:09.232000,1611317589.232,$GPGGA,121308.00,6342.683199,N,01058.744201,E,2,12,0.7,12.20,M,40.00,M,6.0,0907*76
2021:01:22:13:13:10.232000,1611317590.232,$GPGGA,121310.00,6342.683209,N,01058.744113,E,2,12,0.7,12.11,M,40.00,M,8.0,0907*79
2021:01:22:13:13:11.232000,1611317591.232,$GPGGA,121311.00,6342.683189,N,01058.744104,E,2,12,0.7,12.18,M,40.00,M,9.0,0907*7D
2021:01:22:13:13:12.232000,1611317592.232,$GPGGA,121312.00,6342.683209,N,01058.744114,E,2,12,0.7,12.16,M,40.00,M,10.0,0907*42
2021:01:22:13:13:13.232000,1611317593.232,$GPGGA,121313.00,6342.683213,N,01058.744071,E,2,12,0.7,12.13,M,40.00,M,11.0,0907*4E
2021:01:22:13:13:14.232000,1611317594.232,$GPGGA,121314.00,6342.683206,N,01058.743972,E,2,12,0.7,12.14,M,40.00,M,6.0,0907*71
2021:01:22:13:13:15.232000,1611317595.232,$GPGGA,121315.00,6342.683193,N,01058.743910,E,2,12,0.7,12.13,M,40.00,M,7.0,0907*7D
2021:01:22:13:13:17.232000,1611317597.232,$GPGGA,121317.00,6342.683212,N,01058.743806,E,2,12,0.7,12.14,M,40.00,M,9.0,0907*7A
2021:01:22:13:13:18.232000,1611317598.232,$GPGGA,121317.00,6342.683212,N,01058.743806,E,2,12,0.7,12.14,M,40.00,M,9.0,0907*7A
2021:01:22:13:13:19.232000,1611317599.232,$GPGGA,121318.00,6342.683217,N,01058.743737,E,2,12,0.7,12.16,M,40.00,M,10.0,0907*47
2021:01:22:13:13:21.232000,1611317601.232,$GPGGA,121321.00,6342.683246,N,01058.743502,E,2,12,0.7,12.13,M,40.00,M,8.0,0907*71
2021:01:22:13:13:22.233000,1611317602.233,$GPGGA,121322.00,6342.683246,N,01058.743454,E,2,12,0.7,12.14,M,40.00,M,9.0,0907*76
2021:01:22:13:13:23.233000,1611317603.233,$GPGGA,121323.00,6342.683246,N,01058.743467,E,2,12,0.7,12.19,M,40.00,M,10.0,0907*42
2021:01:22:13:13:24.233000,1611317604.233,$GPGGA,121324.00,6342.683259,N,01058.743387,E,2,12,0.7,12.15,M,40.00,M,6.0,0907*79
2021:01:22:13:13:25.233000,1611317605.233,$GPGGA,121325.00,6342.683256,N,01058.743328,E,2,12,0.7,12.14,M,40.00,M,7.0,0907*72
2021:01:22:13:13:26.233000,1611317606.233,$GPGGA,121325.00,6342.683256,N,01058.743328,E,2,12,0.7,12.14,M,40.00,M,7.0,0907*72
2021:01:22:13:13:27.233000,1611317607.233,$GPGGA,121327.00,6342.683269,N,01058.743415,E,2,12,0.7,12.18,M,40.00,M,9.0,0907*77
2021:01:22:13:13:29.233000,1611317609.233,$GPGGA,121328.00,6342.683246,N,01058.743357,E,2,12,0.7,12.18,M,40.00,M,10.0,0907*4C
2021:01:22:13:13:30.233000,1611317610.233,$GPGGA,121329.00,6342.683219,N,01058.743352,E,2,12,0.7,12.18,M,40.00,M,11.0,0907*43
2021:01:22:13:13:31.233000,1611317611.233,$GPGGA,121331.00,6342.683220,N,01058.743424,E,2,12,0.7,12.20,M,40.00,M,6.0,0907*7B
2021:01:22:13:13:33.232000,1611317613.232,$GPGGA,121333.00,6342.683147,N,01058.743355,E,2,12,0.7,12.17,M,40.00,M,8.0,0907*70
2021:01:22:13:13:34.232000,1611317614.232,$GPGGA,121334.00,6342.683146,N,01058.743388,E,2,12,0.7,12.19,M,40.00,M,9.0,0907*79
2021:01:22:13:13:35.232000,1611317615.232,$GPGGA,121335.00,6342.683139,N,01058.743406,E,2,12,0.7,12.18,M,40.00,M,10.0,0907*48
2021:01:22:13:13:37.233000,1611317617.233,$GPGGA,121337.00,6342.683062,N,01058.743362,E,2,12,0.7,12.19,M,40.00,M,7.0,0907*77
2021:01:22:13:13:38.233000,1611317618.233,$GPGGA,121338.00,6342.683039,N,01058.743297,E,2,12,0.7,12.17,M,40.00,M,8.0,0907*7C
2021:01:22:13:13:39.233000,1611317619.233,$GPGGA,121338.00,6342.683039,N,01058.743297,E,2,12,0.7,12.17,M,40.00,M,8.0,0907*7C
2021:01:22:13:13:40.233000,1611317620.233,$GPGGA,121340.00,6342.682977,N,01058.743366,E,2,12,0.7,12.21,M,40.00,M,10.0,0907*42
2021:01:22:13:13:41.233000,1611317621.233,$GPGGA,121341.00,6342.682944,N,01058.743292,E,2,12,0.7,12.16,M,40.00,M,11.0,0907*4C
2021:01:22:13:13:42.233000,1611317622.233,$GPGGA,121342.00,6342.682919,N,01058.743271,E,2,12,0.7,12.17,M,40.00,M,12.0,0907*48
2021:01:22:13:13:43.233000,1611317623.233,$GPGGA,121343.00,6342.682856,N,01058.743256,E,2,12,0.7,12.19,M,40.00,M,13.0,0907*49
2021:01:22:13:13:44.233000,1611317624.233,$GPGGA,121344.00,6342.682850,N,01058.743303,E,2,12,0.7,12.20,M,40.00,M,9.0,0907*78
2021:01:22:13:13:45.233000,1611317625.233,$GPGGA,121345.00,6342.682840,N,01058.743337,E,2,12,0.7,12.18,M,40.00,M,10.0,0907*4C
2021:01:22:13:13:46.233000,1611317626.233,$GPGGA,121346.00,6342.682768,N,01058.743259,E,2,12,0.7,12.18,M,40.00,M,11.0,0907*42
2021:01:22:13:13:47.233000,1611317627.233,$GPGGA,121347.00,6342.682724,N,01058.743221,E,2,12,0.7,12.21,M,40.00,M,7.0,0907*79
2021:01:22:13:13:48.233000,1611317628.233,$GPGGA,121348.00,6342.682731,N,01058.743287,E,2,12,0.7,12.20,M,40.00,M,8.0,0907*70
2021:01:22:13:13:49.233000,1611317629.233,$GPGGA,121349.00,6342.682711,N,01058.743309,E,2,12,0.7,12.17,M,40.00,M,9.0,0907*71
2021:01:22:13:13:50.233000,1611317630.233,$GPGGA,121349.00,6342.682711,N,01058.743309,E,2,12,0.7,12.17,M,40.00,M,9.0,0907*71
2021:01:22:13:13:51.234000,1611317631.234,$GPGGA,121350.00,6342.682657,N,01058.743305,E,2,12,0.7,12.17,M,40.00,M,10.0,0907*4E
2021:01:22:13:13:52.234000,1611317632.234,$GPGGA,121352.00,6342.682652,N,01058.743351,E,2,12,0.7,12.19,M,40.00,M,12.0,0907*44
2021:01:22:13:13:53.234000,1611317633.234,$GPGGA,121353.00,6342.682619,N,01058.743364,E,2,12,0.7,12.17,M,40.00,M,13.0,0907*43
2021:01:22:13:13:54.234000,1611317634.234,$GPGGA,121354.00,6342.682582,N,01058.743326,E,2,12,0.7,12.15,M,40.00,M,14.0,0907*46
2021:01:22:13:13:55.234000,1611317635.234,$GPGGA,121354.00,6342.682582,N,01058.743326,E,2,12,0.7,12.15,M,40.00,M,14.0,0907*46
2021:01:22:13:13:56.234000,1611317636.234,$GPGGA,121355.00,6342.682586,N,01058.743328,E,2,12,0.7,12.15,M,40.00,M,5.0,0907*7D
2021:01:22:13:13:57.234000,1611317637.234,$GPGGA,121356.00,6342.682597,N,01058.743404,E,2,12,0.7,12.18,M,40.00,M,6.0,0907*79
2021:01:22:13:13:58.234000,1611317638.234,$GPGGA,121358.00,6342.682565,N,01058.743413,E,2,12,0.7,12.16,M,40.00,M,8.0,0907*7C
2021:01:22:13:13:59.234000,1611317639.234,$GPGGA,121358.00,6342.682565,N,01058.743413,E,2,12,0.7,12.16,M,40.00,M,8.0,0907*7C
2021:01:22:13:14:00.234000,1611317640.234,$GPGGA,121400.00,6342.682599,N,01058.743479,E,2,12,0.7,12.17,M,40.00,M,10.0,0907*41
2021:01:22:13:14:01.234000,1611317641.234,$GPGGA,121401.00,6342.682596,N,01058.743502,E,2,12,0.7,12.17,M,40.00,M,5.0,0907*76
2021:01:22:13:14:02.234000,1611317642.234,$GPGGA,121402.00,6342.682591,N,01058.743553,E,2,12,0.7,12.16,M,40.00,M,6.0,0907*74
2021:01:22:13:14:03.234000,1611317643.234,$GPGGA,121403.00,6342.682616,N,01058.743558,E,2,12,0.7,12.14,M,40.00,M,7.0,0907*71
2021:01:22:13:14:04.234000,1611317644.234,$GPGGA,121404.00,6342.682614,N,01058.743507,E,2,12,0.7,12.13,M,40.00,M,8.0,0907*76
2021:01:22:13:14:05.235000,1611317645.235,$GPGGA,121405.00,6342.682623,N,01058.743554,E,2,12,0.7,12.15,M,40.00,M,9.0,0907*72
2021:01:22:13:14:06.234000,1611317646.234,$GPGGA,121406.00,6342.682642,N,01058.743632,E,2,12,0.7,12.14,M,40.00,M,10.0,0907*4C
2021:01:22:13:14:07.234000,1611317647.234,$GPGGA,121407.00,6342.682660,N,01058.743629,E,2,12,0.7,12.14,M,40.00,M,6.0,0907*70
2021:01:22:13:14:08.234000,1611317648.234,$GPGGA,121408.00,6342.682672,N,01058.743605,E,2,12,0.7,12.12,M,40.00,M,7.0,0907*75
2021:01:22:13:14:09.234000,1611317649.234,$GPGGA,121409.00,6342.682678,N,01058.743676,E,2,12,0.7,12.17,M,40.00,M,8.0,0907*70
2021:01:22:13:14:11.234000,1611317651.234,$GPGGA,121410.00,6342.682676,N,01058.743693,E,2,12,0.7,12.16,M,40.00,M,9.0,0907*7D
2021:01:22:13:14:12.234000,1611317652.234,$GPGGA,121411.00,6342.682704,N,01058.743639,E,2,12,0.7,12.11,M,40.00,M,10.0,0907*47
2021:01:22:13:14:13.235000,1611317653.235,$GPGGA,121413.00,6342.682691,N,01058.743776,E,2,12,0.7,12.17,M,40.00,M,12.0,0907*46
2021:01:22:13:14:14.234000,1611317654.234,$GPGGA,121414.00,6342.682720,N,01058.743779,E,2,12,0.7,12.12,M,40.00,M,7.0,0907*74
2021:01:22:13:14:15.234000,1611317655.234,$GPGGA,121415.00,6342.682750,N,01058.743812,E,2,12,0.7,12.13,M,40.00,M,8.0,0907*7E
2021:01:22:13:14:16.234000,1611317656.234,$GPGGA,121416.00,6342.682720,N,01058.743841,E,2,12,0.7,12.16,M,40.00,M,9.0,0907*78
2021:01:22:13:14:17.234000,1611317657.234,$GPGGA,121417.00,6342.682711,N,01058.743799,E,2,12,0.7,12.13,M,40.00,M,10.0,0907*4C
2021:01:22:13:14:19.234000,1611317659.234,$GPGGA,121418.00,6342.682736,N,01058.743771,E,2,12,0.7,12.11,M,40.00,M,11.0,0907*43
2021:01:22:13:14:20.235000,1611317660.235,$GPGGA,121420.00,6342.682705,N,01058.743859,E,2,12,0.7,12.17,M,40.00,M,13.0,0907*49
2021:01:22:13:14:21.235000,1611317661.235,$GPGGA,121421.00,6342.682709,N,01058.743775,E,2,12,0.7,12.12,M,40.00,M,9.0,0907*7B
2021:01:22:13:14:23.235000,1611317663.235,$GPGGA,121423.00,6342.682694,N,01058.743810,E,2,12,0.7,12.16,M,40.00,M,11.0,0907*4D
2021:01:22:13:14:24.235000,1611317664.235,$GPGGA,121424.00,6342.682688,N,01058.743802,E,2,12,0.7,12.15,M,40.00,M,7.0,0907*70
2021:01:22:13:14:25.235000,1611317665.235,$GPGGA,121425.00,6342.682684,N,01058.743762,E,2,12,0.7,12.13,M,40.00,M,8.0,0907*7D
2021:01:22:13:14:27.235000,1611317667.235,$GPGGA,121427.00,6342.682682,N,01058.743785,E,2,12,0.7,12.14,M,40.00,M,10.0,0907*4E
2021:01:22:13:14:28.235000,1611317668.235,$GPGGA,121428.00,6342.682673,N,01058.743795,E,2,12,0.7,12.14,M,40.00,M,6.0,0907*79
2021:01:22:13:14:29.235000,1611317669.235,$GPGGA,121428.00,6342.682673,N,01058.743795,E,2,12,0.7,12.14,M,40.00,M,6.0,0907*79
2021:01:22:13:14:31.235000,1611317671.235,$GPGGA,121430.00,6342.682672,N,01058.743780,E,2,12,0.7,12.12,M,40.00,M,8.0,0907*7D
2021:01:22:13:14:32.235000,1611317672.235,$GPGGA,121431.00,6342.682681,N,01058.743839,E,2,12,0.7,12.15,M,40.00,M,9.0,0907*7B
2021:01:22:13:14:33.235000,1611317673.235,$GPGGA,121433.00,6342.682650,N,01058.743810,E,2,12,0.7,12.12,M,40.00,M,11.0,0907*40
2021:01:22:13:14:34.234000,1611317674.234,$GPGGA,121434.00,6342.682648,N,01058.743752,E,2,12,0.7,12.06,M,40.00,M,7.0,0907*75
2021:01:22:13:14:35.236000,1611317675.236,$GPGGA,121435.00,6342.682626,N,01058.743828,E,2,12,0.7,12.15,M,40.00,M,8.0,0907*73
2021:01:22:13:14:36.236000,1611317676.236,$GPGGA,121436.00,6342.682623,N,01058.743892,E,2,12,0.7,12.18,M,40.00,M,9.0,0907*78
2021:01:22:13:14:37.236000,1611317677.236,$GPGGA,121437.00,6342.682630,N,01058.743844,E,2,12,0.7,12.11,M,40.00,M,10.0,0907*41
2021:01:22:13:14:39.235000,1611317679.235,$GPGGA,121439.00,6342.682567,N,01058.743725,E,2,12,0.7,12.16,M,40.00,M,12.0,0907*43
2021:01:22:13:14:40.236000,1611317680.236,$GPGGA,121440.00,6342.682571,N,01058.743688,E,2,12,0.7,12.17,M,40.00,M,13.0,0907*4C
2021:01:22:13:14:41.235000,1611317681.235,$GPGGA,121441.00,6342.682585,N,01058.743675,E,2,12,0.7,12.13,M,40.00,M,14.0,0907*47
2021:01:22:13:14:42.235000,1611317682.235,$GPGGA,121442.00,6342.682551,N,01058.743676,E,2,12,0.7,12.16,M,40.00,M,15.0,0907*4A
2021:01:22:13:14:43.235000,1611317683.235,$GPGGA,121443.00,6342.682537,N,01058.743648,E,2,12,0.7,12.19,M,40.00,M,16.0,0907*4A
2021:01:22:13:14:44.235000,1611317684.235,$GPGGA,121444.00,6342.682561,N,01058.743529,E,2,12,0.7,12.14,M,40.00,M,11.0,0907*40
2021:01:22:13:14:45.235000,1611317685.235,$GPGGA,121445.00,6342.682536,N,01058.743534,E,2,12,0.7,12.13,M,40.00,M,12.0,0907*4B
2021:01:22:13:14:46.235000,1611317686.235,$GPGGA,121446.00,6342.682519,N,01058.743623,E,2,12,0.7,12.19,M,40.00,M,13.0,0907*4B
2021:01:22:13:14:47.235000,1611317687.235,$GPGGA,121447.00,6342.682548,N,01058.743536,E,2,12,0.7,12.14,M,40.00,M,14.0,0907*43
2021:01:22:13:14:48.235000,1611317688.235,$GPGGA,121448.00,6342.682549,N,01058.743458,E,2,12,0.7,12.13,M,40.00,M,5.0,0907*73
2021:01:22:13:14:49.235000,1611317689.235,$GPGGA,121449.00,6342.682512,N,01058.743462,E,2,12,0.7,12.19,M,40.00,M,6.0,0907*7C
2021:01:22:13:14:50.236000,1611317690.236,$GPGGA,121450.00,6342.682523,N,01058.743415,E,2,12,0.7,12.17,M,40.00,M,7.0,0907*79
2021:01:22:13:14:51.236000,1611317691.236,$GPGGA,121451.00,6342.682544,N,01058.743323,E,2,12,0.7,12.13,M,40.00,M,8.0,0907*70
2021:01:22:13:14:52.236000,1611317692.236,$GPGGA,121452.00,6342.682544,N,01058.743326,E,2,12,0.7,12.14,M,40.00,M,9.0,0907*70
2021:01:22:13:14:53.236000,1611317693.236,$GPGGA,121453.00,6342.682566,N,01058.743386,E,2,12,0.7,12.18,M,40.00,M,10.0,0907*4F
2021:01:22:13:14:54.236000,1611317694.236,$GPGGA,121454.00,6342.682605,N,01058.743274,E,2,12,0.7,12.15,M,40.00,M,11.0,0907*4E
2021:01:22:13:14:55.236000,1611317695.236,$GPGGA,121455.00,6342.682624,N,01058.743148,E,2,12,0.7,12.14,M,40.00,M,12.0,0907*42
2021:01:22:13:14:56.236000,1611317696.236,$GPGGA,121456.00,6342.682660,N,01058.743117,E,2,12,0.7,12.18,M,40.00,M,13.0,0907*46
2021:01:22:13:14:57.236000,1611317697.236,$GPGGA,121457.00,6342.682731,N,01058.743049,E,2,12,0.7,12.18,M,40.00,M,14.0,0907*4F
2021:01:22:13:14:58.236000,1611317698.236,$GPGGA,121458.00,6342.682778,N,01058.742875,E,2,12,0.7,12.13,M,40.00,M,7.0,0907*72
2021:01:22:13:14:59.236000,1611317699.236,$GPGGA,121459.00,6342.682815,N,01058.742748,E,2,12,0.7,12.16,M,40.00,M,8.0,0907*7C
2021:01:22:13:15:00.236000,1611317700.236,$GPGGA,121500.00,6342.682906,N,01058.742710,E,2,12,0.7,12.19,M,40.00,M,9.0,0907*71
2021:01:22:13:15:01.236000,1611317701.236,$GPGGA,121501.00,6342.682980,N,01058.742556,E,2,12,0.7,12.15,M,40.00,M,10.0,0907*4A
2021:01:22:13:15:02.236000,1611317702.236,$GPGGA,121502.00,6342.683047,N,01058.742420,E,2,12,0.7,12.12,M,40.00,M,11.0,0907*4C
2021:01:22:13:15:03.236000,1611317703.236,$GPGGA,121503.00,6342.683155,N,01058.742419,E,2,12,0.7,12.17,M,40.00,M,12.0,0907*43
2021:01:22:13:15:04.236000,1611317704.236,$GPGGA,121504.00,6342.683246,N,01058.742294,E,2,12,0.7,12.18,M,40.00,M,13.0,0907*48
2021:01:22:13:15:05.237000,1611317705.237,$GPGGA,121505.00,6342.683325,N,01058.742035,E,2,12,0.7,12.12,M,40.00,M,9.0,0907*75
2021:01:22:13:15:06.236000,1611317706.236,$GPGGA,121506.00,6342.683428,N,01058.741930,E,2,12,0.7,12.15,M,40.00,M,10.0,0907*4C
2021:01:22:13:15:07.236000,1611317707.236,$GPGGA,121507.00,6342.683544,N,01058.741868,E,2,12,0.7,12.19,M,40.00,M,11.0,0907*47
2021:01:22:13:15:08.236000,1611317708.236,$GPGGA,121508.00,6342.683680,N,01058.741681,E,2,12,0.7,12.13,M,40.00,M,7.0,0907*77
2021:01:22:13:15:09.237000,1611317709.237,$GPGGA,121509.00,6342.683825,N,01058.741501,E,2,12,0.7,12.11,M,40.00,M,8.0,0907*71
2021:01:22:13:15:10.236000,1611317710.236,$GPGGA,121510.00,6342.684000,N,01058.741337,E,2,12,0.7,12.15,M,40.00,M,9.0,0907*77
2021:01:22:13:15:11.236000,1611317711.236,$GPGGA,121511.00,6342.684210,N,01058.741154,E,2,12,0.7,12.14,M,40.00,M,5.0,0907*7F
2021:01:22:13:15:13.236000,1611317713.236,$GPGGA,121513.00,6342.684611,N,01058.740598,E,2,12,0.7,12.14,M,40.00,M,7.0,0907*7F
2021:01:22:13:15:14.236000,1611317714.236,$GPGGA,121514.00,6342.684855,N,01058.740285,E,2,12,0.7,12.14,M,40.00,M,8.0,0907*72
2021:01:22:13:15:15.236000,1611317715.236,$GPGGA,121515.00,6342.685142,N,01058.740046,E,2,12,0.7,12.14,M,40.00,M,9.0,0907*71
2021:01:22:13:15:17.236000,1611317717.236,$GPGGA,121517.00,6342.685700,N,01058.739526,E,2,12,0.7,12.12,M,40.00,M,11.0,0907*41
2021:01:22:13:15:18.236000,1611317718.236,$GPGGA,121517.00,6342.685700,N,01058.739526,E,2,12,0.7,12.12,M,40.00,M,11.0,0907*41
2021:01:22:13:15:19.236000,1611317719.236,$GPGGA,121519.00,6342.686373,N,01058.738933,E,2,12,0.7,12.13,M,40.00,M,8.0,0907*7C
2021:01:22:13:15:21.237000,1611317721.237,$GPGGA,121521.00,6342.687048,N,01058.738199,E,2,12,0.7,12.16,M,40.00,M,5.0,0907*7D
2021:01:22:13:15:22.237000,1611317722.237,$GPGGA,121522.00,6342.687441,N,01058.737828,E,2,12,0.7,12.17,M,40.00,M,6.0,0907*7D
2021:01:22:13:15:23.237000,1611317723.237,$GPGGA,121523.00,6342.687860,N,01058.737434,E,2,12,0.7,12.16,M,40.00,M,7.0,0907*72
2021:01:22:13:15:24.237000,1611317724.237,$GPGGA,121524.00,6342.688259,N,01058.737029,E,2,12,0.7,12.17,M,40.00,M,8.0,0907*7C
2021:01:22:13:15:25.237000,1611317725.237,$GPGGA,121525.00,6342.688700,N,01058.736655,E,2,12,0.7,12.20,M,40.00,M,9.0,0907*7D
2021:01:22:13:15:26.237000,1611317726.237,$GPGGA,121526.00,6342.689210,N,01058.736239,E,2,12,0.7,12.15,M,40.00,M,10.0,0907*4B
2021:01:22:13:15:27.237000,1611317727.237,$GPGGA,121527.00,6342.689692,N,01058.735774,E,2,12,0.7,12.16,M,40.00,M,11.0,0907*49
2021:01:22:13:15:29.237000,1611317729.237,$GPGGA,121529.00,6342.690702,N,01058.734738,E,2,12,0.7,12.19,M,40.00,M,8.0,0907*79
2021:01:22:13:15:30.237000,1611317730.237,$GPGGA,121530.00,6342.691238,N,01058.734141,E,2,12,0.7,12.16,M,40.00,M,9.0,0907*7A
2021:01:22:13:15:31.237000,1611317731.237,$GPGGA,121531.00,6342.691786,N,01058.733563,E,2,12,0.7,12.15,M,40.00,M,10.0,0907*43
2021:01:22:13:15:33.237000,1611317733.237,$GPGGA,121533.00,6342.692939,N,01058.732348,E,2,12,0.7,12.17,M,40.00,M,12.0,0907*46
2021:01:22:13:15:34.237000,1611317734.237,$GPGGA,121534.00,6342.693521,N,01058.731594,E,2,12,0.7,12.12,M,40.00,M,13.0,0907*45
2021:01:22:13:15:35.238000,1611317735.238,$GPGGA,121535.00,6342.694113,N,01058.730854,E,2,12,0.7,12.14,M,40.00,M,8.0,0907*7A
2021:01:22:13:15:36.237000,1611317736.237,$GPGGA,121536.00,6342.694721,N,01058.730094,E,2,12,0.7,12.17,M,40.00,M,9.0,0907*78
2021:01:22:13:15:37.238000,1611317737.238,$GPGGA,121537.00,6342.695339,N,01058.729252,E,2,12,0.7,12.16,M,40.00,M,10.0,0907*4C
2021:01:22:13:15:38.237000,1611317738.237,$GPGGA,121538.00,6342.695948,N,01058.728301,E,2,12,0.7,12.14,M,40.00,M,6.0,0907*7C
2021:01:22:13:15:39.238000,1611317739.238,$GPGGA,121539.00,6342.696593,N,01058.727376,E,2,12,0.7,12.13,M,40.00,M,7.0,0907*7D
2021:01:22:13:15:41.237000,1611317741.237,$GPGGA,121541.00,6342.697954,N,01058.725297,E,2,12,0.7,12.15,M,40.00,M,9.0,0907*70
2021:01:22:13:15:42.237000,1611317742.237,$GPGGA,121542.00,6342.698629,N,01058.724115,E,2,12,0.7,12.15,M,40.00,M,10.0,0907*49
2021:01:22:13:15:43.237000,1611317743.237,$GPGGA,121543.00,6342.699266,N,01058.722739,E,2,12,0.7,12.13,M,40.00,M,11.0,0907*4F
2021:01:22:13:15:44.237000,1611317744.237,$GPGGA,121544.00,6342.699904,N,01058.721323,E,2,12,0.7,12.12,M,40.00,M,12.0,0907*49
2021:01:22:13:15:45.237000,1611317745.237,$GPGGA,121545.00,6342.700576,N,01058.719861,E,2,12,0.7,12.14,M,40.00,M,8.0,0907*7B
2021:01:22:13:15:46.237000,1611317746.237,$GPGGA,121546.00,6342.701256,N,01058.718335,E,2,12,0.7,12.12,M,40.00,M,9.0,0907*70
2021:01:22:13:15:47.237000,1611317747.237,$GPGGA,121547.00,6342.701954,N,01058.716795,E,2,12,0.7,12.11,M,40.00,M,10.0,0907*43
2021:01:22:13:15:48.237000,1611317748.237,$GPGGA,121548.00,6342.702674,N,01058.715222,E,2,12,0.7,12.12,M,40.00,M,5.0,0907*7F
2021:01:22:13:15:49.237000,1611317749.237,$GPGGA,121549.00,6342.703392,N,01058.713512,E,2,12,0.7,12.08,M,40.00,M,6.0,0907*78
2021:01:22:13:15:50.238000,1611317750.238,$GPGGA,121550.00,6342.704071,N,01058.711739,E,2,12,0.7,12.10,M,40.00,M,7.0,0907*78
2021:01:22:13:15:51.238000,1611317751.238,$GPGGA,121551.00,6342.704757,N,01058.709891,E,2,12,0.7,12.10,M,40.00,M,8.0,0907*71
2021:01:22:13:15:52.238000,1611317752.238,$GPGGA,121552.00,6342.705472,N,01058.707971,E,2,12,0.7,12.08,M,40.00,M,9.0,0907*7E
2021:01:22:13:15:53.238000,1611317753.238,$GPGGA,121553.00,6342.706203,N,01058.706068,E,2,12,0.7,12.07,M,40.00,M,10.0,0907*4B
2021:01:22:13:15:54.238000,1611317754.238,$GPGGA,121554.00,6342.706931,N,01058.704097,E,2,12,0.7,12.08,M,40.00,M,11.0,0907*4A
2021:01:22:13:15:55.238000,1611317755.238,$GPGGA,121555.00,6342.707698,N,01058.702077,E,2,12,0.7,12.10,M,40.00,M,12.0,0907*44
2021:01:22:13:15:56.238000,1611317756.238,$GPGGA,121556.00,6342.708490,N,01058.700048,E,2,12,0.7,12.08,M,40.00,M,8.0,0907*7E
2021:01:22:13:15:57.238000,1611317757.238,$GPGGA,121557.00,6342.709257,N,01058.697882,E,2,12,0.7,12.06,M,40.00,M,9.0,0907*7D
2021:01:22:13:15:58.238000,1611317758.238,$GPGGA,121558.00,6342.710025,N,01058.695648,E,2,12,0.7,12.06,M,40.00,M,10.0,0907*4F
2021:01:22:13:15:59.238000,1611317759.238,$GPGGA,121559.00,6342.710771,N,01058.693307,E,2,12,0.7,12.08,M,40.00,M,11.0,0907*4F
2021:01:22:13:16:00.238000,1611317760.238,$GPGGA,121600.00,6342.711541,N,01058.690921,E,2,12,0.7,12.09,M,40.00,M,12.0,0907*4F
2021:01:22:13:16:01.238000,1611317761.238,$GPGGA,121601.00,6342.712341,N,01058.688491,E,2,12,0.7,12.08,M,40.00,M,13.0,0907*44
2021:01:22:13:16:02.238000,1611317762.238,$GPGGA,121602.00,6342.713149,N,01058.685974,E,2,12,0.7,12.10,M,40.00,M,9.0,0907*75
2021:01:22:13:16:03.238000,1611317763.238,$GPGGA,121603.00,6342.713949,N,01058.683410,E,2,12,0.7,12.12,M,40.00,M,10.0,0907*4F
2021:01:22:13:16:04.238000,1611317764.238,$GPGGA,121604.00,6342.714733,N,01058.680792,E,2,12,0.7,12.13,M,40.00,M,11.0,0907*46
2021:01:22:13:16:05.239000,1611317765.239,$GPGGA,121605.00,6342.715534,N,01058.678081,E,2,12,0.7,12.12,M,40.00,M,12.0,0907*43
2021:01:22:13:16:06.238000,1611317766.238,$GPGGA,121606.00,6342.716324,N,01058.675315,E,2,12,0.7,12.11,M,40.00,M,7.0,0907*70
2021:01:22:13:16:07.238000,1611317767.238,$GPGGA,121607.00,6342.717109,N,01058.672491,E,2,12,0.7,12.10,M,40.00,M,8.0,0907*7F
2021:01:22:13:16:08.238000,1611317768.238,$GPGGA,121608.00,6342.717905,N,01058.669590,E,2,12,0.7,12.11,M,40.00,M,4.0,0907*73
2021:01:22:13:16:09.238000,1611317769.238,$GPGGA,121609.00,6342.718684,N,01058.666596,E,2,12,0.7,12.10,M,40.00,M,5.0,0907*72
2021:01:22:13:16:10.239000,1611317770.239,$GPGGA,121610.00,6342.719450,N,01058.663625,E,2,12,0.7,12.11,M,40.00,M,6.0,0907*7C
2021:01:22:13:16:11.239000,1611317771.239,$GPGGA,121611.00,6342.720256,N,01058.660597,E,2,12,0.7,12.12,M,40.00,M,7.0,0907*7C
2021:01:22:13:16:12.238000,1611317772.238,$GPGGA,121612.00,6342.721053,N,01058.657471,E,2,12,0.7,12.08,M,40.00,M,8.0,0907*70
2021:01:22:13:16:13.238000,1611317773.238,$GPGGA,121613.00,6342.721803,N,01058.654318,E,2,12,0.7,12.08,M,40.00,M,9.0,0907*76
2021:01:22:13:16:14.238000,1611317774.238,$GPGGA,121614.00,6342.722557,N,01058.651146,E,2,12,0.7,12.09,M,40.01,M,10.0,0907*4A
2021:01:22:13:16:15.238000,1611317775.238,$GPGGA,121615.00,6342.723304,N,01058.647889,E,2,12,0.7,12.06,M,40.01,M,6.0,0907*7F
2021:01:22:13:16:16.238000,1611317776.238,$GPGGA,121616.00,6342.724027,N,01058.644584,E,2,12,0.7,12.03,M,40.01,M,7.0,0907*7E
2021:01:22:13:16:17.238000,1611317777.238,$GPGGA,121617.00,6342.724760,N,01058.641297,E,2,12,0.7,12.05,M,40.01,M,8.0,0907*72
2021:01:22:13:16:19.239000,1611317779.239,$GPGGA,121619.00,6342.726177,N,01058.634500,E,2,12,0.7,12.07,M,40.01,M,10.0,0907*4E
2021:01:22:13:16:20.239000,1611317780.239,$GPGGA,121620.00,6342.726834,N,01058.631070,E,2,12,0.7,12.08,M,40.01,M,11.0,0907*43
2021:01:22:13:16:21.239000,1611317781.239,$GPGGA,121621.00,6342.727505,N,01058.627579,E,2,12,0.8,12.08,M,40.01,M,12.0,0907*4B
2021:01:22:13:16:23.239000,1611317783.239,$GPGGA,121623.00,6342.728763,N,01058.620495,E,2,12,0.8,12.08,M,40.01,M,9.0,0907*7A
2021:01:22:13:16:24.239000,1611317784.239,$GPGGA,121624.00,6342.729347,N,01058.616897,E,2,12,0.8,12.10,M,40.01,M,10.0,0907*44
2021:01:22:13:16:25.239000,1611317785.239,$GPGGA,121625.00,6342.729919,N,01058.613258,E,2,12,0.8,12.08,M,40.01,M,6.0,0907*76
2021:01:22:13:16:27.239000,1611317787.239,$GPGGA,121627.00,6342.731001,N,01058.605966,E,2,12,0.7,12.13,M,40.01,M,8.0,0907*77
2021:01:22:13:16:28.239000,1611317788.239,$GPGGA,121628.00,6342.731508,N,01058.602231,E,2,12,0.7,12.11,M,40.01,M,9.0,0907*79
2021:01:22:13:16:29.239000,1611317789.239,$GPGGA,121629.00,6342.731965,N,01058.598465,E,2,12,0.7,12.11,M,40.01,M,10.0,0907*40
2021:01:22:13:16:30.239000,1611317790.239,$GPGGA,121630.00,6342.732403,N,01058.594729,E,2,12,0.7,12.14,M,40.01,M,11.0,0907*45
2021:01:22:13:16:31.239000,1611317791.239,$GPGGA,121631.00,6342.732854,N,01058.590940,E,2,12,0.7,12.13,M,40.01,M,6.0,0907*7E
2021:01:22:13:16:32.239000,1611317792.239,$GPGGA,121632.00,6342.733255,N,01058.587122,E,2,12,0.7,12.11,M,40.01,M,7.0,0907*7E
2021:01:22:13:16:33.239000,1611317793.239,$GPGGA,121633.00,6342.733620,N,01058.583279,E,2,12,0.7,12.11,M,40.01,M,8.0,0907*7F
2021:01:22:13:16:34.240000,1611317794.24,$GPGGA,121634.00,6342.733965,N,01058.579417,E,2,12,0.7,12.09,M,40.01,M,9.0,0907*75
2021:01:22:13:16:35.240000,1611317795.24,$GPGGA,121635.00,6342.734272,N,01058.575542,E,2,12,0.7,12.08,M,40.01,M,5.0,0907*7E
2021:01:22:13:16:36.240000,1611317796.24,$GPGGA,121636.00,6342.734561,N,01058.571622,E,2,12,0.7,12.08,M,40.01,M,6.0,0907*7A
2021:01:22:13:16:37.240000,1611317797.24,$GPGGA,121637.00,6342.734844,N,01058.567621,E,2,12,0.7,12.06,M,40.01,M,7.0,0907*7A
2021:01:22:13:16:39.239000,1611317799.239,$GPGGA,121639.00,6342.735277,N,01058.559591,E,2,12,0.7,12.07,M,40.01,M,9.0,0907*75
2021:01:22:13:16:40.239000,1611317800.239,$GPGGA,121640.00,6342.735462,N,01058.555475,E,2,12,0.7,12.04,M,40.01,M,10.0,0907*45
2021:01:22:13:16:41.239000,1611317801.239,$GPGGA,121641.00,6342.735611,N,01058.551341,E,2,12,0.7,12.03,M,40.01,M,11.0,0907*40
2021:01:22:13:16:43.239000,1611317803.239,$GPGGA,121643.00,6342.735810,N,01058.542926,E,2,12,0.7,12.04,M,40.01,M,7.0,0907*74
2021:01:22:13:16:44.239000,1611317804.239,$GPGGA,121644.00,6342.735847,N,01058.538688,E,2,12,0.7,12.07,M,40.01,M,8.0,0907*7B
2021:01:22:13:16:45.239000,1611317805.239,$GPGGA,121645.00,6342.735868,N,01058.534349,E,2,12,0.7,12.08,M,40.01,M,9.0,0907*7D
2021:01:22:13:16:47.239000,1611317807.239,$GPGGA,121647.00,6342.735787,N,01058.525502,E,2,12,0.7,12.05,M,40.01,M,11.0,0907*4C
2021:01:22:13:16:48.240000,1611317808.24,$GPGGA,121648.00,6342.735714,N,01058.521040,E,2,12,0.7,12.06,M,40.01,M,12.0,0907*4E
2021:01:22:13:16:49.240000,1611317809.24,$GPGGA,121649.00,6342.735608,N,01058.516505,E,2,12,0.7,12.07,M,40.01,M,8.0,0907*79
2021:01:22:13:16:50.240000,1611317810.24,$GPGGA,121650.00,6342.735426,N,01058.511959,E,2,12,0.7,12.06,M,40.01,M,9.0,0907*7D
2021:01:22:13:16:51.240000,1611317811.24,$GPGGA,121651.00,6342.735181,N,01058.507362,E,2,12,0.7,12.07,M,40.01,M,10.0,0907*48
2021:01:22:13:16:52.240000,1611317812.24,$GPGGA,121652.00,6342.734903,N,01058.502753,E,2,12,0.7,12.06,M,40.01,M,11.0,0907*4B
2021:01:22:13:16:53.240000,1611317813.24,$GPGGA,121653.00,6342.734600,N,01058.498127,E,2,12,0.7,12.05,M,40.01,M,12.0,0907*41
2021:01:22:13:16:54.240000,1611317814.24,$GPGGA,121654.00,6342.734254,N,01058.493420,E,2,12,0.7,12.07,M,40.01,M,13.0,0907*49
2021:01:22:13:16:55.240000,1611317815.24,$GPGGA,121655.00,6342.733855,N,01058.488597,E,2,12,0.7,12.05,M,40.01,M,14.0,0907*46
2021:01:22:13:16:56.240000,1611317816.24,$GPGGA,121656.00,6342.733392,N,01058.483729,E,2,12,0.7,12.04,M,40.01,M,15.0,0907*49
2021:01:22:13:16:57.240000,1611317817.24,$GPGGA,121657.00,6342.732899,N,01058.478815,E,2,12,0.7,12.04,M,40.01,M,16.0,0907*4E
2021:01:22:13:16:58.240000,1611317818.24,$GPGGA,121658.00,6342.732363,N,01058.473817,E,2,12,0.7,12.04,M,40.01,M,17.0,0907*47
2021:01:22:13:16:59.240000,1611317819.24,$GPGGA,121659.00,6342.731803,N,01058.468766,E,2,12,0.7,12.05,M,40.01,M,10.0,0907*4D
2021:01:22:13:17:00.240000,1611317820.24,$GPGGA,121700.00,6342.731207,N,01058.463663,E,2,12,0.7,12.05,M,40.01,M,11.0,0907*40
2021:01:22:13:17:01.240000,1611317821.24,$GPGGA,121701.00,6342.730600,N,01058.458462,E,2,12,0.7,12.04,M,40.01,M,12.0,0907*4A
2021:01:22:13:17:02.240000,1611317822.24,$GPGGA,121702.00,6342.729945,N,01058.453243,E,2,12,0.7,12.03,M,40.01,M,7.0,0907*72
2021:01:22:13:17:03.241000,1611317823.241,$GPGGA,121703.00,6342.729248,N,01058.447991,E,2,12,0.7,12.02,M,40.01,M,8.0,0907*7A
2021:01:22:13:17:04.241000,1611317824.241,$GPGGA,121704.00,6342.728566,N,01058.442649,E,2,12,0.7,12.02,M,40.01,M,9.0,0907*79
2021:01:22:13:17:05.241000,1611317825.241,$GPGGA,121705.00,6342.727877,N,01058.437246,E,2,12,0.7,11.99,M,40.01,M,10.0,0907*4A
2021:01:22:13:17:06.241000,1611317826.241,$GPGGA,121706.00,6342.727149,N,01058.431831,E,2,12,0.7,12.02,M,40.01,M,6.0,0907*77
2021:01:22:13:17:07.241000,1611317827.241,$GPGGA,121707.00,6342.726393,N,01058.426370,E,2,12,0.7,12.03,M,40.01,M,7.0,0907*7A
2021:01:22:13:17:08.241000,1611317828.241,$GPGGA,121708.00,6342.725658,N,01058.420888,E,2,12,0.7,12.02,M,40.01,M,8.0,0907*70
2021:01:22:13:17:09.241000,1611317829.241,$GPGGA,121709.00,6342.724937,N,01058.415292,E,2,12,0.7,12.02,M,40.01,M,4.0,0907*7D
2021:01:22:13:17:10.240000,1611317830.24,$GPGGA,121710.00,6342.724204,N,01058.409694,E,2,12,0.7,12.01,M,40.01,M,5.0,0907*73
2021:01:22:13:17:11.240000,1611317831.24,$GPGGA,121711.00,6342.723473,N,01058.404077,E,2,12,0.7,12.04,M,40.01,M,6.0,0907*73
2021:01:22:13:17:12.240000,1611317832.24,$GPGGA,121712.00,6342.722761,N,01058.398374,E,2,12,0.7,12.02,M,40.01,M,7.0,0907*74
2021:01:22:13:17:13.240000,1611317833.24,$GPGGA,121713.00,6342.722049,N,01058.392643,E,2,12,0.7,11.99,M,40.01,M,8.0,0907*7D
2021:01:22:13:17:14.240000,1611317834.24,$GPGGA,121714.00,6342.721362,N,01058.386885,E,2,12,0.7,12.00,M,40.01,M,9.0,0907*70
2021:01:22:13:17:15.240000,1611317835.24,$GPGGA,121715.00,6342.720684,N,01058.381065,E,2,12,0.7,11.98,M,40.01,M,10.0,0907*46
2021:01:22:13:17:17.241000,1611317837.241,$GPGGA,121717.00,6342.719378,N,01058.369346,E,2,12,0.7,11.99,M,40.01,M,6.0,0907*7A
2021:01:22:13:17:18.241000,1611317838.241,$GPGGA,121718.00,6342.718763,N,01058.363407,E,2,12,0.7,11.97,M,40.01,M,7.0,0907*7D
2021:01:22:13:17:19.241000,1611317839.241,$GPGGA,121719.00,6342.718153,N,01058.357470,E,2,12,0.7,11.99,M,40.01,M,8.0,0907*7F
2021:01:22:13:17:21.241000,1611317841.241,$GPGGA,121721.00,6342.717003,N,01058.345464,E,2,12,0.7,12.00,M,40.01,M,10.0,0907*43
2021:01:22:13:17:22.241000,1611317842.241,$GPGGA,121722.00,6342.716453,N,01058.339423,E,2,12,0.7,11.99,M,40.01,M,6.0,0907*7C
2021:01:22:13:17:23.241000,1611317843.241,$GPGGA,121723.00,6342.715913,N,01058.333342,E,2,12,0.7,11.98,M,40.01,M,7.0,0907*7D
2021:01:22:13:17:24.241000,1611317844.241,$GPGGA,121724.00,6342.715378,N,01058.327275,E,2,12,0.7,11.99,M,40.01,M,8.0,0907*73
2021:01:22:13:17:25.241000,1611317845.241,$GPGGA,121725.00,6342.714850,N,01058.321173,E,2,12,0.7,11.99,M,40.01,M,9.0,0907*70
2021:01:22:13:17:26.241000,1611317846.241,$GPGGA,121726.00,6342.714349,N,01058.315041,E,2,12,0.7,11.99,M,40.02,M,5.0,0907*78
2021:01:22:13:17:27.241000,1611317847.241,$GPGGA,121727.00,6342.713865,N,01058.308909,E,2,12,0.7,11.99,M,40.02,M,6.0,0907*71
2021:01:22:13:17:29.241000,1611317849.241,$GPGGA,121729.00,6342.712971,N,01058.296555,E,2,12,0.7,11.97,M,40.02,M,8.0,0907*79
2021:01:22:13:17:30.241000,1611317850.241,$GPGGA,121730.00,6342.712534,N,01058.290348,E,2,12,0.7,11.98,M,40.02,M,9.0,0907*7E
2021:01:22:13:17:31.242000,1611317851.242,$GPGGA,121731.00,6342.712140,N,01058.284112,E,2,12,0.7,11.97,M,40.02,M,10.0,0907*47
2021:01:22:13:17:33.242000,1611317853.242,$GPGGA,121733.00,6342.711396,N,01058.271624,E,2,12,0.7,11.99,M,40.02,M,7.0,0907*7F
2021:01:22:13:17:34.242000,1611317854.242,$GPGGA,121734.00,6342.711057,N,01058.265349,E,2,12,0.7,11.98,M,40.02,M,8.0,0907*73
2021:01:22:13:17:35.242000,1611317855.242,$GPGGA,121735.00,6342.710739,N,01058.259069,E,2,12,0.7,11.99,M,40.02,M,9.0,0907*72
2021:01:22:13:17:36.242000,1611317856.242,$GPGGA,121736.00,6342.710442,N,01058.252783,E,2,12,0.7,12.00,M,40.02,M,10.0,0907*4D
2021:01:22:13:17:37.242000,1611317857.242,$GPGGA,121737.00,6342.710155,N,01058.246459,E,2,12,0.7,11.98,M,40.02,M,11.0,0907*4D
2021:01:22:13:17:38.242000,1611317858.242,$GPGGA,121738.00,6342.709883,N,01058.240160,E,2,12,0.7,11.97,M,40.02,M,12.0,0907*4D
2021:01:22:13:17:39.242000,1611317859.242,$GPGGA,121739.00,6342.709620,N,01058.233823,E,2,12,0.7,11.97,M,40.02,M,7.0,0907*75
2021:01:22:13:17:41.242000,1611317861.242,$GPGGA,121741.00,6342.709133,N,01058.221154,E,2,12,0.7,11.99,M,40.02,M,9.0,0907*75
2021:01:22:13:17:42.241000,1611317862.241,$GPGGA,121742.00,6342.708909,N,01058.214795,E,2,12,0.7,12.00,M,40.02,M,10.0,0907*40
2021:01:22:13:17:43.241000,1611317863.241,$GPGGA,121743.00,6342.708681,N,01058.208431,E,2,12,0.7,11.99,M,40.02,M,6.0,0907*7A
2021:01:22:13:17:44.241000,1611317864.241,$GPGGA,121744.00,6342.708453,N,01058.202087,E,2,12,0.7,11.99,M,40.02,M,7.0,0907*72
2021:01:22:13:17:45.241000,1611317865.241,$GPGGA,121745.00,6342.708258,N,01058.195721,E,2,12,0.7,11.98,M,40.02,M,8.0,0907*76
2021:01:22:13:17:46.242000,1611317866.242,$GPGGA,121746.00,6342.708121,N,01058.189328,E,2,12,0.7,11.98,M,40.02,M,9.0,0907*79
2021:01:22:13:17:47.242000,1611317867.242,$GPGGA,121747.00,6342.708030,N,01058.182936,E,2,12,0.7,11.98,M,40.02,M,10.0,0907*4F
2021:01:22:13:17:48.242000,1611317868.242,$GPGGA,121748.00,6342.707982,N,01058.176535,E,2,12,0.7,11.99,M,40.02,M,11.0,0907*4B
2021:01:22:13:17:49.242000,1611317869.242,$GPGGA,121749.00,6342.707971,N,01058.170138,E,2,12,0.7,11.99,M,40.02,M,7.0,0907*7E
2021:01:22:13:17:50.242000,1611317870.242,$GPGGA,121750.00,6342.707995,N,01058.163712,E,2,12,0.7,11.99,M,40.02,M,8.0,0907*7F
2021:01:22:13:17:51.242000,1611317871.242,$GPGGA,121751.00,6342.708024,N,01058.157306,E,2,12,0.7,11.99,M,40.02,M,9.0,0907*75
2021:01:22:13:17:52.242000,1611317872.242,$GPGGA,121752.00,6342.708060,N,01058.150928,E,2,12,0.7,12.00,M,40.02,M,10.0,0907*4C
2021:01:22:13:17:53.242000,1611317873.242,$GPGGA,121753.00,6342.708108,N,01058.144514,E,2,12,0.7,11.99,M,40.02,M,11.0,0907*46
2021:01:22:13:17:54.242000,1611317874.242,$GPGGA,121754.00,6342.708162,N,01058.138104,E,2,12,0.7,11.97,M,40.02,M,12.0,0907*4E
2021:01:22:13:17:55.242000,1611317875.242,$GPGGA,121755.00,6342.708245,N,01058.131712,E,2,12,0.7,11.96,M,40.02,M,7.0,0907*74
2021:01:22:13:17:56.242000,1611317876.242,$GPGGA,121756.00,6342.708375,N,01058.125311,E,2,12,0.7,11.97,M,40.02,M,8.0,0907*79
2021:01:22:13:17:57.242000,1611317877.242,$GPGGA,121757.00,6342.708521,N,01058.118931,E,2,12,0.7,11.99,M,40.02,M,9.0,0907*76
2021:01:22:13:17:58.242000,1611317878.242,$GPGGA,121758.00,6342.708656,N,01058.112537,E,2,12,0.7,12.01,M,40.02,M,10.0,0907*40
2021:01:22:13:17:59.242000,1611317879.242,$GPGGA,121759.00,6342.708727,N,01058.106140,E,2,12,0.7,12.01,M,40.02,M,11.0,0907*46
2021:01:22:13:18:00.243000,1611317880.243,$GPGGA,121800.00,6342.708706,N,01058.099741,E,2,12,0.7,11.99,M,40.02,M,12.0,0907*47
2021:01:22:13:18:01.243000,1611317881.243,$GPGGA,121801.00,6342.708604,N,01058.093394,E,2,12,0.7,11.99,M,40.02,M,13.0,0907*42
2021:01:22:13:18:02.243000,1611317882.243,$GPGGA,121802.00,6342.708437,N,01058.087069,E,2,12,0.7,11.99,M,40.02,M,14.0,0907*40
2021:01:22:13:18:03.243000,1611317883.243,$GPGGA,121803.00,6342.708219,N,01058.080768,E,2,12,0.7,11.98,M,40.02,M,5.0,0907*7B
2021:01:22:13:18:04.243000,1611317884.243,$GPGGA,121804.00,6342.707977,N,01058.074435,E,2,12,0.7,11.97,M,40.02,M,6.0,0907*7C
2021:01:22:13:18:05.243000,1611317885.243,$GPGGA,121805.00,6342.707692,N,01058.068159,E,2,12,0.7,11.96,M,40.02,M,7.0,0907*7B
2021:01:22:13:18:06.243000,1611317886.243,$GPGGA,121806.00,6342.707401,N,01058.061871,E,2,12,0.7,11.98,M,40.02,M,8.0,0907*7B
2021:01:22:13:18:07.243000,1611317887.243,$GPGGA,121807.00,6342.707088,N,01058.055571,E,2,12,0.7,11.97,M,40.02,M,9.0,0907*7B
2021:01:22:13:18:08.243000,1611317888.243,$GPGGA,121808.00,6342.706710,N,01058.049303,E,2,12,0.7,11.98,M,40.02,M,10.0,0907*4A
2021:01:22:13:18:09.243000,1611317889.243,$GPGGA,121809.00,6342.706290,N,01058.043063,E,2,12,0.7,11.99,M,40.02,M,6.0,0907*7F
2021:01:22:13:18:10.243000,1611317890.243,$GPGGA,121810.00,6342.705812,N,01058.036836,E,2,12,0.7,11.98,M,40.02,M,7.0,0907*7E
2021:01:22:13:18:11.243000,1611317891.243,$GPGGA,121811.00,6342.705288,N,01058.030626,E,2,12,0.7,11.97,M,40.02,M,8.0,0907*7F
2021:01:22:13:18:12.243000,1611317892.243,$GPGGA,121812.00,6342.704721,N,01058.024483,E,2,12,0.7,11.98,M,40.02,M,9.0,0907*7D
2021:01:22:13:18:13.242000,1611317893.242,$GPGGA,121813.00,6342.704124,N,01058.018323,E,2,12,0.7,11.99,M,40.02,M,10.0,0907*44
2021:01:22:13:18:14.242000,1611317894.242,$GPGGA,121814.00,6342.703483,N,01058.012206,E,2,12,0.7,12.00,M,40.02,M,11.0,0907*42
2021:01:22:13:18:15.243000,1611317895.243,$GPGGA,121815.00,6342.702765,N,01058.006138,E,2,12,0.7,12.00,M,40.02,M,12.0,0907*41
2021:01:22:13:18:16.243000,1611317896.243,$GPGGA,121816.00,6342.701987,N,01058.000149,E,2,12,0.7,12.01,M,40.02,M,7.0,0907*76
2021:01:22:13:18:17.243000,1611317897.243,$GPGGA,121817.00,6342.701180,N,01057.994156,E,2,12,0.7,12.01,M,40.02,M,8.0,0907*72
2021:01:22:13:18:18.243000,1611317898.243,$GPGGA,121818.00,6342.700353,N,01057.988164,E,2,12,0.7,11.99,M,40.02,M,9.0,0907*7F
2021:01:22:13:18:19.243000,1611317899.243,$GPGGA,121819.00,6342.699497,N,01057.982202,E,2,12,0.7,11.99,M,40.02,M,10.0,0907*41
2021:01:22:13:18:20.243000,1611317900.243,$GPGGA,121820.00,6342.698626,N,01057.976258,E,2,12,0.7,12.00,M,40.02,M,6.0,0907*72
2021:01:22:13:18:21.243000,1611317901.243,$GPGGA,121821.00,6342.697737,N,01057.970316,E,2,12,0.7,12.01,M,40.03,M,7.0,0907*71
2021:01:22:13:18:23.243000,1611317903.243,$GPGGA,121823.00,6342.695937,N,01057.958440,E,2,12,0.7,12.01,M,40.03,M,9.0,0907*7F
2021:01:22:13:18:24.243000,1611317904.243,$GPGGA,121824.00,6342.695015,N,01057.952488,E,2,12,0.7,12.03,M,40.03,M,10.0,0907*45
2021:01:22:13:18:25.243000,1611317905.243,$GPGGA,121825.00,6342.694068,N,01057.946564,E,2,12,0.7,12.02,M,40.03,M,11.0,0907*49
2021:01:22:13:18:26.243000,1611317906.243,$GPGGA,121826.00,6342.693110,N,01057.940648,E,2,12,0.7,12.00,M,40.03,M,7.0,0907*7D
2021:01:22:13:18:27.243000,1611317907.243,$GPGGA,121827.00,6342.692141,N,01057.934725,E,2,12,0.7,12.00,M,40.03,M,8.0,0907*7F
2021:01:22:13:18:28.243000,1611317908.243,$GPGGA,121828.00,6342.691162,N,01057.928800,E,2,12,0.7,12.00,M,40.03,M,9.0,0907*76
2021:01:22:13:18:29.243000,1611317909.243,$GPGGA,121829.00,6342.690189,N,01057.922864,E,2,12,0.7,12.00,M,40.03,M,10.0,0907*43
2021:01:22:13:18:31.244000,1611317911.244,$GPGGA,121831.00,6342.688211,N,01057.911007,E,2,12,0.7,11.99,M,40.03,M,7.0,0907*79
2021:01:22:13:18:32.244000,1611317912.244,$GPGGA,121832.00,6342.687223,N,01057.905058,E,2,12,0.7,12.02,M,40.03,M,8.0,0907*75
2021:01:22:13:18:33.244000,1611317913.244,$GPGGA,121833.00,6342.686226,N,01057.899112,E,2,12,0.7,12.01,M,40.03,M,9.0,0907*79
2021:01:22:13:18:34.244000,1611317914.244,$GPGGA,121834.00,6342.685208,N,01057.893182,E,2,12,0.7,12.00,M,40.03,M,10.0,0907*4B
2021:01:22:13:18:35.244000,1611317915.244,$GPGGA,121835.00,6342.684207,N,01057.887234,E,2,12,0.7,11.99,M,40.03,M,11.0,0907*4D
2021:01:22:13:18:36.244000,1611317916.244,$GPGGA,121836.00,6342.683204,N,01057.881259,E,2,12,0.7,12.00,M,40.03,M,6.0,0907*72
2021:01:22:13:18:37.244000,1611317917.244,$GPGGA,121837.00,6342.682195,N,01057.875296,E,2,12,0.7,12.00,M,40.03,M,7.0,0907*70
2021:01:22:13:18:39.244000,1611317919.244,$GPGGA,121839.00,6342.680155,N,01057.863389,E,2,12,0.7,11.99,M,40.03,M,9.0,0907*75
2021:01:22:13:18:40.244000,1611317920.244,$GPGGA,121840.00,6342.679158,N,01057.857422,E,2,12,0.7,11.99,M,40.03,M,5.0,0907*7D
2021:01:22:13:18:41.244000,1611317921.244,$GPGGA,121841.00,6342.678165,N,01057.851449,E,2,12,0.7,11.99,M,40.03,M,6.0,0907*7B
2021:01:22:13:18:43.243000,1611317923.243,$GPGGA,121843.00,6342.676140,N,01057.839503,E,2,12,0.7,11.99,M,40.03,M,8.0,0907*7F
2021:01:22:13:18:44.243000,1611317924.243,$GPGGA,121844.00,6342.675126,N,01057.833521,E,2,12,0.7,11.99,M,40.03,M,9.0,0907*70
2021:01:22:13:18:45.244000,1611317925.244,$GPGGA,121845.00,6342.674132,N,01057.827528,E,2,12,0.7,12.01,M,40.03,M,10.0,0907*43
2021:01:22:13:18:46.244000,1611317926.244,$GPGGA,121846.00,6342.673154,N,01057.821520,E,2,12,0.7,12.00,M,40.03,M,6.0,0907*7F
2021:01:22:13:18:47.245000,1611317927.245,$GPGGA,121847.00,6342.672159,N,01057.815510,E,2,12,0.7,11.99,M,40.03,M,7.0,0907*74
2021:01:22:13:18:48.244000,1611317928.244,$GPGGA,121848.00,6342.671160,N,01057.809513,E,2,12,0.7,11.99,M,40.03,M,8.0,0907*73
2021:01:22:13:18:49.244000,1611317929.244,$GPGGA,121849.00,6342.670164,N,01057.803496,E,2,12,0.7,11.99,M,40.03,M,9.0,0907*70
2021:01:22:13:18:51.244000,1611317931.244,$GPGGA,121851.00,6342.668214,N,01057.791457,E,2,12,0.7,12.01,M,40.03,M,11.0,0907*46
2021:01:22:13:18:52.244000,1611317932.244,$GPGGA,121852.00,6342.667254,N,01057.785420,E,2,12,0.7,12.01,M,40.03,M,12.0,0907*48
2021:01:22:13:18:53.244000,1611317933.244,$GPGGA,121853.00,6342.666300,N,01057.779358,E,2,12,0.7,12.00,M,40.03,M,13.0,0907*43
2021:01:22:13:18:54.244000,1611317934.244,$GPGGA,121854.00,6342.665363,N,01057.773304,E,2,12,0.7,11.99,M,40.03,M,14.0,0907*45
2021:01:22:13:18:55.244000,1611317935.244,$GPGGA,121855.00,6342.664431,N,01057.767227,E,2,12,0.7,12.00,M,40.03,M,15.0,0907*42
2021:01:22:13:18:56.244000,1611317936.244,$GPGGA,121856.00,6342.663503,N,01057.761147,E,2,12,0.7,12.01,M,40.03,M,16.0,0907*47
2021:01:22:13:18:57.244000,1611317937.244,$GPGGA,121857.00,6342.662569,N,01057.755077,E,2,12,0.7,12.03,M,40.03,M,17.0,0907*4D
2021:01:22:13:18:58.244000,1611317938.244,$GPGGA,121858.00,6342.661609,N,01057.749042,E,2,12,0.7,12.01,M,40.03,M,18.0,0907*42
2021:01:22:13:18:59.244000,1611317939.244,$GPGGA,121859.00,6342.660659,N,01057.742987,E,2,12,0.7,12.00,M,40.03,M,19.0,0907*4C
2021:01:22:13:19:00.245000,1611317940.245,$GPGGA,121900.00,6342.659734,N,01057.736918,E,2,12,0.7,12.01,M,40.03,M,14.0,0907*48
2021:01:22:13:19:01.245000,1611317941.245,$GPGGA,121901.00,6342.658816,N,01057.730833,E,2,12,0.7,12.00,M,40.03,M,15.0,0907*49
2021:01:22:13:19:02.245000,1611317942.245,$GPGGA,121902.00,6342.657926,N,01057.724752,E,2,12,0.7,11.99,M,40.03,M,16.0,0907*4A
2021:01:22:13:19:03.245000,1611317943.245,$GPGGA,121903.00,6342.657032,N,01057.718655,E,2,12,0.7,11.98,M,40.03,M,17.0,0907*4E
2021:01:22:13:19:04.245000,1611317944.245,$GPGGA,121904.00,6342.656116,N,01057.712600,E,2,12,0.7,12.01,M,40.03,M,18.0,0907*49
2021:01:22:13:19:05.245000,1611317945.245,$GPGGA,121905.00,6342.655193,N,01057.706521,E,2,12,0.7,12.00,M,40.03,M,19.0,0907*43
2021:01:22:13:19:06.245000,1611317946.245,$GPGGA,121906.00,6342.654262,N,01057.700464,E,2,12,0.7,11.97,M,40.03,M,20.0,0907*4D
2021:01:22:13:19:07.245000,1611317947.245,$GPGGA,121907.00,6342.653336,N,01057.694436,E,2,12,0.7,11.98,M,40.03,M,13.0,0907*4F
2021:01:22:13:19:08.245000,1611317948.245,$GPGGA,121908.00,6342.652389,N,01057.688375,E,2,12,0.7,11.98,M,40.03,M,14.0,0907*4F
2021:01:22:13:19:09.245000,1611317949.245,$GPGGA,121909.00,6342.651445,N,01057.682355,E,2,12,0.7,11.97,M,40.03,M,9.0,0907*71
2021:01:22:13:19:10.245000,1611317950.245,$GPGGA,121910.00,6342.650517,N,01057.676298,E,2,12,0.7,11.99,M,40.03,M,5.0,0907*77
2021:01:22:13:19:11.245000,1611317951.245,$GPGGA,121911.00,6342.649618,N,01057.670228,E,2,12,0.7,11.99,M,40.03,M,6.0,0907*7C
2021:01:22:13:19:12.245000,1611317952.245,$GPGGA,121912.00,6342.648727,N,01057.664146,E,2,12,0.7,11.98,M,40.03,M,7.0,0907*7D
2021:01:22:13:19:13.245000,1611317953.245,$GPGGA,121913.00,6342.647831,N,01057.658117,E,2,12,0.7,12.00,M,40.03,M,8.0,0907*7D
2021:01:22:13:19:14.244000,1611317954.244,$GPGGA,121914.00,6342.646898,N,01057.652085,E,2,12,0.7,11.99,M,40.03,M,9.0,0907*7A
2021:01:22:13:19:15.245000,1611317955.245,$GPGGA,121915.00,6342.645973,N,01057.646065,E,2,12,0.7,11.98,M,40.03,M,10.0,0907*4E
2021:01:22:13:19:16.246000,1611317956.246,$GPGGA,121916.00,6342.645033,N,01057.640043,E,2,12,0.7,11.97,M,40.03,M,11.0,0907*4C
2021:01:22:13:19:17.245000,1611317957.245,$GPGGA,121917.00,6342.644090,N,01057.634036,E,2,12,0.7,11.98,M,40.03,M,7.0,0907*7C
2021:01:22:13:19:18.245000,1611317958.245,$GPGGA,121918.00,6342.643181,N,01057.627990,E,2,12,0.7,11.97,M,40.04,M,8.0,0907*75
2021:01:22:13:19:19.245000,1611317959.245,$GPGGA,121919.00,6342.642250,N,01057.621978,E,2,12,0.7,11.97,M,40.04,M,9.0,0907*7B
2021:01:22:13:19:21.245000,1611317961.245,$GPGGA,121921.00,6342.640384,N,01057.609921,E,2,12,0.7,11.99,M,40.04,M,6.0,0907*7D
2021:01:22:13:19:22.245000,1611317962.245,$GPGGA,121922.00,6342.639465,N,01057.603904,E,2,12,0.7,12.00,M,40.04,M,7.0,0907*77
2021:01:22:13:19:23.245000,1611317963.245,$GPGGA,121923.00,6342.638530,N,01057.597888,E,2,12,0.7,11.98,M,40.04,M,8.0,0907*70
2021:01:22:13:19:24.245000,1611317964.245,$GPGGA,121924.00,6342.637575,N,01057.591876,E,2,12,0.7,11.98,M,40.04,M,9.0,0907*7F
2021:01:22:13:19:25.245000,1611317965.245,$GPGGA,121925.00,6342.636613,N,01057.585860,E,2,12,0.7,11.98,M,40.04,M,10.0,0907*46
2021:01:22:13:19:26.245000,1611317966.245,$GPGGA,121926.00,6342.635676,N,01057.579844,E,2,12,0.7,11.99,M,40.04,M,11.0,0907*40
2021:01:22:13:19:27.245000,1611317967.245,$GPGGA,121927.00,6342.634738,N,01057.573788,E,2,12,0.7,11.98,M,40.04,M,7.0,0907*78
2021:01:22:13:19:29.245000,1611317969.245,$GPGGA,121929.00,6342.632846,N,01057.561708,E,2,12,0.7,12.00,M,40.04,M,9.0,0907*71
2021:01:22:13:19:30.246000,1611317970.246,$GPGGA,121930.00,6342.631885,N,01057.555676,E,2,12,0.7,12.00,M,40.04,M,4.0,0907*77
2021:01:22:13:19:31.246000,1611317971.246,$GPGGA,121931.00,6342.630931,N,01057.549619,E,2,12,0.7,12.00,M,40.04,M,5.0,0907*7C
2021:01:22:13:19:33.246000,1611317973.246,$GPGGA,121933.00,6342.629033,N,01057.537480,E,2,12,0.7,11.97,M,40.04,M,7.0,0907*79
2021:01:22:13:19:34.246000,1611317974.246,$GPGGA,121934.00,6342.628093,N,01057.531426,E,2,12,0.7,11.99,M,40.04,M,8.0,0907*7E
2021:01:22:13:19:35.246000,1611317975.246,$GPGGA,121935.00,6342.627153,N,01057.525342,E,2,12,0.7,12.00,M,40.04,M,9.0,0907*7F
2021:01:22:13:19:36.246000,1611317976.246,$GPGGA,121936.00,6342.626221,N,01057.519271,E,2,12,0.7,12.00,M,40.04,M,10.0,0907*4D
2021:01:22:13:19:37.246000,1611317977.246,$GPGGA,121937.00,6342.625276,N,01057.513206,E,2,12,0.7,11.99,M,40.04,M,6.0,0907*73
2021:01:22:13:19:38.246000,1611317978.246,$GPGGA,121938.00,6342.624318,N,01057.507127,E,2,12,0.7,11.99,M,40.04,M,7.0,0907*70
2021:01:22:13:19:39.246000,1611317979.246,$GPGGA,121939.00,6342.623369,N,01057.501069,E,2,12,0.7,12.00,M,40.04,M,8.0,0907*71
2021:01:22:13:19:41.246000,1611317981.246,$GPGGA,121941.00,6342.621442,N,01057.488950,E,2,12,0.7,12.00,M,40.04,M,10.0,0907*48
2021:01:22:13:19:42.246000,1611317982.246,$GPGGA,121942.00,6342.620478,N,01057.482898,E,2,12,0.7,12.00,M,40.04,M,11.0,0907*4D
2021:01:22:13:19:43.246000,1611317983.246,$GPGGA,121943.00,6342.619517,N,01057.476832,E,2,12,0.7,12.00,M,40.04,M,12.0,0907*46
2021:01:22:13:19:44.246000,1611317984.246,$GPGGA,121944.00,6342.618549,N,01057.470793,E,2,12,0.7,11.98,M,40.04,M,7.0,0907*7F
2021:01:22:13:19:45.247000,1611317985.247,$GPGGA,121945.00,6342.617579,N,01057.464752,E,2,12,0.7,11.98,M,40.04,M,8.0,0907*75
2021:01:22:13:19:46.246000,1611317986.246,$GPGGA,121946.00,6342.616610,N,01057.458703,E,2,12,0.7,11.97,M,40.04,M,9.0,0907*7E
2021:01:22:13:19:47.246000,1611317987.246,$GPGGA,121947.00,6342.615634,N,01057.452654,E,2,12,0.7,11.95,M,40.04,M,10.0,0907*49
2021:01:22:13:19:48.246000,1611317988.246,$GPGGA,121948.00,6342.614656,N,01057.446641,E,2,12,0.7,11.98,M,40.04,M,11.0,0907*4E
2021:01:22:13:19:49.247000,1611317989.247,$GPGGA,121949.00,6342.613698,N,01057.440588,E,2,12,0.7,11.97,M,40.04,M,12.0,0907*46
2021:01:22:13:19:50.246000,1611317990.246,$GPGGA,121950.00,6342.612729,N,01057.434510,E,2,12,0.7,11.96,M,40.04,M,8.0,0907*7C
2021:01:22:13:19:51.246000,1611317991.246,$GPGGA,121951.00,6342.611773,N,01057.428481,E,2,12,0.7,11.97,M,40.04,M,9.0,0907*75
2021:01:22:13:19:53.246000,1611317993.246,$GPGGA,121953.00,6342.609832,N,01057.416429,E,2,12,0.7,11.98,M,40.04,M,11.0,0907*4D
2021:01:22:13:19:54.246000,1611317994.246,$GPGGA,121954.00,6342.608886,N,01057.410391,E,2,12,0.7,11.99,M,40.04,M,12.0,0907*44
2021:01:22:13:19:55.246000,1611317995.246,$GPGGA,121955.00,6342.607953,N,01057.404350,E,2,12,0.7,11.99,M,40.04,M,13.0,0907*4A
2021:01:22:13:19:56.246000,1611317996.246,$GPGGA,121956.00,6342.606997,N,01057.398296,E,2,12,0.7,11.98,M,40.04,M,9.0,0907*73
2021:01:22:13:19:57.246000,1611317997.246,$GPGGA,121957.00,6342.606029,N,01057.392285,E,2,12,0.7,11.97,M,40.04,M,10.0,0907*41
2021:01:22:13:19:58.246000,1611317998.246,$GPGGA,121958.00,6342.605073,N,01057.386269,E,2,12,0.7,11.99,M,40.04,M,11.0,0907*4A
2021:01:22:13:19:59.246000,1611317999.246,$GPGGA,121959.00,6342.604134,N,01057.380239,E,2,12,0.7,11.99,M,40.04,M,12.0,0907*48
2021:01:22:13:20:00.247000,1611318000.247,$GPGGA,122000.00,6342.603211,N,01057.374172,E,2,12,0.7,11.98,M,40.04,M,6.0,0907*7E
2021:01:22:13:20:01.247000,1611318001.247,$GPGGA,122001.00,6342.602277,N,01057.368124,E,2,12,0.7,11.98,M,40.04,M,7.0,0907*71
2021:01:22:13:20:02.247000,1611318002.247,$GPGGA,122002.00,6342.601327,N,01057.362079,E,2,12,0.7,11.98,M,40.04,M,8.0,0907*79
2021:01:22:13:20:03.247000,1611318003.247,$GPGGA,122003.00,6342.600399,N,01057.356019,E,2,12,0.7,11.99,M,40.04,M,9.0,0907*7D
2021:01:22:13:20:04.247000,1611318004.247,$GPGGA,122004.00,6342.599462,N,01057.349958,E,2,12,0.7,11.98,M,40.04,M,6.0,0907*76
2021:01:22:13:20:05.247000,1611318005.247,$GPGGA,122005.00,6342.598519,N,01057.343919,E,2,12,0.7,11.99,M,40.04,M,7.0,0907*74
2021:01:22:13:20:06.247000,1611318006.247,$GPGGA,122006.00,6342.597577,N,01057.337857,E,2,12,0.7,11.98,M,40.04,M,8.0,0907*76
2021:01:22:13:20:07.247000,1611318007.247,$GPGGA,122007.00,6342.596612,N,01057.331815,E,2,12,0.7,11.98,M,40.04,M,9.0,0907*77
2021:01:22:13:20:08.247000,1611318008.247,$GPGGA,122008.00,6342.595662,N,01057.325780,E,2,12,0.7,11.99,M,40.04,M,5.0,0907*77
2021:01:22:13:20:09.247000,1611318009.247,$GPGGA,122009.00,6342.594733,N,01057.319726,E,2,12,0.7,11.98,M,40.04,M,6.0,0907*73
2021:01:22:13:20:10.247000,1611318010.247,$GPGGA,122010.00,6342.593806,N,01057.313674,E,2,12,0.7,11.97,M,40.04,M,7.0,0907*77
2021:01:22:13:20:11.247000,1611318011.247,$GPGGA,122011.00,6342.592852,N,01057.307633,E,2,12,0.7,11.99,M,40.04,M,8.0,0907*71
2021:01:22:13:20:12.247000,1611318012.247,$GPGGA,122012.00,6342.591894,N,01057.301598,E,2,12,0.7,11.99,M,40.04,M,9.0,0907*7E
2021:01:22:13:20:13.247000,1611318013.247,$GPGGA,122013.00,6342.590949,N,01057.295542,E,2,12,0.7,11.99,M,40.04,M,10.0,0907*4C
2021:01:22:13:20:14.247000,1611318014.247,$GPGGA,122014.00,6342.590019,N,01057.289492,E,2,12,0.7,11.99,M,40.04,M,6.0,0907*71
2021:01:22:13:20:15.248000,1611318015.248,$GPGGA,122015.00,6342.589092,N,01057.283457,E,2,12,0.7,12.01,M,40.05,M,7.0,0907*7A
2021:01:22:13:20:16.248000,1611318016.248,$GPGGA,122016.00,6342.588135,N,01057.277402,E,2,12,0.7,11.99,M,40.05,M,8.0,0907*72
2021:01:22:13:20:17.248000,1611318017.248,$GPGGA,122017.00,6342.587177,N,01057.271368,E,2,12,0.7,11.99,M,40.05,M,9.0,0907*76
2021:01:22:13:20:18.247000,1611318018.247,$GPGGA,122018.00,6342.586231,N,01057.265343,E,2,12,0.7,12.00,M,40.05,M,10.0,0907*4E
2021:01:22:13:20:19.247000,1611318019.247,$GPGGA,122019.00,6342.585287,N,01057.259313,E,2,12,0.7,11.99,M,40.05,M,11.0,0907*49
2021:01:22:13:20:20.247000,1611318020.247,$GPGGA,122020.00,6342.584354,N,01057.253278,E,2,12,0.7,11.98,M,40.05,M,12.0,0907*49
2021:01:22:13:20:21.247000,1611318021.247,$GPGGA,122021.00,6342.583423,N,01057.247238,E,2,12,0.7,11.99,M,40.05,M,8.0,0907*73
2021:01:22:13:20:23.247000,1611318023.247,$GPGGA,122023.00,6342.581514,N,01057.235179,E,2,12,0.7,11.98,M,40.05,M,10.0,0907*4D
2021:01:22:13:20:24.247000,1611318024.247,$GPGGA,122024.00,6342.580572,N,01057.229162,E,2,12,0.7,11.97,M,40.05,M,6.0,0907*74
2021:01:22:13:20:25.247000,1611318025.247,$GPGGA,122025.00,6342.579658,N,01057.223126,E,2,12,0.7,12.00,M,40.05,M,7.0,0907*7E
2021:01:22:13:20:26.247000,1611318026.247,$GPGGA,122026.00,6342.578712,N,01057.217081,E,2,12,0.7,12.01,M,40.05,M,8.0,0907*76
2021:01:22:13:20:27.247000,1611318027.247,$GPGGA,122027.00,6342.577745,N,01057.211054,E,2,12,0.7,11.98,M,40.05,M,4.0,0907*7B
2021:01:22:13:20:28.247000,1611318028.247,$GPGGA,122028.00,6342.576799,N,01057.205045,E,2,12,0.7,11.98,M,40.05,M,5.0,0907*70
2021:01:22:13:20:29.247000,1611318029.247,$GPGGA,122029.00,6342.575856,N,01057.199014,E,2,12,0.7,12.00,M,40.05,M,6.0,0907*7D
2021:01:22:13:20:31.248000,1611318031.248,$GPGGA,122031.00,6342.573973,N,01057.186925,E,2,12,0.7,11.98,M,40.05,M,8.0,0907*7D
2021:01:22:13:20:32.248000,1611318032.248,$GPGGA,122032.00,6342.573038,N,01057.180875,E,2,12,0.7,12.00,M,40.05,M,9.0,0907*79
2021:01:22:13:20:33.248000,1611318033.248,$GPGGA,122033.00,6342.572084,N,01057.174860,E,2,12,0.7,12.02,M,40.05,M,4.0,0907*7E
2021:01:22:13:20:34.248000,1611318034.248,$GPGGA,122034.00,6342.571127,N,01057.168821,E,2,12,0.7,12.00,M,40.05,M,5.0,0907*79
2021:01:22:13:20:35.248000,1611318035.248,$GPGGA,122035.00,6342.570193,N,01057.162778,E,2,12,0.7,12.00,M,40.05,M,6.0,0907*7C
2021:01:22:13:20:36.248000,1611318036.248,$GPGGA,122036.00,6342.569257,N,01057.156730,E,2,12,0.7,12.00,M,40.05,M,7.0,0907*76
2021:01:22:13:20:37.248000,1611318037.248,$GPGGA,122037.00,6342.568297,N,01057.150704,E,2,12,0.7,12.01,M,40.05,M,8.0,0907*75
2021:01:22:13:20:39.248000,1611318039.248,$GPGGA,122039.00,6342.566391,N,01057.138618,E,2,12,0.7,11.99,M,40.05,M,10.0,0907*4B
2021:01:22:13:20:40.248000,1611318040.248,$GPGGA,122040.00,6342.565441,N,01057.132585,E,2,12,0.7,11.99,M,40.05,M,11.0,0907*40
2021:01:22:13:20:41.248000,1611318041.248,$GPGGA,122041.00,6342.564510,N,01057.126528,E,2,12,0.7,11.99,M,40.05,M,7.0,0907*70
2021:01:22:13:20:42.248000,1611318042.248,$GPGGA,122042.00,6342.563562,N,01057.120490,E,2,12,0.7,11.98,M,40.05,M,8.0,0907*7B
2021:01:22:13:20:43.248000,1611318043.248,$GPGGA,122043.00,6342.562598,N,01057.114444,E,2,12,0.7,11.98,M,40.05,M,9.0,0907*71
2021:01:22:13:20:44.248000,1611318044.248,$GPGGA,122044.00,6342.561673,N,01057.108377,E,2,12,0.7,12.00,M,40.05,M,10.0,0907*43
2021:01:22:13:20:45.249000,1611318045.249,$GPGGA,122045.00,6342.560733,N,01057.102348,E,2,12,0.7,11.99,M,40.05,M,6.0,0907*74
2021:01:22:13:20:46.249000,1611318046.249,$GPGGA,122046.00,6342.559796,N,01057.096301,E,2,12,0.7,12.00,M,40.05,M,7.0,0907*71
2021:01:22:13:20:47.248000,1611318047.248,$GPGGA,122047.00,6342.558876,N,01057.090221,E,2,12,0.7,12.00,M,40.05,M,8.0,0907*7A
2021:01:22:13:20:48.248000,1611318048.248,$GPGGA,122048.00,6342.557937,N,01057.084172,E,2,12,0.7,12.00,M,40.05,M,9.0,0907*7F
2021:01:22:13:20:49.248000,1611318049.248,$GPGGA,122049.00,6342.556988,N,01057.078154,E,2,12,0.7,12.00,M,40.05,M,10.0,0907*44
2021:01:22:13:20:51.248000,1611318051.248,$GPGGA,122051.00,6342.555123,N,01057.066076,E,2,12,0.7,12.00,M,40.05,M,12.0,0907*4B
2021:01:22:13:20:52.248000,1611318052.248,$GPGGA,122052.00,6342.554204,N,01057.060012,E,2,12,0.7,12.00,M,40.05,M,13.0,0907*4A
2021:01:22:13:20:53.249000,1611318053.249,$GPGGA,122053.00,6342.553275,N,01057.053967,E,2,12,0.7,11.99,M,40.05,M,14.0,0907*45
2021:01:22:13:20:54.248000,1611318054.248,$GPGGA,122054.00,6342.552342,N,01057.047953,E,2,12,0.7,11.98,M,40.05,M,10.0,0907*41
2021:01:22:13:20:55.248000,1611318055.248,$GPGGA,122055.00,6342.551413,N,01057.041916,E,2,12,0.7,12.00,M,40.05,M,11.0,0907*44
2021:01:22:13:20:56.248000,1611318056.248,$GPGGA,122056.00,6342.550496,N,01057.035867,E,2,12,0.7,12.00,M,40.05,M,12.0,0907*4C
2021:01:22:13:20:57.248000,1611318057.248,$GPGGA,122057.00,6342.549561,N,01057.029825,E,2,12,0.7,11.99,M,40.05,M,13.0,0907*45
2021:01:22:13:20:58.248000,1611318058.248,$GPGGA,122058.00,6342.548604,N,01057.023819,E,2,12,0.7,11.97,M,40.05,M,14.0,0907*47
2021:01:22:13:20:59.248000,1611318059.248,$GPGGA,122059.00,6342.547644,N,01057.017830,E,2,12,0.7,12.01,M,40.05,M,15.0,0907*4C
2021:01:22:13:21:00.249000,1611318060.249,$GPGGA,122100.00,6342.546711,N,01057.011813,E,2,12,0.7,12.03,M,40.05,M,16.0,0907*47
2021:01:22:13:21:01.249000,1611318061.249,$GPGGA,122101.00,6342.545788,N,01057.005775,E,2,12,0.7,11.99,M,40.05,M,11.0,0907*48
2021:01:22:13:21:02.249000,1611318062.249,$GPGGA,122102.00,6342.544851,N,01056.999759,E,2,12,0.7,11.98,M,40.05,M,12.0,0907*40
2021:01:22:13:21:03.249000,1611318063.249,$GPGGA,122103.00,6342.543888,N,01056.993737,E,2,12,0.7,11.97,M,40.05,M,13.0,0907*4E
2021:01:22:13:21:04.249000,1611318064.249,$GPGGA,122104.00,6342.542919,N,01056.987751,E,2,12,0.7,11.98,M,40.05,M,7.0,0907*7E
2021:01:22:13:21:05.249000,1611318065.249,$GPGGA,122105.00,6342.541973,N,01056.981726,E,2,12,0.7,11.99,M,40.05,M,8.0,0907*78
2021:01:22:13:21:06.249000,1611318066.249,$GPGGA,122106.00,6342.541025,N,01056.975679,E,2,12,0.7,11.98,M,40.05,M,9.0,0907*71
2021:01:22:13:21:07.249000,1611318067.249,$GPGGA,122107.00,6342.540058,N,01056.969652,E,2,12,0.7,11.98,M,40.05,M,10.0,0907*47
2021:01:22:13:21:08.249000,1611318068.249,$GPGGA,122108.00,6342.539108,N,01056.963631,E,2,12,0.7,11.95,M,40.05,M,8.0,0907*79
2021:01:22:13:21:09.249000,1611318069.249,$GPGGA,122109.00,6342.538162,N,01056.957620,E,2,12,0.7,11.98,M,40.05,M,9.0,0907*7E
2021:01:22:13:21:10.249000,1611318070.249,$GPGGA,122110.00,6342.537206,N,01056.951565,E,2,12,0.7,11.98,M,40.05,M,10.0,0907*44
2021:01:22:13:21:11.249000,1611318071.249,$GPGGA,122111.00,6342.536256,N,01056.945542,E,2,12,0.7,11.97,M,40.05,M,11.0,0907*4F
2021:01:22:13:21:12.249000,1611318072.249,$GPGGA,122112.00,6342.535304,N,01056.939500,E,2,12,0.7,11.98,M,40.05,M,12.0,0907*48
2021:01:22:13:21:13.249000,1611318073.249,$GPGGA,122113.00,6342.534359,N,01056.933483,E,2,12,0.7,11.97,M,40.06,M,13.0,0907*4D
2021:01:22:13:21:14.249000,1611318074.249,$GPGGA,122114.00,6342.533402,N,01056.927474,E,2,12,0.7,11.97,M,40.06,M,8.0,0907*73
2021:01:22:13:21:15.250000,1611318075.25,$GPGGA,122115.00,6342.532441,N,01056.921436,E,2,12,0.7,11.97,M,40.06,M,9.0,0907*75
2021:01:22:13:21:16.250000,1611318076.25,$GPGGA,122116.00,6342.531483,N,01056.915433,E,2,12,0.7,11.98,M,40.06,M,10.0,0907*4E
2021:01:22:13:21:17.250000,1611318077.25,$GPGGA,122117.00,6342.530534,N,01056.909420,E,2,12,0.7,11.99,M,40.06,M,11.0,0907*4C
2021:01:22:13:21:18.250000,1611318078.25,$GPGGA,122118.00,6342.529584,N,01056.903368,E,2,12,0.7,12.00,M,40.06,M,7.0,0907*75
2021:01:22:13:21:19.250000,1611318079.25,$GPGGA,122119.00,6342.528624,N,01056.897338,E,2,12,0.7,11.99,M,40.06,M,8.0,0907*79
2021:01:22:13:21:20.250000,1611318080.25,$GPGGA,122120.00,6342.527656,N,01056.891345,E,2,12,0.7,12.00,M,40.06,M,9.0,0907*77
2021:01:22:13:21:21.249000,1611318081.249,$GPGGA,122121.00,6342.526693,N,01056.885336,E,2,12,0.7,12.00,M,40.06,M,10.0,0907*47
2021:01:22:13:21:22.249000,1611318082.249,$GPGGA,122122.00,6342.525743,N,01056.879288,E,2,12,0.7,12.00,M,40.06,M,11.0,0907*4D
2021:01:22:13:21:23.250000,1611318083.25,$GPGGA,122123.00,6342.524801,N,01056.873225,E,2,12,0.7,11.98,M,40.06,M,12.0,0907*48
2021:01:22:13:21:24.249000,1611318084.249,$GPGGA,122124.00,6342.523882,N,01056.867209,E,2,12,0.7,12.01,M,40.06,M,8.0,0907*70
2021:01:22:13:21:25.249000,1611318085.249,$GPGGA,122125.00,6342.522943,N,01056.861170,E,2,12,0.7,12.01,M,40.06,M,9.0,0907*76
2021:01:22:13:21:26.249000,1611318086.249,$GPGGA,122126.00,6342.522014,N,01056.855141,E,2,12,0.7,12.01,M,40.06,M,10.0,0907*43
2021:01:22:13:21:27.249000,1611318087.249,$GPGGA,122127.00,6342.521112,N,01056.849066,E,2,12,0.7,12.01,M,40.06,M,11.0,0907*4E
2021:01:22:13:21:29.249000,1611318089.249,$GPGGA,122129.00,6342.519285,N,01056.836964,E,2,12,0.7,12.01,M,40.06,M,8.0,0907*7D
2021:01:22:13:21:30.250000,1611318090.25,$GPGGA,122130.00,6342.518377,N,01056.830890,E,2,12,0.7,11.99,M,40.06,M,9.0,0907*77
2021:01:22:13:21:31.250000,1611318091.25,$GPGGA,122131.00,6342.517478,N,01056.824827,E,2,12,0.7,12.00,M,40.06,M,10.0,0907*43
2021:01:22:13:21:33.250000,1611318093.25,$GPGGA,122133.00,6342.515649,N,01056.812737,E,2,12,0.7,12.02,M,40.06,M,7.0,0907*7C
2021:01:22:13:21:34.250000,1611318094.25,$GPGGA,122134.00,6342.514697,N,01056.806684,E,2,12,0.7,12.00,M,40.06,M,8.0,0907*78
2021:01:22:13:21:35.250000,1611318095.25,$GPGGA,122135.00,6342.513762,N,01056.800658,E,2,12,0.7,12.02,M,40.06,M,9.0,0907*71
2021:01:22:13:21:36.250000,1611318096.25,$GPGGA,122136.00,6342.512842,N,01056.794619,E,2,12,0.7,12.02,M,40.06,M,10.0,0907*41
2021:01:22:13:21:37.250000,1611318097.25,$GPGGA,122137.00,6342.511907,N,01056.788594,E,2,12,0.7,12.02,M,40.06,M,11.0,0907*49
2021:01:22:13:21:38.250000,1611318098.25,$GPGGA,122138.00,6342.510962,N,01056.782585,E,2,12,0.7,12.02,M,40.06,M,12.0,0907*4D
2021:01:22:13:21:39.250000,1611318099.25,$GPGGA,122139.00,6342.510014,N,01056.776586,E,2,12,0.7,12.03,M,40.06,M,13.0,0907*4C
2021:01:22:13:21:41.250000,1611318101.25,$GPGGA,122141.00,6342.508099,N,01056.764578,E,2,12,0.7,12.03,M,40.06,M,9.0,0907*76
2021:01:22:13:21:42.250000,1611318102.25,$GPGGA,122142.00,6342.507136,N,01056.758582,E,2,12,0.7,12.01,M,40.06,M,10.0,0907*4E
2021:01:22:13:21:43.250000,1611318103.25,$GPGGA,122143.00,6342.506186,N,01056.752560,E,2,12,0.7,12.01,M,40.06,M,11.0,0907*42
2021:01:22:13:21:44.251000,1611318104.251,$GPGGA,122144.00,6342.505240,N,01056.746531,E,2,12,0.7,12.02,M,40.06,M,12.0,0907*4E
2021:01:22:13:21:45.251000,1611318105.251,$GPGGA,122145.00,6342.504288,N,01056.740544,E,2,12,0.7,12.03,M,40.06,M,8.0,0907*74
2021:01:22:13:21:46.251000,1611318106.251,$GPGGA,122146.00,6342.503317,N,01056.734517,E,2,12,0.7,12.01,M,40.06,M,9.0,0907*71
2021:01:22:13:21:47.251000,1611318107.251,$GPGGA,122147.00,6342.502374,N,01056.728484,E,2,12,0.7,12.01,M,40.06,M,10.0,0907*4A
2021:01:22:13:21:49.251000,1611318109.251,$GPGGA,122149.00,6342.500457,N,01056.716425,E,2,12,0.7,12.00,M,40.06,M,12.0,0907*45
2021:01:22:13:21:50.251000,1611318110.251,$GPGGA,122150.00,6342.499492,N,01056.710415,E,2,12,0.7,12.01,M,40.06,M,13.0,0907*40
2021:01:22:13:21:51.251000,1611318111.251,$GPGGA,122151.00,6342.498557,N,01056.704361,E,2,12,0.7,12.01,M,40.06,M,9.0,0907*72
2021:01:22:13:21:53.250000,1611318113.25,$GPGGA,122153.00,6342.496663,N,01056.692296,E,2,12,0.7,12.00,M,40.06,M,11.0,0907*45
2021:01:22:13:21:54.250000,1611318114.25,$GPGGA,122154.00,6342.495729,N,01056.686255,E,2,12,0.7,12.02,M,40.06,M,12.0,0907*45
2021:01:22:13:21:55.250000,1611318115.25,$GPGGA,122155.00,6342.494769,N,01056.680199,E,2,12,0.7,12.01,M,40.06,M,13.0,0907*46
2021:01:22:13:21:56.250000,1611318116.25,$GPGGA,122156.00,6342.493802,N,01056.674181,E,2,12,0.7,11.99,M,40.06,M,14.0,0907*47
2021:01:22:13:21:57.250000,1611318117.25,$GPGGA,122157.00,6342.492836,N,01056.668145,E,2,12,0.7,11.97,M,40.06,M,9.0,0907*77
2021:01:22:13:21:58.250000,1611318118.25,$GPGGA,122158.00,6342.491890,N,01056.662079,E,2,12,0.7,11.98,M,40.06,M,10.0,0907*44
2021:01:22:13:21:59.251000,1611318119.251,$GPGGA,122159.00,6342.490958,N,01056.656045,E,2,12,0.7,11.99,M,40.06,M,11.0,0907*49
2021:01:22:13:22:00.251000,1611318120.251,$GPGGA,122200.00,6342.490013,N,01056.650000,E,2,12,0.7,11.99,M,40.06,M,12.0,0907*44
2021:01:22:13:22:01.251000,1611318121.251,$GPGGA,122201.00,6342.489064,N,01056.643939,E,2,12,0.7,11.99,M,40.06,M,7.0,0907*78
2021:01:22:13:22:02.251000,1611318122.251,$GPGGA,122202.00,6342.488106,N,01056.637881,E,2,12,0.7,11.98,M,40.06,M,8.0,0907*70
2021:01:22:13:22:03.251000,1611318123.251,$GPGGA,122203.00,6342.487144,N,01056.631824,E,2,12,0.7,11.98,M,40.06,M,9.0,0907*70
2021:01:22:13:22:04.251000,1611318124.251,$GPGGA,122204.00,6342.486212,N,01056.625758,E,2,12,0.7,11.98,M,40.06,M,10.0,0907*4F
2021:01:22:13:22:05.251000,1611318125.251,$GPGGA,122205.00,6342.485263,N,01056.619728,E,2,12,0.7,12.00,M,40.06,M,6.0,0907*76
2021:01:22:13:22:06.251000,1611318126.251,$GPGGA,122206.00,6342.484295,N,01056.613654,E,2,12,0.7,11.99,M,40.06,M,7.0,0907*7F
2021:01:22:13:22:07.251000,1611318127.251,$GPGGA,122207.00,6342.483355,N,01056.607584,E,2,12,0.7,11.97,M,40.06,M,8.0,0907*7E
2021:01:22:13:22:08.251000,1611318128.251,$GPGGA,122208.00,6342.482434,N,01056.601506,E,2,12,0.7,11.97,M,40.06,M,4.0,0907*70
2021:01:22:13:22:09.251000,1611318129.251,$GPGGA,122209.00,6342.481535,N,01056.595429,E,2,12,0.7,11.99,M,40.06,M,5.0,0907*7F
2021:01:22:13:22:10.251000,1611318130.251,$GPGGA,122210.00,6342.480628,N,01056.589344,E,2,12,0.7,11.99,M,40.07,M,6.0,0907*7A
2021:01:22:13:22:11.251000,1611318131.251,$GPGGA,122211.00,6342.479694,N,01056.583268,E,2,12,0.7,11.98,M,40.07,M,7.0,0907*7F
2021:01:22:13:22:12.251000,1611318132.251,$GPGGA,122212.00,6342.478776,N,01056.577193,E,2,12,0.7,11.96,M,40.07,M,8.0,0907*7D
2021:01:22:13:22:13.251000,1611318133.251,$GPGGA,122213.00,6342.477869,N,01056.571115,E,2,12,0.7,11.96,M,40.07,M,9.0,0907*7B
2021:01:22:13:22:14.252000,1611318134.252,$GPGGA,122214.00,6342.476947,N,01056.565068,E,2,12,0.7,11.99,M,40.07,M,10.0,0907*49
2021:01:22:13:22:15.252000,1611318135.252,$GPGGA,122215.00,6342.476027,N,01056.558996,E,2,12,0.7,11.99,M,40.07,M,5.0,0907*75
2021:01:22:13:22:16.252000,1611318136.252,$GPGGA,122216.00,6342.475101,N,01056.552972,E,2,12,0.7,11.99,M,40.07,M,6.0,0907*73
2021:01:22:13:22:17.252000,1611318137.252,$GPGGA,122217.00,6342.474146,N,01056.546933,E,2,12,0.7,11.99,M,40.07,M,7.0,0907*71
2021:01:22:13:22:18.252000,1611318138.252,$GPGGA,122218.00,6342.473219,N,01056.540884,E,2,12,0.7,12.00,M,40.07,M,8.0,0907*77
2021:01:22:13:22:19.252000,1611318139.252,$GPGGA,122219.00,6342.472294,N,01056.534842,E,2,12,0.7,11.99,M,40.07,M,9.0,0907*79
2021:01:22:13:22:20.252000,1611318140.252,$GPGGA,122220.00,6342.471333,N,01056.528817,E,2,12,0.7,11.99,M,40.07,M,10.0,0907*49
2021:01:22:13:22:21.252000,1611318141.252,$GPGGA,122221.00,6342.470374,N,01056.522809,E,2,12,0.7,11.99,M,40.07,M,11.0,0907*4E
2021:01:22:13:22:22.252000,1611318142.252,$GPGGA,122222.00,6342.469441,N,01056.516754,E,2,12,0.7,11.98,M,40.07,M,7.0,0907*72
2021:01:22:13:22:23.251000,1611318143.251,$GPGGA,122223.00,6342.468503,N,01056.510737,E,2,12,0.7,11.98,M,40.07,M,8.0,0907*79
2021:01:22:13:22:24.251000,1611318144.251,$GPGGA,122224.00,6342.467554,N,01056.504714,E,2,12,0.7,11.97,M,40.07,M,9.0,0907*79
2021:01:22:13:22:25.251000,1611318145.251,$GPGGA,122225.00,6342.466615,N,01056.498701,E,2,12,0.7,11.98,M,40.07,M,5.0,0907*7C
2021:01:22:13:22:26.251000,1611318146.251,$GPGGA,122226.00,6342.465677,N,01056.492662,E,2,12,0.7,11.98,M,40.07,M,6.0,0907*75
2021:01:22:13:22:27.251000,1611318147.251,$GPGGA,122227.00,6342.464756,N,01056.486605,E,2,12,0.7,11.95,M,40.07,M,7.0,0907*7F
2021:01:22:13:22:28.251000,1611318148.251,$GPGGA,122228.00,6342.463827,N,01056.480572,E,2,12,0.7,11.97,M,40.07,M,8.0,0907*76
2021:01:22:13:22:29.252000,1611318149.252,$GPGGA,122229.00,6342.462919,N,01056.474534,E,2,12,0.7,11.97,M,40.07,M,9.0,0907*72
2021:01:22:13:22:30.252000,1611318150.252,$GPGGA,122230.00,6342.462024,N,01056.468499,E,2,12,0.7,11.98,M,40.07,M,10.0,0907*41
2021:01:22:13:22:31.252000,1611318151.252,$GPGGA,122231.00,6342.461109,N,01056.462447,E,2,12,0.7,11.98,M,40.07,M,11.0,0907*45
2021:01:22:13:22:32.252000,1611318152.252,$GPGGA,122232.00,6342.460237,N,01056.456373,E,2,12,0.7,11.97,M,40.07,M,7.0,0907*76
2021:01:22:13:22:33.252000,1611318153.252,$GPGGA,122233.00,6342.459376,N,01056.450326,E,2,12,0.7,11.97,M,40.07,M,8.0,0907*70
2021:01:22:13:22:34.252000,1611318154.252,$GPGGA,122234.00,6342.458518,N,01056.444283,E,2,12,0.7,12.00,M,40.07,M,9.0,0907*7F
2021:01:22:13:22:35.252000,1611318155.252,$GPGGA,122235.00,6342.457636,N,01056.438247,E,2,12,0.7,11.98,M,40.07,M,10.0,0907*47
2021:01:22:13:22:36.252000,1611318156.252,$GPGGA,122236.00,6342.456722,N,01056.432229,E,2,12,0.7,11.97,M,40.07,M,11.0,0907*4D
2021:01:22:13:22:37.252000,1611318157.252,$GPGGA,122237.00,6342.455829,N,01056.426235,E,2,12,0.7,11.98,M,40.07,M,12.0,0907*4F
2021:01:22:13:22:39.252000,1611318159.252,$GPGGA,122239.00,6342.454013,N,01056.414212,E,2,12,0.7,11.99,M,40.07,M,8.0,0907*7F
2021:01:22:13:22:40.252000,1611318160.252,$GPGGA,122240.00,6342.453076,N,01056.408220,E,2,12,0.7,11.97,M,40.07,M,9.0,0907*76
2021:01:22:13:22:41.252000,1611318161.252,$GPGGA,122241.00,6342.452146,N,01056.402247,E,2,12,0.7,11.97,M,40.07,M,10.0,0907*47
2021:01:22:13:22:43.252000,1611318163.252,$GPGGA,122243.00,6342.450318,N,01056.390243,E,2,12,0.7,11.98,M,40.07,M,7.0,0907*7F
2021:01:22:13:22:44.253000,1611318164.253,$GPGGA,122244.00,6342.449368,N,01056.384255,E,2,12,0.7,11.97,M,40.07,M,8.0,0907*75
2021:01:22:13:22:45.253000,1611318165.253,$GPGGA,122245.00,6342.448416,N,01056.378309,E,2,12,0.7,11.96,M,40.07,M,9.0,0907*70
2021:01:22:13:22:46.253000,1611318166.253,$GPGGA,122246.00,6342.447441,N,01056.372383,E,2,12,0.7,11.97,M,40.07,M,5.0,0907*7B
2021:01:22:13:22:47.253000,1611318167.253,$GPGGA,122247.00,6342.446483,N,01056.366394,E,2,12,0.7,11.97,M,40.07,M,6.0,0907*75
2021:01:22:13:22:48.253000,1611318168.253,$GPGGA,122248.00,6342.445557,N,01056.360390,E,2,12,0.7,11.95,M,40.07,M,7.0,0907*70
2021:01:22:13:22:49.253000,1611318169.253,$GPGGA,122249.00,6342.444635,N,01056.354398,E,2,12,0.7,11.96,M,40.07,M,8.0,0907*74
2021:01:22:13:22:51.253000,1611318171.253,$GPGGA,122251.00,6342.442763,N,01056.342419,E,2,12,0.7,11.97,M,40.07,M,10.0,0907*48
2021:01:22:13:22:52.253000,1611318172.253,$GPGGA,122252.00,6342.441816,N,01056.336411,E,2,12,0.7,11.96,M,40.07,M,11.0,0907*4E
2021:01:22:13:22:53.252000,1611318173.252,$GPGGA,122253.00,6342.440913,N,01056.330346,E,2,12,0.7,11.94,M,40.07,M,12.0,0907*48
2021:01:22:13:22:54.253000,1611318174.253,$GPGGA,122254.00,6342.440004,N,01056.324334,E,2,12,0.7,11.95,M,40.07,M,13.0,0907*40
2021:01:22:13:22:55.252000,1611318175.252,$GPGGA,122255.00,6342.439062,N,01056.318356,E,2,12,0.7,11.96,M,40.07,M,14.0,0907*40
2021:01:22:13:22:56.252000,1611318176.252,$GPGGA,122256.00,6342.438150,N,01056.312333,E,2,12,0.7,11.96,M,40.07,M,15.0,0907*4A
2021:01:22:13:22:57.252000,1611318177.252,$GPGGA,122257.00,6342.437232,N,01056.306309,E,2,12,0.7,11.96,M,40.07,M,16.0,0907*4C
2021:01:22:13:22:58.252000,1611318178.252,$GPGGA,122258.00,6342.436316,N,01056.300303,E,2,12,0.7,11.94,M,40.07,M,17.0,0907*4A
2021:01:22:13:22:59.253000,1611318179.253,$GPGGA,122259.00,6342.435390,N,01056.294289,E,2,12,0.7,11.94,M,40.07,M,18.0,0907*46
2021:01:22:13:23:00.253000,1611318180.253,$GPGGA,122300.00,6342.434436,N,01056.288293,E,2,12,0.7,11.94,M,40.07,M,19.0,0907*46
2021:01:22:13:23:01.253000,1611318181.253,$GPGGA,122301.00,6342.433500,N,01056.282298,E,2,12,0.7,11.94,M,40.07,M,20.0,0907*4F
2021:01:22:13:23:02.253000,1611318182.253,$GPGGA,122302.00,6342.432578,N,01056.276285,E,2,12,0.7,11.97,M,40.07,M,12.0,0907*47
2021:01:22:13:23:03.253000,1611318183.253,$GPGGA,122303.00,6342.431637,N,01056.270282,E,2,12,0.7,11.96,M,40.07,M,13.0,0907*4C
2021:01:22:13:23:04.253000,1611318184.253,$GPGGA,122304.00,6342.430681,N,01056.264288,E,2,12,0.7,11.95,M,40.07,M,14.0,0907*4C
2021:01:22:13:23:05.253000,1611318185.253,$GPGGA,122305.00,6342.429701,N,01056.258319,E,2,12,0.7,11.97,M,40.07,M,15.0,0907*49
2021:01:22:13:23:06.253000,1611318186.253,$GPGGA,122306.00,6342.428714,N,01056.252347,E,2,12,0.7,11.96,M,40.07,M,16.0,0907*4C
2021:01:22:13:23:07.253000,1611318187.253,$GPGGA,122307.00,6342.427733,N,01056.246414,E,2,12,0.7,11.97,M,40.08,M,17.0,0907*4C
2021:01:22:13:23:08.253000,1611318188.253,$GPGGA,122308.00,6342.426766,N,01056.240415,E,2,12,0.7,11.96,M,40.08,M,18.0,0907*4B
2021:01:22:13:23:09.253000,1611318189.253,$GPGGA,122309.00,6342.425810,N,01056.234404,E,2,12,0.7,11.97,M,40.08,M,10.0,0907*4D
2021:01:22:13:23:10.253000,1611318190.253,$GPGGA,122310.00,6342.424865,N,01056.228403,E,2,12,0.7,11.98,M,40.08,M,11.0,0907*42
2021:01:22:13:23:11.253000,1611318191.253,$GPGGA,122311.00,6342.423920,N,01056.222383,E,2,12,0.7,11.99,M,40.08,M,10.0,0907*41
2021:01:22:13:23:12.253000,1611318192.253,$GPGGA,122312.00,6342.422949,N,01056.216395,E,2,12,0.7,12.01,M,40.08,M,6.0,0907*79
2021:01:22:13:23:13.253000,1611318193.253,$GPGGA,122313.00,6342.421973,N,01056.210402,E,2,12,0.7,12.03,M,40.08,M,7.0,0907*7E
2021:01:22:13:23:14.254000,1611318194.254,$GPGGA,122314.00,6342.421004,N,01056.204379,E,2,12,0.7,12.02,M,40.08,M,8.0,0907*70
2021:01:22:13:23:15.254000,1611318195.254,$GPGGA,122315.00,6342.420044,N,01056.198405,E,2,12,0.7,12.02,M,40.08,M,4.0,0907*72
2021:01:22:13:23:16.254000,1611318196.254,$GPGGA,122316.00,6342.419085,N,01056.192395,E,2,12,0.7,12.02,M,40.08,M,5.0,0907*73
2021:01:22:13:23:17.254000,1611318197.254,$GPGGA,122317.00,6342.418140,N,01056.186352,E,2,12,0.7,12.01,M,40.08,M,6.0,0907*75
2021:01:22:13:23:18.254000,1611318198.254,$GPGGA,122318.00,6342.417187,N,01056.180354,E,2,12,0.7,12.02,M,40.08,M,7.0,0907*7C
2021:01:22:13:23:19.254000,1611318199.254,$GPGGA,122319.00,6342.416250,N,01056.174315,E,2,12,0.7,12.03,M,40.08,M,8.0,0907*75
2021:01:22:13:23:20.254000,1611318200.254,$GPGGA,122320.00,6342.415316,N,01056.168293,E,2,12,0.7,12.03,M,40.08,M,9.0,0907*7C
2021:01:22:13:23:21.254000,1611318201.254,$GPGGA,122321.00,6342.414353,N,01056.162301,E,2,12,0.7,12.04,M,40.08,M,5.0,0907*76
2021:01:22:13:23:22.254000,1611318202.254,$GPGGA,122322.00,6342.413377,N,01056.156274,E,2,12,0.7,12.02,M,40.08,M,6.0,0907*75
2021:01:22:13:23:23.254000,1611318203.254,$GPGGA,122323.00,6342.412385,N,01056.150288,E,2,12,0.7,12.03,M,40.08,M,7.0,0907*7D
2021:01:22:13:23:24.253000,1611318204.253,$GPGGA,122324.00,6342.411394,N,01056.144276,E,2,12,0.7,12.01,M,40.08,M,8.0,0907*70
2021:01:22:13:23:25.254000,1611318205.254,$GPGGA,122325.00,6342.410401,N,01056.138294,E,2,12,0.7,12.00,M,40.08,M,4.0,0907*71
2021:01:22:13:23:26.253000,1611318206.253,$GPGGA,122326.00,6342.409397,N,01056.132321,E,2,12,0.7,12.01,M,40.08,M,5.0,0907*77
2021:01:22:13:23:27.254000,1611318207.254,$GPGGA,122327.00,6342.408441,N,01056.126268,E,2,12,0.7,12.01,M,40.08,M,6.0,0907*71
2021:01:22:13:23:29.254000,1611318209.254,$GPGGA,122329.00,6342.406525,N,01056.114189,E,2,12,0.7,12.01,M,40.08,M,8.0,0907*71
2021:01:22:13:23:30.254000,1611318210.254,$GPGGA,122330.00,6342.405550,N,01056.108172,E,2,12,0.7,12.02,M,40.08,M,9.0,0907*73
2021:01:22:13:23:31.254000,1611318211.254,$GPGGA,122331.00,6342.404557,N,01056.102162,E,2,12,0.7,12.02,M,40.08,M,10.0,0907*47
2021:01:22:13:23:33.254000,1611318213.254,$GPGGA,122333.00,6342.402636,N,01056.090101,E,2,12,0.7,12.01,M,40.08,M,6.0,0907*7C
2021:01:22:13:23:34.254000,1611318214.254,$GPGGA,122334.00,6342.401679,N,01056.084043,E,2,12,0.7,12.01,M,40.08,M,7.0,0907*70
2021:01:22:13:23:35.254000,1611318215.254,$GPGGA,122335.00,6342.400733,N,01056.077976,E,2,12,0.7,11.99,M,40.08,M,8.0,0907*71
2021:01:22:13:23:36.254000,1611318216.254,$GPGGA,122336.00,6342.399772,N,01056.071949,E,2,12,0.7,11.98,M,40.08,M,9.0,0907*7A
2021:01:22:13:23:37.254000,1611318217.254,$GPGGA,122337.00,6342.398827,N,01056.065907,E,2,12,0.7,12.01,M,40.08,M,10.0,0907*41
2021:01:22:13:23:38.254000,1611318218.254,$GPGGA,122338.00,6342.397872,N,01056.059862,E,2,12,0.7,12.03,M,40.08,M,11.0,0907*4F
2021:01:22:13:23:39.254000,1611318219.254,$GPGGA,122339.00,6342.396911,N,01056.053805,E,2,12,0.7,12.03,M,40.08,M,12.0,0907*43
2021:01:22:13:23:41.254000,1611318221.254,$GPGGA,122341.00,6342.394947,N,01056.041708,E,2,12,0.7,11.98,M,40.08,M,14.0,0907*4B
2021:01:22:13:23:42.254000,1611318222.254,$GPGGA,122342.00,6342.393975,N,01056.035687,E,2,12,0.7,11.99,M,40.08,M,15.0,0907*4B
2021:01:22:13:23:43.254000,1611318223.254,$GPGGA,122343.00,6342.392992,N,01056.029634,E,2,12,0.7,11.99,M,40.08,M,16.0,0907*44
2021:01:22:13:23:44.255000,1611318224.255,$GPGGA,122344.00,6342.391989,N,01056.023588,E,2,12,0.7,11.97,M,40.08,M,17.0,0907*4B
2021:01:22:13:23:45.255000,1611318225.255,$GPGGA,122345.00,6342.390990,N,01056.017567,E,2,12,0.7,11.97,M,40.08,M,18.0,0907*4A
2021:01:22:13:23:46.255000,1611318226.255,$GPGGA,122346.00,6342.389993,N,01056.011526,E,2,12,0.7,11.99,M,40.08,M,8.0,0907*7E
2021:01:22:13:23:47.255000,1611318227.255,$GPGGA,122347.00,6342.389004,N,01056.005468,E,2,12,0.7,12.00,M,40.08,M,9.0,0907*74
2021:01:22:13:23:49.255000,1611318229.255,$GPGGA,122349.00,6342.387030,N,01055.993351,E,2,12,0.7,12.00,M,40.08,M,6.0,0907*74
2021:01:22:13:23:50.255000,1611318230.255,$GPGGA,122350.00,6342.386030,N,01055.987289,E,2,12,0.7,11.99,M,40.08,M,7.0,0907*7E
2021:01:22:13:23:51.255000,1611318231.255,$GPGGA,122351.00,6342.385032,N,01055.981231,E,2,12,0.7,11.98,M,40.08,M,8.0,0907*75
2021:01:22:13:23:53.255000,1611318233.255,$GPGGA,122353.00,6342.383028,N,01055.969097,E,2,12,0.7,11.99,M,40.08,M,5.0,0907*7E
2021:01:22:13:23:54.255000,1611318234.255,$GPGGA,122354.00,6342.382034,N,01055.963046,E,2,12,0.7,12.01,M,40.08,M,6.0,0907*72
2021:01:22:13:23:55.254000,1611318235.254,$GPGGA,122355.00,6342.381042,N,01055.956976,E,2,12,0.7,12.02,M,40.08,M,7.0,0907*7F
2021:01:22:13:23:56.254000,1611318236.254,$GPGGA,122356.00,6342.380030,N,01055.950893,E,2,12,0.7,11.99,M,40.08,M,8.0,0907*7A
2021:01:22:13:23:57.254000,1611318237.254,$GPGGA,122357.00,6342.379022,N,01055.944817,E,2,12,0.7,11.99,M,40.08,M,9.0,0907*76
2021:01:22:13:23:58.254000,1611318238.254,$GPGGA,122358.00,6342.378025,N,01055.938736,E,2,12,0.7,12.00,M,40.08,M,10.0,0907*43
2021:01:22:13:23:59.255000,1611318239.255,$GPGGA,122359.00,6342.377032,N,01055.932656,E,2,12,0.7,12.00,M,40.08,M,11.0,0907*47
2021:01:22:13:24:00.255000,1611318240.255,$GPGGA,122400.00,6342.376034,N,01055.926597,E,2,12,0.7,12.02,M,40.08,M,12.0,0907*41
2021:01:22:13:24:01.255000,1611318241.255,$GPGGA,122401.00,6342.375041,N,01055.920484,E,2,12,0.7,12.02,M,40.08,M,13.0,0907*45
2021:01:22:13:24:02.255000,1611318242.255,$GPGGA,122402.00,6342.374050,N,01055.914393,E,2,12,0.7,12.01,M,40.08,M,8.0,0907*78
2021:01:22:13:24:03.255000,1611318243.255,$GPGGA,122403.00,6342.373048,N,01055.908338,E,2,12,0.7,12.02,M,40.08,M,9.0,0907*79
2021:01:22:13:24:04.255000,1611318244.255,$GPGGA,122404.00,6342.372063,N,01055.902218,E,2,12,0.7,12.02,M,40.09,M,10.0,0907*46
2021:01:22:13:24:05.255000,1611318245.255,$GPGGA,122405.00,6342.371086,N,01055.896137,E,2,12,0.7,12.03,M,40.09,M,11.0,0907*4D
2021:01:22:13:24:06.255000,1611318246.255,$GPGGA,122406.00,6342.370090,N,01055.890039,E,2,12,0.7,12.02,M,40.09,M,6.0,0907*76
2021:01:22:13:24:07.255000,1611318247.255,$GPGGA,122407.00,6342.369073,N,01055.883959,E,2,12,0.7,12.01,M,40.09,M,7.0,0907*7D
2021:01:22:13:24:08.255000,1611318248.255,$GPGGA,122408.00,6342.368079,N,01055.877883,E,2,12,0.7,12.02,M,40.09,M,8.0,0907*78
2021:01:22:13:24:09.255000,1611318249.255,$GPGGA,122409.00,6342.367078,N,01055.871775,E,2,12,0.7,12.01,M,40.09,M,9.0,0907*75
2021:01:22:13:24:10.255000,1611318250.255,$GPGGA,122410.00,6342.366073,N,01055.865698,E,2,12,0.7,12.01,M,40.09,M,5.0,0907*7C
2021:01:22:13:24:11.255000,1611318251.255,$GPGGA,122411.00,6342.365055,N,01055.859631,E,2,12,0.7,12.02,M,40.09,M,6.0,0907*76
2021:01:22:13:24:12.255000,1611318252.255,$GPGGA,122412.00,6342.364035,N,01055.853568,E,2,12,0.7,11.99,M,40.09,M,7.0,0907*77
2021:01:22:13:24:13.255000,1611318253.255,$GPGGA,122413.00,6342.362994,N,01055.847523,E,2,12,0.7,12.00,M,40.09,M,8.0,0907*74
2021:01:22:13:24:14.256000,1611318254.256,$GPGGA,122414.00,6342.361956,N,01055.841470,E,2,12,0.7,12.01,M,40.09,M,9.0,0907*7F
2021:01:22:13:24:15.256000,1611318255.256,$GPGGA,122415.00,6342.360935,N,01055.835410,E,2,12,0.7,12.01,M,40.09,M,10.0,0907*47
2021:01:22:13:24:16.256000,1611318256.256,$GPGGA,122416.00,6342.359929,N,01055.829360,E,2,12,0.7,12.02,M,40.09,M,6.0,0907*7A
2021:01:22:13:24:17.256000,1611318257.256,$GPGGA,122417.00,6342.358953,N,01055.823321,E,2,12,0.7,12.03,M,40.09,M,7.0,0907*78
2021:01:22:13:24:18.256000,1611318258.256,$GPGGA,122418.00,6342.357951,N,01055.817264,E,2,12,0.7,12.02,M,40.09,M,8.0,0907*73
2021:01:22:13:24:19.256000,1611318259.256,$GPGGA,122419.00,6342.356872,N,01055.811298,E,2,12,0.7,12.03,M,40.09,M,9.0,0907*76
2021:01:22:13:24:20.256000,1611318260.256,$GPGGA,122420.00,6342.355721,N,01055.805429,E,2,12,0.7,12.04,M,40.09,M,10.0,0907*40
2021:01:22:13:24:21.256000,1611318261.256,$GPGGA,122421.00,6342.354498,N,01055.799627,E,2,12,0.7,12.06,M,40.09,M,11.0,0907*44
2021:01:22:13:24:22.256000,1611318262.256,$GPGGA,122422.00,6342.353187,N,01055.793937,E,2,12,0.7,12.04,M,40.09,M,7.0,0907*7A
2021:01:22:13:24:23.256000,1611318263.256,$GPGGA,122423.00,6342.351879,N,01055.788279,E,2,12,0.7,12.07,M,40.09,M,8.0,0907*76
2021:01:22:13:24:24.256000,1611318264.256,$GPGGA,122424.00,6342.350514,N,01055.782683,E,2,12,0.7,12.06,M,40.09,M,9.0,0907*7D
2021:01:22:13:24:25.255000,1611318265.255,$GPGGA,122425.00,6342.349090,N,01055.777160,E,2,12,0.7,12.06,M,40.09,M,10.0,0907*45
2021:01:22:13:24:26.255000,1611318266.255,$GPGGA,122426.00,6342.347637,N,01055.771700,E,2,12,0.7,12.05,M,40.09,M,5.0,0907*72
2021:01:22:13:24:27.255000,1611318267.255,$GPGGA,122427.00,6342.346156,N,01055.766270,E,2,12,0.7,12.06,M,40.09,M,6.0,0907*76
2021:01:22:13:24:28.255000,1611318268.255,$GPGGA,122428.00,6342.344646,N,01055.760842,E,2,12,0.7,12.04,M,40.09,M,7.0,0907*73
2021:01:22:13:24:29.256000,1611318269.256,$GPGGA,122429.00,6342.343129,N,01055.755482,E,2,12,0.7,12.04,M,40.09,M,8.0,0907*72
2021:01:22:13:24:31.256000,1611318271.256,$GPGGA,122431.00,6342.340064,N,01055.744784,E,2,12,0.7,12.01,M,40.09,M,10.0,0907*49
2021:01:22:13:24:32.256000,1611318272.256,$GPGGA,122432.00,6342.338492,N,01055.739435,E,2,12,0.7,12.01,M,40.09,M,11.0,0907*4A
2021:01:22:13:24:33.256000,1611318273.256,$GPGGA,122433.00,6342.336889,N,01055.734187,E,2,12,0.7,12.02,M,40.09,M,7.0,0907*76
2021:01:22:13:24:34.256000,1611318274.256,$GPGGA,122434.00,6342.335301,N,01055.728897,E,2,12,0.7,12.05,M,40.09,M,8.0,0907*74
2021:01:22:13:24:35.256000,1611318275.256,$GPGGA,122435.00,6342.333695,N,01055.723675,E,2,12,0.7,12.07,M,40.09,M,9.0,0907*71
2021:01:22:13:24:36.256000,1611318276.256,$GPGGA,122436.00,6342.332077,N,01055.718422,E,2,12,0.7,12.05,M,40.09,M,10.0,0907*4B
2021:01:22:13:24:37.256000,1611318277.256,$GPGGA,122437.00,6342.330419,N,01055.713224,E,2,12,0.7,12.03,M,40.09,M,11.0,0907*48
2021:01:22:13:24:39.256000,1611318279.256,$GPGGA,122439.00,6342.327085,N,01055.702945,E,2,12,0.7,12.09,M,40.09,M,8.0,0907*7F
2021:01:22:13:24:40.256000,1611318280.256,$GPGGA,122440.00,6342.325416,N,01055.697795,E,2,12,0.7,12.08,M,40.09,M,9.0,0907*73
2021:01:22:13:24:41.256000,1611318281.256,$GPGGA,122441.00,6342.323711,N,01055.692676,E,2,12,0.7,12.05,M,40.09,M,10.0,0907*4C
2021:01:22:13:24:43.256000,1611318283.256,$GPGGA,122443.00,6342.320314,N,01055.682481,E,2,12,0.7,12.04,M,40.09,M,6.0,0907*71
2021:01:22:13:24:44.257000,1611318284.257,$GPGGA,122444.00,6342.318649,N,01055.677331,E,2,12,0.7,12.05,M,40.09,M,7.0,0907*76
2021:01:22:13:24:45.257000,1611318285.257,$GPGGA,122445.00,6342.316975,N,01055.672193,E,2,12,0.7,12.05,M,40.09,M,8.0,0907*79
2021:01:22:13:24:46.257000,1611318286.257,$GPGGA,122446.00,6342.315287,N,01055.667061,E,2,12,0.7,12.05,M,40.09,M,9.0,0907*76
2021:01:22:13:24:47.257000,1611318287.257,$GPGGA,122447.00,6342.313609,N,01055.661927,E,2,12,0.7,12.04,M,40.09,M,10.0,0907*47
2021:01:22:13:24:48.257000,1611318288.257,$GPGGA,122448.00,6342.311944,N,01055.656792,E,2,12,0.7,12.06,M,40.09,M,11.0,0907*4B
2021:01:22:13:24:49.257000,1611318289.257,$GPGGA,122449.00,6342.310257,N,01055.651618,E,2,12,0.7,12.03,M,40.09,M,7.0,0907*74
2021:01:22:13:24:51.257000,1611318291.257,$GPGGA,122451.00,6342.306860,N,01055.641390,E,2,12,0.7,12.06,M,40.09,M,9.0,0907*7B
2021:01:22:13:24:52.257000,1611318292.257,$GPGGA,122452.00,6342.305206,N,01055.636197,E,2,12,0.7,12.06,M,40.09,M,10.0,0907*4C
2021:01:22:13:24:53.257000,1611318293.257,$GPGGA,122453.00,6342.303531,N,01055.631033,E,2,12,0.7,12.05,M,40.09,M,6.0,0907*74
2021:01:22:13:24:54.257000,1611318294.257,$GPGGA,122454.00,6342.301835,N,01055.625879,E,2,12,0.7,12.04,M,40.09,M,7.0,0907*7B
2021:01:22:13:24:55.257000,1611318295.257,$GPGGA,122455.00,6342.300143,N,01055.620716,E,2,12,0.7,12.02,M,40.09,M,8.0,0907*79
2021:01:22:13:24:56.257000,1611318296.257,$GPGGA,122456.00,6342.298454,N,01055.615546,E,2,12,0.7,12.01,M,40.09,M,9.0,0907*7A
2021:01:22:13:24:57.256000,1611318297.256,$GPGGA,122457.00,6342.296787,N,01055.610348,E,2,12,0.7,12.00,M,40.09,M,10.0,0907*4C
2021:01:22:13:24:59.258000,1611318299.258,$GPGGA,122459.00,6342.293455,N,01055.599948,E,2,12,0.7,12.02,M,40.09,M,7.0,0907*77
2021:01:22:13:25:00.257000,1611318300.257,$GPGGA,122500.00,6342.291794,N,01055.594751,E,2,12,0.7,12.00,M,40.09,M,8.0,0907*70
2021:01:22:13:25:01.257000,1611318301.257,$GPGGA,122501.00,6342.290146,N,01055.589564,E,2,12,0.7,12.01,M,40.09,M,9.0,0907*71
2021:01:22:13:25:02.257000,1611318302.257,$GPGGA,122502.00,6342.288489,N,01055.584318,E,2,12,0.7,11.99,M,40.09,M,10.0,0907*47
2021:01:22:13:25:03.257000,1611318303.257,$GPGGA,122503.00,6342.286850,N,01055.579071,E,2,12,0.7,11.99,M,40.09,M,11.0,0907*4F
2021:01:22:13:25:04.257000,1611318304.257,$GPGGA,122504.00,6342.285226,N,01055.573808,E,2,12,0.7,11.99,M,40.09,M,12.0,0907*4F
2021:01:22:13:25:05.257000,1611318305.257,$GPGGA,122505.00,6342.283598,N,01055.568546,E,2,12,0.7,12.00,M,40.09,M,13.0,0907*45
2021:01:22:13:25:06.257000,1611318306.257,$GPGGA,122506.00,6342.281959,N,01055.563311,E,2,12,0.7,12.02,M,40.09,M,9.0,0907*73
2021:01:22:13:25:07.257000,1611318307.257,$GPGGA,122507.00,6342.280335,N,01055.558062,E,2,12,0.7,12.03,M,40.09,M,10.0,0907*45
2021:01:22:13:25:08.257000,1611318308.257,$GPGGA,122508.00,6342.278710,N,01055.552812,E,2,12,0.7,12.00,M,40.09,M,11.0,0907*49
2021:01:22:13:25:09.257000,1611318309.257,$GPGGA,122509.00,6342.277079,N,01055.547576,E,2,12,0.7,11.99,M,40.10,M,12.0,0907*4C
2021:01:22:13:25:10.257000,1611318310.257,$GPGGA,122510.00,6342.275425,N,01055.542384,E,2,12,0.7,12.02,M,40.10,M,7.0,0907*70
2021:01:22:13:25:11.257000,1611318311.257,$GPGGA,122511.00,6342.273786,N,01055.537178,E,2,12,0.7,12.02,M,40.10,M,8.0,0907*71
2021:01:22:13:25:12.257000,1611318312.257,$GPGGA,122512.00,6342.272166,N,01055.531971,E,2,12,0.7,12.03,M,40.10,M,4.0,0907*71
2021:01:22:13:25:13.257000,1611318313.257,$GPGGA,122513.00,6342.270533,N,01055.526740,E,2,12,0.7,12.03,M,40.10,M,5.0,0907*7D
2021:01:22:13:25:14.258000,1611318314.258,$GPGGA,122514.00,6342.268883,N,01055.521505,E,2,12,0.7,12.01,M,40.10,M,6.0,0907*70
2021:01:22:13:25:15.258000,1611318315.258,$GPGGA,122515.00,6342.267227,N,01055.516353,E,2,12,0.7,12.02,M,40.10,M,7.0,0907*79
2021:01:22:13:25:16.258000,1611318316.258,$GPGGA,122516.00,6342.265590,N,01055.511170,E,2,12,0.7,12.05,M,40.10,M,8.0,0907*7F
2021:01:22:13:25:17.258000,1611318317.258,$GPGGA,122517.00,6342.263965,N,01055.505923,E,2,12,0.7,12.04,M,40.10,M,9.0,0907*75
2021:01:22:13:25:18.258000,1611318318.258,$GPGGA,122518.00,6342.262344,N,01055.500681,E,2,12,0.7,12.02,M,40.10,M,10.0,0907*4E
2021:01:22:13:25:19.258000,1611318319.258,$GPGGA,122519.00,6342.260718,N,01055.495501,E,2,12,0.7,12.04,M,40.10,M,11.0,0907*41
2021:01:22:13:25:20.258000,1611318320.258,$GPGGA,122520.00,6342.259094,N,01055.490251,E,2,12,0.7,12.03,M,40.10,M,12.0,0907*41
2021:01:22:13:25:21.258000,1611318321.258,$GPGGA,122521.00,6342.257457,N,01055.485023,E,2,12,0.7,12.03,M,40.10,M,13.0,0907*47
2021:01:22:13:25:22.258000,1611318322.258,$GPGGA,122522.00,6342.255840,N,01055.479788,E,2,12,0.7,12.04,M,40.10,M,4.0,0907*78
2021:01:22:13:25:23.258000,1611318323.258,$GPGGA,122523.00,6342.254230,N,01055.474537,E,2,12,0.7,12.05,M,40.10,M,5.0,0907*7E
2021:01:22:13:25:24.258000,1611318324.258,$GPGGA,122524.00,6342.252566,N,01055.469310,E,2,12,0.7,12.03,M,40.10,M,6.0,0907*71
2021:01:22:13:25:25.258000,1611318325.258,$GPGGA,122525.00,6342.250897,N,01055.464163,E,2,12,0.7,12.01,M,40.10,M,7.0,0907*79
2021:01:22:13:25:26.258000,1611318326.258,$GPGGA,122526.00,6342.249243,N,01055.458980,E,2,12,0.7,12.02,M,40.10,M,8.0,0907*77
2021:01:22:13:25:27.258000,1611318327.258,$GPGGA,122527.00,6342.247586,N,01055.453756,E,2,12,0.7,12.04,M,40.10,M,9.0,0907*7F
2021:01:22:13:25:28.258000,1611318328.258,$GPGGA,122528.00,6342.245956,N,01055.448508,E,2,12,0.7,12.04,M,40.10,M,10.0,0907*48
2021:01:22:13:25:29.258000,1611318329.258,$GPGGA,122529.00,6342.244296,N,01055.443336,E,2,12,0.7,12.07,M,40.10,M,11.0,0907*4D
2021:01:22:13:25:30.258000,1611318330.258,$GPGGA,122530.00,6342.242605,N,01055.438184,E,2,12,0.7,12.05,M,40.10,M,7.0,0907*7F
2021:01:22:13:25:31.258000,1611318331.258,$GPGGA,122531.00,6342.240919,N,01055.433016,E,2,12,0.7,12.04,M,40.10,M,8.0,0907*71
2021:01:22:13:25:33.258000,1611318333.258,$GPGGA,122533.00,6342.237570,N,01055.422635,E,2,12,0.7,12.05,M,40.10,M,10.0,0907*4F
2021:01:22:13:25:34.258000,1611318334.258,$GPGGA,122534.00,6342.235887,N,01055.417436,E,2,12,0.7,12.05,M,40.10,M,11.0,0907*49
2021:01:22:13:25:35.258000,1611318335.258,$GPGGA,122535.00,6342.234214,N,01055.412257,E,2,12,0.7,12.06,M,40.10,M,12.0,0907*4D
2021:01:22:13:25:36.258000,1611318336.258,$GPGGA,122536.00,6342.232539,N,01055.407018,E,2,12,0.7,12.02,M,40.10,M,7.0,0907*7D
2021:01:22:13:25:37.258000,1611318337.258,$GPGGA,122537.00,6342.230906,N,01055.401790,E,2,12,0.7,12.03,M,40.10,M,8.0,0907*71
2021:01:22:13:25:38.258000,1611318338.258,$GPGGA,122538.00,6342.229280,N,01055.396536,E,2,12,0.7,12.05,M,40.10,M,9.0,0907*73
2021:01:22:13:25:39.258000,1611318339.258,$GPGGA,122539.00,6342.227664,N,01055.391253,E,2,12,0.7,12.06,M,40.10,M,10.0,0907*4A
2021:01:22:13:25:41.258000,1611318341.258,$GPGGA,122541.00,6342.224406,N,01055.380729,E,2,12,0.7,12.03,M,40.10,M,12.0,0907*4F
2021:01:22:13:25:42.258000,1611318342.258,$GPGGA,122542.00,6342.222780,N,01055.375493,E,2,12,0.7,12.03,M,40.10,M,13.0,0907*4E
2021:01:22:13:25:43.259000,1611318343.259,$GPGGA,122543.00,6342.221150,N,01055.370297,E,2,12,0.7,12.06,M,40.10,M,7.0,0907*70
2021:01:22:13:25:45.259000,1611318345.259,$GPGGA,122545.00,6342.217910,N,01055.359819,E,2,12,0.7,12.02,M,40.10,M,9.0,0907*72
2021:01:22:13:25:46.259000,1611318346.259,$GPGGA,122546.00,6342.216265,N,01055.354613,E,2,12,0.7,12.02,M,40.10,M,10.0,0907*48
2021:01:22:13:25:47.259000,1611318347.259,$GPGGA,122547.00,6342.214630,N,01055.349443,E,2,12,0.7,12.02,M,40.10,M,7.0,0907*72
2021:01:22:13:25:49.259000,1611318349.259,$GPGGA,122549.00,6342.211338,N,01055.339069,E,2,12,0.7,12.01,M,40.10,M,9.0,0907*72
2021:01:22:13:25:50.259000,1611318350.259,$GPGGA,122550.00,6342.209674,N,01055.333916,E,2,12,0.7,12.03,M,40.10,M,10.0,0907*4F
2021:01:22:13:25:51.259000,1611318351.259,$GPGGA,122551.00,6342.208030,N,01055.328753,E,2,12,0.7,12.01,M,40.10,M,11.0,0907*4F
2021:01:22:13:25:53.259000,1611318353.259,$GPGGA,122553.00,6342.204697,N,01055.318452,E,2,12,0.7,12.04,M,40.10,M,8.0,0907*76
2021:01:22:13:25:54.259000,1611318354.259,$GPGGA,122554.00,6342.203040,N,01055.313310,E,2,12,0.7,12.01,M,40.10,M,9.0,0907*74
2021:01:22:13:25:55.259000,1611318355.259,$GPGGA,122555.00,6342.201362,N,01055.308190,E,2,12,0.7,12.02,M,40.10,M,10.0,0907*4F
2021:01:22:13:25:56.259000,1611318356.259,$GPGGA,122556.00,6342.199721,N,01055.303026,E,2,12,0.7,12.02,M,40.10,M,11.0,0907*4B
2021:01:22:13:25:57.260000,1611318357.26,$GPGGA,122557.00,6342.198114,N,01055.297816,E,2,12,0.7,12.02,M,40.10,M,7.0,0907*7B
2021:01:22:13:25:58.260000,1611318358.26,$GPGGA,122558.00,6342.196486,N,01055.292597,E,2,12,0.7,12.00,M,40.10,M,8.0,0907*78
2021:01:22:13:25:59.260000,1611318359.26,$GPGGA,122559.00,6342.194857,N,01055.287395,E,2,12,0.7,12.01,M,40.10,M,4.0,0907*76
2021:01:22:13:26:01.259000,1611318361.259,$GPGGA,122601.00,6342.191653,N,01055.276934,E,2,12,0.7,12.03,M,40.10,M,6.0,0907*78
2021:01:22:13:26:02.259000,1611318362.259,$GPGGA,122602.00,6342.190073,N,01055.271647,E,2,12,0.7,12.02,M,40.10,M,7.0,0907*72
2021:01:22:13:26:03.259000,1611318363.259,$GPGGA,122603.00,6342.188497,N,01055.266389,E,2,12,0.7,12.02,M,40.10,M,8.0,0907*7A
2021:01:22:13:26:05.259000,1611318365.259,$GPGGA,122605.00,6342.185321,N,01055.255877,E,2,12,0.7,12.04,M,40.10,M,10.0,0907*4E
2021:01:22:13:26:06.259000,1611318366.259,$GPGGA,122606.00,6342.183750,N,01055.250610,E,2,12,0.7,12.04,M,40.10,M,11.0,0907*42
2021:01:22:13:26:07.259000,1611318367.259,$GPGGA,122607.00,6342.182181,N,01055.245311,E,2,12,0.7,12.05,M,40.10,M,12.0,0907*4A
2021:01:22:13:26:08.259000,1611318368.259,$GPGGA,122608.00,6342.180628,N,01055.240043,E,2,12,0.7,12.07,M,40.10,M,13.0,0907*41
2021:01:22:13:26:09.259000,1611318369.259,$GPGGA,122609.00,6342.179048,N,01055.234768,E,2,12,0.7,12.06,M,40.10,M,14.0,0907*4D
2021:01:22:13:26:10.259000,1611318370.259,$GPGGA,122610.00,6342.177444,N,01055.229528,E,2,12,0.7,12.02,M,40.10,M,9.0,0907*71
2021:01:22:13:26:11.259000,1611318371.259,$GPGGA,122611.00,6342.175856,N,01055.224300,E,2,12,0.7,12.03,M,40.10,M,10.0,0907*45
2021:01:22:13:26:12.260000,1611318372.26,$GPGGA,122612.00,6342.174252,N,01055.219067,E,2,12,0.7,12.04,M,40.10,M,11.0,0907*43
2021:01:22:13:26:13.260000,1611318373.26,$GPGGA,122613.00,6342.172649,N,01055.213843,E,2,12,0.7,12.02,M,40.10,M,7.0,0907*7F
2021:01:22:13:26:14.260000,1611318374.26,$GPGGA,122614.00,6342.171056,N,01055.208613,E,2,12,0.7,12.01,M,40.10,M,8.0,0907*7E
2021:01:22:13:26:15.260000,1611318375.26,$GPGGA,122615.00,6342.169425,N,01055.203431,E,2,12,0.7,12.01,M,40.10,M,9.0,0907*7E
2021:01:22:13:26:16.260000,1611318376.26,$GPGGA,122616.00,6342.167768,N,01055.198306,E,2,12,0.7,12.03,M,40.11,M,10.0,0907*40
2021:01:22:13:26:17.260000,1611318377.26,$GPGGA,122617.00,6342.166122,N,01055.193133,E,2,12,0.7,12.02,M,40.11,M,6.0,0907*71
2021:01:22:13:26:18.260000,1611318378.26,$GPGGA,122618.00,6342.164502,N,01055.187956,E,2,12,0.7,12.01,M,40.11,M,7.0,0907*76
2021:01:22:13:26:19.260000,1611318379.26,$GPGGA,122619.00,6342.162860,N,01055.182819,E,2,12,0.7,12.02,M,40.11,M,8.0,0907*7B
2021:01:22:13:26:20.260000,1611318380.26,$GPGGA,122620.00,6342.161224,N,01055.177654,E,2,12,0.7,12.03,M,40.11,M,9.0,0907*75
2021:01:22:13:26:21.260000,1611318381.26,$GPGGA,122621.00,6342.159580,N,01055.172492,E,2,12,0.7,12.01,M,40.11,M,10.0,0907*41
2021:01:22:13:26:22.260000,1611318382.26,$GPGGA,122622.00,6342.157944,N,01055.167349,E,2,12,0.7,12.02,M,40.11,M,11.0,0907*4F
2021:01:22:13:26:23.260000,1611318383.26,$GPGGA,122623.00,6342.156306,N,01055.162163,E,2,12,0.7,12.03,M,40.11,M,7.0,0907*7A
2021:01:22:13:26:24.260000,1611318384.26,$GPGGA,122624.00,6342.154663,N,01055.156989,E,2,12,0.7,12.04,M,40.11,M,8.0,0907*7A
2021:01:22:13:26:25.260000,1611318385.26,$GPGGA,122625.00,6342.153010,N,01055.151853,E,2,12,0.7,12.01,M,40.11,M,9.0,0907*7B
2021:01:22:13:26:26.260000,1611318386.26,$GPGGA,122626.00,6342.151348,N,01055.146702,E,2,12,0.7,12.01,M,40.11,M,10.0,0907*41
2021:01:22:13:26:27.261000,1611318387.261,$GPGGA,122627.00,6342.149655,N,01055.141574,E,2,12,0.7,12.04,M,40.11,M,6.0,0907*76
2021:01:22:13:26:28.261000,1611318388.261,$GPGGA,122628.00,6342.147978,N,01055.136440,E,2,12,0.7,12.03,M,40.11,M,7.0,0907*77
2021:01:22:13:26:29.261000,1611318389.261,$GPGGA,122629.00,6342.146345,N,01055.131306,E,2,12,0.7,12.05,M,40.11,M,8.0,0907*78
2021:01:22:13:26:30.261000,1611318390.261,$GPGGA,122630.00,6342.144693,N,01055.126119,E,2,12,0.7,12.04,M,40.11,M,9.0,0907*76
2021:01:22:13:26:31.260000,1611318391.26,$GPGGA,122631.00,6342.143027,N,01055.120966,E,2,12,0.7,12.04,M,40.11,M,10.0,0907*47
2021:01:22:13:26:32.260000,1611318392.26,$GPGGA,122632.00,6342.141361,N,01055.115834,E,2,12,0.7,12.04,M,40.11,M,11.0,0907*46
2021:01:22:13:26:33.260000,1611318393.26,$GPGGA,122633.00,6342.139722,N,01055.110667,E,2,12,0.7,12.05,M,40.11,M,12.0,0907*44
2021:01:22:13:26:35.261000,1611318395.261,$GPGGA,122635.00,6342.136433,N,01055.100308,E,2,12,0.7,12.06,M,40.11,M,8.0,0907*7B
2021:01:22:13:26:36.260000,1611318396.26,$GPGGA,122636.00,6342.134802,N,01055.095101,E,2,12,0.7,12.04,M,40.11,M,9.0,0907*71
2021:01:22:13:26:37.260000,1611318397.26,$GPGGA,122637.00,6342.133179,N,01055.089909,E,2,12,0.7,12.04,M,40.11,M,10.0,0907*47
2021:01:22:13:26:39.260000,1611318399.26,$GPGGA,122639.00,6342.129945,N,01055.079534,E,2,12,0.7,12.06,M,40.11,M,12.0,0907*48
2021:01:22:13:26:40.260000,1611318400.26,$GPGGA,122640.00,6342.128299,N,01055.074356,E,2,12,0.7,12.06,M,40.11,M,13.0,0907*43
2021:01:22:13:26:41.261000,1611318401.261,$GPGGA,122641.00,6342.126645,N,01055.069195,E,2,12,0.7,12.04,M,40.11,M,14.0,0907*4D
2021:01:22:13:26:43.261000,1611318403.261,$GPGGA,122643.00,6342.123337,N,01055.058961,E,2,12,0.7,12.05,M,40.11,M,16.0,0907*48
2021:01:22:13:26:44.261000,1611318404.261,$GPGGA,122644.00,6342.121660,N,01055.053820,E,2,12,0.7,12.00,M,40.11,M,6.0,0907*71
2021:01:22:13:26:45.261000,1611318405.261,$GPGGA,122645.00,6342.119989,N,01055.048727,E,2,12,0.7,12.00,M,40.11,M,7.0,0907*70
2021:01:22:13:26:46.261000,1611318406.261,$GPGGA,122646.00,6342.118323,N,01055.043599,E,2,12,0.7,12.00,M,40.11,M,8.0,0907*7B
2021:01:22:13:26:47.261000,1611318407.261,$GPGGA,122647.00,6342.116648,N,01055.038494,E,2,12,0.7,11.99,M,40.11,M,9.0,0907*7E
2021:01:22:13:26:48.262000,1611318408.262,$GPGGA,122648.00,6342.114992,N,01055.033358,E,2,12,0.7,12.00,M,40.11,M,10.0,0907*4C
2021:01:22:13:26:49.261000,1611318409.261,$GPGGA,122649.00,6342.113324,N,01055.028226,E,2,12,0.7,12.01,M,40.11,M,11.0,0907*4F
2021:01:22:13:26:51.261000,1611318411.261,$GPGGA,122651.00,6342.110000,N,01055.017949,E,2,12,0.7,12.01,M,40.11,M,8.0,0907*76
2021:01:22:13:26:52.261000,1611318412.261,$GPGGA,122652.00,6342.108363,N,01055.012787,E,2,12,0.7,12.01,M,40.11,M,9.0,0907*72
2021:01:22:13:26:53.261000,1611318413.261,$GPGGA,122653.00,6342.106717,N,01055.007605,E,2,12,0.7,12.01,M,40.11,M,10.0,0907*4D
2021:01:22:13:26:55.261000,1611318415.261,$GPGGA,122655.00,6342.103435,N,01054.997255,E,2,12,0.7,11.99,M,40.11,M,7.0,0907*79
2021:01:22:13:26:56.262000,1611318416.262,$GPGGA,122656.00,6342.101824,N,01054.992063,E,2,12,0.7,11.99,M,40.11,M,8.0,0907*79
2021:01:22:13:26:57.262000,1611318417.262,$GPGGA,122657.00,6342.100228,N,01054.986844,E,2,12,0.7,12.00,M,40.11,M,9.0,0907*75
2021:01:22:13:26:59.262000,1611318419.262,$GPGGA,122659.00,6342.096981,N,01054.976403,E,2,12,0.7,11.98,M,40.11,M,11.0,0907*46
2021:01:22:13:27:00.262000,1611318420.262,$GPGGA,122700.00,6342.095360,N,01054.971233,E,2,12,0.7,11.99,M,40.11,M,6.0,0907*78
2021:01:22:13:27:01.262000,1611318421.262,$GPGGA,122701.00,6342.093725,N,01054.966085,E,2,12,0.7,12.01,M,40.11,M,7.0,0907*70
2021:01:22:13:27:03.261000,1611318423.261,$GPGGA,122703.00,6342.090450,N,01054.955752,E,2,12,0.7,11.99,M,40.11,M,9.0,0907*71
2021:01:22:13:27:04.262000,1611318424.262,$GPGGA,122704.00,6342.088815,N,01054.950609,E,2,12,0.7,11.99,M,40.11,M,10.0,0907*40
2021:01:22:13:27:05.261000,1611318425.261,$GPGGA,122705.00,6342.087152,N,01054.945464,E,2,12,0.7,11.98,M,40.11,M,11.0,0907*49
2021:01:22:13:27:07.261000,1611318427.261,$GPGGA,122707.00,6342.083910,N,01054.935132,E,2,12,0.7,11.99,M,40.11,M,13.0,0907*43
2021:01:22:13:27:08.261000,1611318428.261,$GPGGA,122708.00,6342.082270,N,01054.929964,E,2,12,0.7,11.96,M,40.11,M,14.0,0907*4E
2021:01:22:13:27:09.261000,1611318429.261,$GPGGA,122709.00,6342.080613,N,01054.924850,E,2,12,0.7,11.96,M,40.11,M,15.0,0907*46
2021:01:22:13:27:10.262000,1611318430.262,$GPGGA,122710.00,6342.078930,N,01054.919722,E,2,12,0.7,11.95,M,40.11,M,16.0,0907*43
2021:01:22:13:27:11.262000,1611318431.262,$GPGGA,122711.00,6342.077261,N,01054.914594,E,2,12,0.7,11.99,M,40.11,M,6.0,0907*7D
2021:01:22:13:27:12.262000,1611318432.262,$GPGGA,122712.00,6342.075605,N,01054.909454,E,2,12,0.7,12.00,M,40.11,M,7.0,0907*79
2021:01:22:13:27:13.262000,1611318433.262,$GPGGA,122713.00,6342.073945,N,01054.904313,E,2,12,0.7,12.02,M,40.11,M,8.0,0907*71
2021:01:22:13:27:14.262000,1611318434.262,$GPGGA,122714.00,6342.072287,N,01054.899162,E,2,12,0.7,12.00,M,40.11,M,9.0,0907*70
2021:01:22:13:27:15.262000,1611318435.262,$GPGGA,122715.00,6342.070635,N,01054.893998,E,2,12,0.7,11.97,M,40.11,M,10.0,0907*4C
2021:01:22:13:27:16.262000,1611318436.262,$GPGGA,122716.00,6342.068980,N,01054.888857,E,2,12,0.7,11.99,M,40.11,M,11.0,0907*40
2021:01:22:13:27:17.262000,1611318437.262,$GPGGA,122717.00,6342.067345,N,01054.883699,E,2,12,0.7,12.01,M,40.11,M,7.0,0907*7F
2021:01:22:13:27:18.262000,1611318438.262,$GPGGA,122718.00,6342.065708,N,01054.878497,E,2,12,0.7,12.01,M,40.11,M,8.0,0907*78
2021:01:22:13:27:19.262000,1611318439.262,$GPGGA,122719.00,6342.064046,N,01054.873351,E,2,12,0.7,12.00,M,40.11,M,9.0,0907*73
2021:01:22:13:27:20.262000,1611318440.262,$GPGGA,122720.00,6342.062390,N,01054.868207,E,2,12,0.7,12.00,M,40.11,M,10.0,0907*47
2021:01:22:13:27:21.262000,1611318441.262,$GPGGA,122721.00,6342.060748,N,01054.863026,E,2,12,0.7,11.99,M,40.11,M,6.0,0907*7B
2021:01:22:13:27:22.262000,1611318442.262,$GPGGA,122722.00,6342.059121,N,01054.857819,E,2,12,0.7,11.99,M,40.11,M,7.0,0907*79
2021:01:22:13:27:23.262000,1611318443.262,$GPGGA,122723.00,6342.057498,N,01054.852575,E,2,12,0.7,11.97,M,40.11,M,8.0,0907*72
2021:01:22:13:27:24.262000,1611318444.262,$GPGGA,122724.00,6342.055831,N,01054.847420,E,2,12,0.7,11.99,M,40.11,M,9.0,0907*72
2021:01:22:13:27:25.263000,1611318445.263,$GPGGA,122725.00,6342.054171,N,01054.842257,E,2,12,0.7,12.00,M,40.12,M,10.0,0907*44
2021:01:22:13:27:26.263000,1611318446.263,$GPGGA,122726.00,6342.052516,N,01054.837094,E,2,12,0.7,11.99,M,40.12,M,11.0,0907*49
2021:01:22:13:27:27.263000,1611318447.263,$GPGGA,122727.00,6342.050833,N,01054.831943,E,2,12,0.7,11.99,M,40.12,M,7.0,0907*72
2021:01:22:13:27:28.263000,1611318448.263,$GPGGA,122728.00,6342.049167,N,01054.826790,E,2,12,0.7,11.99,M,40.12,M,8.0,0907*74
2021:01:22:13:27:29.263000,1611318449.263,$GPGGA,122729.00,6342.047498,N,01054.821625,E,2,12,0.7,11.99,M,40.12,M,9.0,0907*77
2021:01:22:13:27:30.263000,1611318450.263,$GPGGA,122730.00,6342.045839,N,01054.816455,E,2,12,0.7,11.99,M,40.12,M,10.0,0907*43
2021:01:22:13:27:31.263000,1611318451.263,$GPGGA,122731.00,6342.044169,N,01054.811307,E,2,12,0.7,12.00,M,40.12,M,5.0,0907*7F
2021:01:22:13:27:32.263000,1611318452.263,$GPGGA,122732.00,6342.042502,N,01054.806122,E,2,12,0.7,11.98,M,40.12,M,6.0,0907*71
2021:01:22:13:27:33.262000,1611318453.262,$GPGGA,122733.00,6342.040823,N,01054.800976,E,2,12,0.7,12.00,M,40.12,M,7.0,0907*70
2021:01:22:13:27:34.263000,1611318454.263,$GPGGA,122734.00,6342.039123,N,01054.795832,E,2,12,0.7,11.98,M,40.12,M,8.0,0907*7F
2021:01:22:13:27:35.262000,1611318455.262,$GPGGA,122735.00,6342.037485,N,01054.790663,E,2,12,0.7,12.00,M,40.12,M,9.0,0907*75
2021:01:22:13:27:37.262000,1611318457.262,$GPGGA,122737.00,6342.034199,N,01054.780229,E,2,12,0.7,11.99,M,40.12,M,11.0,0907*4D
2021:01:22:13:27:38.263000,1611318458.263,$GPGGA,122738.00,6342.032547,N,01054.775027,E,2,12,0.7,11.98,M,40.12,M,12.0,0907*47
2021:01:22:13:27:39.262000,1611318459.262,$GPGGA,122739.00,6342.030895,N,01054.769861,E,2,12,0.7,11.98,M,40.12,M,13.0,0907*40
2021:01:22:13:27:41.263000,1611318461.263,$GPGGA,122741.00,6342.027613,N,01054.759483,E,2,12,0.7,11.98,M,40.12,M,15.0,0907*4C
2021:01:22:13:27:42.263000,1611318462.263,$GPGGA,122742.00,6342.025968,N,01054.754283,E,2,12,0.7,11.96,M,40.12,M,16.0,0907*48
2021:01:22:13:27:43.263000,1611318463.263,$GPGGA,122743.00,6342.024327,N,01054.749087,E,2,12,0.7,11.96,M,40.12,M,17.0,0907*42
2021:01:22:13:27:45.263000,1611318465.263,$GPGGA,122745.00,6342.021116,N,01054.738613,E,2,12,0.7,11.98,M,40.12,M,11.0,0907*44
2021:01:22:13:27:46.263000,1611318466.263,$GPGGA,122746.00,6342.019520,N,01054.733323,E,2,12,0.7,11.96,M,40.12,M,12.0,0907*4D
2021:01:22:13:27:47.263000,1611318467.263,$GPGGA,122747.00,6342.017904,N,01054.728081,E,2,12,0.7,11.98,M,40.12,M,8.0,0907*7C
2021:01:22:13:27:49.263000,1611318469.263,$GPGGA,122749.00,6342.014630,N,01054.717701,E,2,12,0.7,11.99,M,40.12,M,10.0,0907*42
2021:01:22:13:27:50.263000,1611318470.263,$GPGGA,122750.00,6342.013015,N,01054.712454,E,2,12,0.7,11.99,M,40.12,M,7.0,0907*7C
2021:01:22:13:27:51.263000,1611318471.263,$GPGGA,122751.00,6342.011409,N,01054.707188,E,2,12,0.7,11.97,M,40.12,M,8.0,0907*77
2021:01:22:13:27:53.263000,1611318473.263,$GPGGA,122753.00,6342.008179,N,01054.696759,E,2,12,0.7,11.98,M,40.12,M,10.0,0907*4A
2021:01:22:13:27:54.264000,1611318474.264,$GPGGA,122754.00,6342.006559,N,01054.691539,E,2,12,0.7,11.97,M,40.12,M,5.0,0907*7D
2021:01:22:13:27:55.264000,1611318475.264,$GPGGA,122755.00,6342.004937,N,01054.686329,E,2,12,0.7,11.97,M,40.12,M,6.0,0907*78
2021:01:22:13:27:57.264000,1611318477.264,$GPGGA,122757.00,6342.001655,N,01054.675963,E,2,12,0.7,11.98,M,40.12,M,8.0,0907*7D
2021:01:22:13:27:58.264000,1611318478.264,$GPGGA,122758.00,6342.000003,N,01054.670807,E,2,12,0.7,11.96,M,40.12,M,9.0,0907*7F
2021:01:22:13:27:59.264000,1611318479.264,$GPGGA,122759.00,6341.998366,N,01054.665635,E,2,12,0.7,11.96,M,40.12,M,10.0,0907*46
2021:01:22:13:28:01.264000,1611318481.264,$GPGGA,122801.00,6341.995074,N,01054.655306,E,2,12,0.7,11.98,M,40.12,M,7.0,0907*77
2021:01:22:13:28:02.264000,1611318482.264,$GPGGA,122802.00,6341.993409,N,01054.650181,E,2,12,0.7,11.96,M,40.12,M,8.0,0907*75
2021:01:22:13:28:03.264000,1611318483.264,$GPGGA,122803.00,6341.991744,N,01054.645071,E,2,12,0.7,11.97,M,40.12,M,9.0,0907*76
2021:01:22:13:28:05.263000,1611318485.263,$GPGGA,122805.00,6341.988448,N,01054.634770,E,2,12,0.7,11.96,M,40.12,M,11.0,0907*4F
2021:01:22:13:28:06.263000,1611318486.263,$GPGGA,122806.00,6341.986804,N,01054.629571,E,2,12,0.7,11.94,M,40.12,M,12.0,0907*48
2021:01:22:13:28:07.263000,1611318487.263,$GPGGA,122807.00,6341.985183,N,01054.624414,E,2,12,0.7,11.97,M,40.12,M,13.0,0907*41
2021:01:22:13:28:08.263000,1611318488.263,$GPGGA,122808.00,6341.983519,N,01054.619225,E,2,12,0.7,11.99,M,40.12,M,9.0,0907*70
2021:01:22:13:28:09.264000,1611318489.264,$GPGGA,122809.00,6341.981876,N,01054.614080,E,2,12,0.7,12.00,M,40.12,M,10.0,0907*4C
2021:01:22:13:28:10.264000,1611318490.264,$GPGGA,122810.00,6341.980234,N,01054.608917,E,2,12,0.7,12.02,M,40.12,M,11.0,0907*40
2021:01:22:13:28:11.264000,1611318491.264,$GPGGA,122811.00,6341.978594,N,01054.603756,E,2,12,0.7,12.05,M,40.12,M,7.0,0907*7B
2021:01:22:13:28:12.264000,1611318492.264,$GPGGA,122812.00,6341.976958,N,01054.598575,E,2,12,0.7,12.04,M,40.12,M,8.0,0907*76
2021:01:22:13:28:13.264000,1611318493.264,$GPGGA,122813.00,6341.975336,N,01054.593358,E,2,12,0.7,12.04,M,40.12,M,9.0,0907*75
2021:01:22:13:28:14.264000,1611318494.264,$GPGGA,122814.00,6341.973722,N,01054.588157,E,2,12,0.7,12.04,M,40.12,M,4.0,0907*7F
2021:01:22:13:28:15.264000,1611318495.264,$GPGGA,122815.00,6341.972110,N,01054.582969,E,2,12,0.7,12.04,M,40.12,M,5.0,0907*76
2021:01:22:13:28:16.264000,1611318496.264,$GPGGA,122816.00,6341.970490,N,01054.577753,E,2,12,0.7,12.05,M,40.12,M,6.0,0907*75
2021:01:22:13:28:17.264000,1611318497.264,$GPGGA,122817.00,6341.968855,N,01054.572587,E,2,12,0.7,12.04,M,40.12,M,7.0,0907*76
2021:01:22:13:28:18.264000,1611318498.264,$GPGGA,122818.00,6341.967210,N,01054.567454,E,2,12,0.7,12.05,M,40.12,M,8.0,0907*78
2021:01:22:13:28:19.264000,1611318499.264,$GPGGA,122819.00,6341.965573,N,01054.562268,E,2,12,0.7,12.04,M,40.12,M,9.0,0907*75
2021:01:22:13:28:20.264000,1611318500.264,$GPGGA,122820.00,6341.963943,N,01054.557101,E,2,12,0.7,12.03,M,40.12,M,10.0,0907*43
2021:01:22:13:28:21.264000,1611318501.264,$GPGGA,122821.00,6341.962316,N,01054.551955,E,2,12,0.7,12.03,M,40.12,M,11.0,0907*47
2021:01:22:13:28:22.264000,1611318502.264,$GPGGA,122822.00,6341.960693,N,01054.546766,E,2,12,0.7,12.05,M,40.12,M,7.0,0907*77
2021:01:22:13:28:23.264000,1611318503.264,$GPGGA,122823.00,6341.959046,N,01054.541588,E,2,12,0.7,12.05,M,40.12,M,8.0,0907*78
2021:01:22:13:28:24.265000,1611318504.265,$GPGGA,122824.00,6341.957383,N,01054.536466,E,2,12,0.7,12.04,M,40.12,M,4.0,0907*77
2021:01:22:13:28:25.265000,1611318505.265,$GPGGA,122825.00,6341.955730,N,01054.531373,E,2,12,0.7,12.05,M,40.12,M,5.0,0907*7C
2021:01:22:13:28:26.265000,1611318506.265,$GPGGA,122826.00,6341.954081,N,01054.526207,E,2,12,0.7,12.06,M,40.12,M,6.0,0907*77
2021:01:22:13:28:27.265000,1611318507.265,$GPGGA,122827.00,6341.952430,N,01054.521057,E,2,12,0.7,12.04,M,40.12,M,7.0,0907*7D
2021:01:22:13:28:28.265000,1611318508.265,$GPGGA,122828.00,6341.950789,N,01054.515892,E,2,12,0.7,12.05,M,40.12,M,8.0,0907*79
2021:01:22:13:28:29.265000,1611318509.265,$GPGGA,122829.00,6341.949176,N,01054.510715,E,2,12,0.7,12.06,M,40.12,M,9.0,0907*71
2021:01:22:13:28:30.265000,1611318510.265,$GPGGA,122830.00,6341.947545,N,01054.505510,E,2,12,0.7,12.04,M,40.12,M,10.0,0907*4A
2021:01:22:13:28:31.265000,1611318511.265,$GPGGA,122831.00,6341.945922,N,01054.500346,E,2,12,0.7,12.03,M,40.12,M,5.0,0907*77
2021:01:22:13:28:32.265000,1611318512.265,$GPGGA,122832.00,6341.944296,N,01054.495148,E,2,12,0.7,12.04,M,40.12,M,6.0,0907*74
2021:01:22:13:28:33.265000,1611318513.265,$GPGGA,122833.00,6341.942698,N,01054.489957,E,2,12,0.7,12.05,M,40.13,M,7.0,0907*73
2021:01:22:13:28:34.265000,1611318514.265,$GPGGA,122834.00,6341.941084,N,01054.484733,E,2,12,0.7,12.05,M,40.13,M,8.0,0907*72
2021:01:22:13:28:35.265000,1611318515.265,$GPGGA,122835.00,6341.939475,N,01054.479509,E,2,12,0.7,12.04,M,40.13,M,9.0,0907*7F
2021:01:22:13:28:36.264000,1611318516.264,$GPGGA,122836.00,6341.937862,N,01054.474315,E,2,12,0.7,12.04,M,40.13,M,10.0,0907*46
2021:01:22:13:28:37.265000,1611318517.265,$GPGGA,122837.00,6341.936256,N,01054.469110,E,2,12,0.7,12.05,M,40.13,M,11.0,0907*40
2021:01:22:13:28:39.265000,1611318519.265,$GPGGA,122839.00,6341.932992,N,01054.458771,E,2,12,0.7,12.07,M,40.13,M,13.0,0907*4A
2021:01:22:13:28:40.265000,1611318520.265,$GPGGA,122840.00,6341.931347,N,01054.453649,E,2,12,0.7,12.07,M,40.13,M,14.0,0907*43
2021:01:22:13:28:41.265000,1611318521.265,$GPGGA,122841.00,6341.929701,N,01054.448495,E,2,12,0.7,12.04,M,40.13,M,15.0,0907*46
2021:01:22:13:28:43.265000,1611318523.265,$GPGGA,122843.00,6341.926442,N,01054.438162,E,2,12,0.7,12.03,M,40.13,M,17.0,0907*40
2021:01:22:13:28:44.265000,1611318524.265,$GPGGA,122844.00,6341.924806,N,01054.432992,E,2,12,0.7,12.02,M,40.13,M,18.0,0907*4A
2021:01:22:13:28:45.265000,1611318525.265,$GPGGA,122845.00,6341.923160,N,01054.427880,E,2,12,0.7,12.02,M,40.13,M,13.0,0907*48
2021:01:22:13:28:47.265000,1611318527.265,$GPGGA,122847.00,6341.919906,N,01054.417561,E,2,12,0.7,12.01,M,40.13,M,8.0,0907*73
2021:01:22:13:28:48.265000,1611318528.265,$GPGGA,122848.00,6341.918282,N,01054.412397,E,2,12,0.7,11.99,M,40.13,M,9.0,0907*73
2021:01:22:13:28:49.265000,1611318529.265,$GPGGA,122849.00,6341.916653,N,01054.407227,E,2,12,0.7,11.97,M,40.13,M,10.0,0907*4C
2021:01:22:13:28:51.265000,1611318531.265,$GPGGA,122851.00,6341.913442,N,01054.396855,E,2,12,0.7,11.99,M,40.13,M,7.0,0907*7A
2021:01:22:13:28:52.265000,1611318532.265,$GPGGA,122852.00,6341.911846,N,01054.391631,E,2,12,0.7,11.98,M,40.13,M,8.0,0907*76
2021:01:22:13:28:53.266000,1611318533.266,$GPGGA,122853.00,6341.910255,N,01054.386436,E,2,12,0.7,11.99,M,40.13,M,9.0,0907*7D
2021:01:22:13:28:55.266000,1611318535.266,$GPGGA,122855.00,6341.906987,N,01054.376120,E,2,12,0.7,12.00,M,40.13,M,6.0,0907*79
2021:01:22:13:28:56.266000,1611318536.266,$GPGGA,122856.00,6341.905337,N,01054.371000,E,2,12,0.7,12.01,M,40.13,M,7.0,0907*7C
2021:01:22:13:28:57.266000,1611318537.266,$GPGGA,122857.00,6341.903655,N,01054.365885,E,2,12,0.7,11.98,M,40.13,M,8.0,0907*76
2021:01:22:13:28:59.266000,1611318539.266,$GPGGA,122859.00,6341.900348,N,01054.355672,E,2,12,0.7,12.00,M,40.13,M,10.0,0907*4C
2021:01:22:13:29:00.266000,1611318540.266,$GPGGA,122900.00,6341.898704,N,01054.350532,E,2,12,0.7,11.99,M,40.13,M,11.0,0907*4D
2021:01:22:13:29:01.266000,1611318541.266,$GPGGA,122901.00,6341.897050,N,01054.345409,E,2,12,0.7,11.99,M,40.13,M,6.0,0907*7E
2021:01:22:13:29:03.266000,1611318543.266,$GPGGA,122903.00,6341.893755,N,01054.335124,E,2,12,0.7,12.00,M,40.13,M,8.0,0907*7A
2021:01:22:13:29:04.266000,1611318544.266,$GPGGA,122904.00,6341.892124,N,01054.329982,E,2,12,0.7,12.01,M,40.13,M,9.0,0907*75
2021:01:22:13:29:05.266000,1611318545.266,$GPGGA,122905.00,6341.890470,N,01054.324850,E,2,12,0.7,12.00,M,40.13,M,10.0,0907*48
2021:01:22:13:29:07.265000,1611318547.265,$GPGGA,122907.00,6341.887183,N,01054.314582,E,2,12,0.7,11.97,M,40.13,M,12.0,0907*4B
2021:01:22:13:29:08.267000,1611318548.267,$GPGGA,122908.00,6341.885565,N,01054.309415,E,2,12,0.7,11.98,M,40.13,M,8.0,0907*7D
2021:01:22:13:29:09.266000,1611318549.266,$GPGGA,122909.00,6341.883950,N,01054.304231,E,2,12,0.7,12.00,M,40.13,M,9.0,0907*7E
2021:01:22:13:29:11.266000,1611318551.266,$GPGGA,122911.00,6341.880738,N,01054.293824,E,2,12,0.7,11.99,M,40.13,M,11.0,0907*4F
2021:01:22:13:29:12.266000,1611318552.266,$GPGGA,122912.00,6341.879126,N,01054.288628,E,2,12,0.7,12.02,M,40.13,M,7.0,0907*7D
2021:01:22:13:29:13.266000,1611318553.266,$GPGGA,122913.00,6341.877528,N,01054.283443,E,2,12,0.7,12.04,M,40.13,M,8.0,0907*75
2021:01:22:13:29:14.266000,1611318554.266,$GPGGA,122914.00,6341.875910,N,01054.278245,E,2,12,0.7,12.04,M,40.13,M,9.0,0907*72
2021:01:22:13:29:15.266000,1611318555.266,$GPGGA,122915.00,6341.874268,N,01054.273072,E,2,12,0.7,12.01,M,40.13,M,10.0,0907*46
2021:01:22:13:29:16.266000,1611318556.266,$GPGGA,122916.00,6341.872658,N,01054.267903,E,2,12,0.7,12.04,M,40.13,M,11.0,0907*4A
2021:01:22:13:29:17.266000,1611318557.266,$GPGGA,122917.00,6341.871037,N,01054.262724,E,2,12,0.7,12.05,M,40.13,M,12.0,0907*4B
2021:01:22:13:29:18.266000,1611318558.266,$GPGGA,122918.00,6341.869420,N,01054.257538,E,2,12,0.7,12.05,M,40.13,M,7.0,0907*72
2021:01:22:13:29:19.266000,1611318559.266,$GPGGA,122919.00,6341.867797,N,01054.252330,E,2,12,0.7,12.05,M,40.13,M,8.0,0907*76
2021:01:22:13:29:20.266000,1611318560.266,$GPGGA,122920.00,6341.866207,N,01054.247137,E,2,12,0.7,12.06,M,40.13,M,9.0,0907*72
2021:01:22:13:29:21.266000,1611318561.266,$GPGGA,122921.00,6341.864589,N,01054.241952,E,2,12,0.7,12.07,M,40.13,M,10.0,0907*44
2021:01:22:13:29:22.266000,1611318562.266,$GPGGA,122922.00,6341.862976,N,01054.236757,E,2,12,0.7,12.06,M,40.13,M,11.0,0907*46
2021:01:22:13:29:23.267000,1611318563.267,$GPGGA,122923.00,6341.861377,N,01054.231580,E,2,12,0.7,12.08,M,40.13,M,12.0,0907*4D
2021:01:22:13:29:24.267000,1611318564.267,$GPGGA,122924.00,6341.859755,N,01054.226407,E,2,12,0.7,12.06,M,40.13,M,8.0,0907*78
2021:01:22:13:29:25.267000,1611318565.267,$GPGGA,122925.00,6341.858137,N,01054.221236,E,2,12,0.7,12.06,M,40.13,M,9.0,0907*78
2021:01:22:13:29:26.267000,1611318566.267,$GPGGA,122926.00,6341.856521,N,01054.216030,E,2,12,0.7,12.06,M,40.13,M,10.0,0907*4E
2021:01:22:13:29:27.267000,1611318567.267,$GPGGA,122927.00,6341.854925,N,01054.210856,E,2,12,0.7,12.07,M,40.13,M,11.0,0907*4B
2021:01:22:13:29:28.267000,1611318568.267,$GPGGA,122928.00,6341.853311,N,01054.205674,E,2,12,0.7,12.04,M,40.13,M,7.0,0907*70
2021:01:22:13:29:29.267000,1611318569.267,$GPGGA,122929.00,6341.851677,N,01054.200507,E,2,12,0.7,12.03,M,40.13,M,8.0,0907*7C
2021:01:22:13:29:30.267000,1611318570.267,$GPGGA,122930.00,6341.850034,N,01054.195367,E,2,12,0.7,12.03,M,40.13,M,9.0,0907*7A
2021:01:22:13:29:31.267000,1611318571.267,$GPGGA,122931.00,6341.848407,N,01054.190231,E,2,12,0.7,12.04,M,40.13,M,10.0,0907*4E
2021:01:22:13:29:32.267000,1611318572.267,$GPGGA,122932.00,6341.846768,N,01054.185073,E,2,12,0.7,12.02,M,40.13,M,6.0,0907*78
2021:01:22:13:29:33.267000,1611318573.267,$GPGGA,122933.00,6341.845134,N,01054.179930,E,2,12,0.7,12.02,M,40.13,M,7.0,0907*79
2021:01:22:13:29:34.267000,1611318574.267,$GPGGA,122934.00,6341.843486,N,01054.174818,E,2,12,0.7,12.03,M,40.13,M,8.0,0907*7C
2021:01:22:13:29:35.267000,1611318575.267,$GPGGA,122935.00,6341.841841,N,01054.169628,E,2,12,0.7,12.03,M,40.13,M,9.0,0907*78
2021:01:22:13:29:36.267000,1611318576.267,$GPGGA,122936.00,6341.840205,N,01054.164488,E,2,12,0.7,12.05,M,40.13,M,10.0,0907*4B
2021:01:22:13:29:37.268000,1611318577.268,$GPGGA,122937.00,6341.838572,N,01054.159332,E,2,12,0.7,12.05,M,40.13,M,11.0,0907*4B
2021:01:22:13:29:38.267000,1611318578.267,$GPGGA,122938.00,6341.836935,N,01054.154183,E,2,12,0.7,12.03,M,40.13,M,6.0,0907*70
2021:01:22:13:29:39.267000,1611318579.267,$GPGGA,122939.00,6341.835290,N,01054.149011,E,2,12,0.7,12.03,M,40.13,M,7.0,0907*71
2021:01:22:13:29:40.267000,1611318580.267,$GPGGA,122940.00,6341.833646,N,01054.143838,E,2,12,0.7,12.03,M,40.13,M,8.0,0907*70
2021:01:22:13:29:41.267000,1611318581.267,$GPGGA,122941.00,6341.832034,N,01054.138677,E,2,12,0.7,12.05,M,40.13,M,9.0,0907*7D
2021:01:22:13:29:42.267000,1611318582.267,$GPGGA,122942.00,6341.830427,N,01054.133462,E,2,12,0.7,12.03,M,40.14,M,10.0,0907*4E
2021:01:22:13:29:43.267000,1611318583.267,$GPGGA,122943.00,6341.828824,N,01054.128231,E,2,12,0.7,12.02,M,40.14,M,11.0,0907*43
2021:01:22:13:29:45.267000,1611318585.267,$GPGGA,122945.00,6341.825624,N,01054.117798,E,2,12,0.7,12.02,M,40.14,M,8.0,0907*74
2021:01:22:13:29:46.267000,1611318586.267,$GPGGA,122946.00,6341.824030,N,01054.112591,E,2,12,0.7,12.00,M,40.14,M,9.0,0907*78
2021:01:22:13:29:47.267000,1611318587.267,$GPGGA,122947.00,6341.822408,N,01054.107378,E,2,12,0.7,12.00,M,40.14,M,10.0,0907*4D
2021:01:22:13:29:49.267000,1611318589.267,$GPGGA,122949.00,6341.819199,N,01054.096974,E,2,12,0.7,12.01,M,40.14,M,7.0,0907*7E
2021:01:22:13:29:50.267000,1611318590.267,$GPGGA,122950.00,6341.817579,N,01054.091740,E,2,12,0.7,12.00,M,40.14,M,8.0,0907*72
2021:01:22:13:29:51.268000,1611318591.268,$GPGGA,122951.00,6341.815948,N,01054.086538,E,2,12,0.7,12.00,M,40.14,M,9.0,0907*75
2021:01:22:13:29:53.268000,1611318593.268,$GPGGA,122953.00,6341.812693,N,01054.076169,E,2,12,0.7,11.98,M,40.14,M,11.0,0907*4D
2021:01:22:13:29:54.268000,1611318594.268,$GPGGA,122954.00,6341.811070,N,01054.070962,E,2,12,0.7,11.97,M,40.14,M,12.0,0907*4B
2021:01:22:13:29:55.268000,1611318595.268,$GPGGA,122955.00,6341.809410,N,01054.065816,E,2,12,0.7,11.99,M,40.14,M,7.0,0907*7D
2021:01:22:13:29:57.268000,1611318597.268,$GPGGA,122957.00,6341.806126,N,01054.055465,E,2,12,0.7,12.00,M,40.14,M,9.0,0907*76
2021:01:22:13:29:58.268000,1611318598.268,$GPGGA,122958.00,6341.804512,N,01054.050249,E,2,12,0.7,11.99,M,40.14,M,10.0,0907*4E
2021:01:22:13:29:59.268000,1611318599.268,$GPGGA,122959.00,6341.802898,N,01054.045044,E,2,12,0.7,11.98,M,40.14,M,6.0,0907*7B
2021:01:22:13:30:00.268000,1611318600.268,$GPGGA,123000.00,6341.801275,N,01054.039804,E,2,12,0.7,11.98,M,40.14,M,7.0,0907*73
2021:01:22:13:30:01.268000,1611318601.268,$GPGGA,123001.00,6341.799644,N,01054.034626,E,2,12,0.7,11.99,M,40.14,M,8.0,0907*77
2021:01:22:13:30:02.268000,1611318602.268,$GPGGA,123002.00,6341.798021,N,01054.029426,E,2,12,0.7,12.01,M,40.14,M,9.0,0907*7D
2021:01:22:13:30:03.268000,1611318603.268,$GPGGA,123003.00,6341.796437,N,01054.024155,E,2,12,0.7,12.00,M,40.14,M,10.0,0907*44
2021:01:22:13:30:05.268000,1611318605.268,$GPGGA,123005.00,6341.793200,N,01054.013731,E,2,12,0.7,11.99,M,40.14,M,6.0,0907*71
2021:01:22:13:30:06.269000,1611318606.269,$GPGGA,123006.00,6341.791593,N,01054.008536,E,2,12,0.7,11.99,M,40.14,M,7.0,0907*73
2021:01:22:13:30:07.269000,1611318607.269,$GPGGA,123007.00,6341.789983,N,01054.003295,E,2,12,0.7,11.99,M,40.14,M,8.0,0907*7C
2021:01:22:13:30:09.269000,1611318609.269,$GPGGA,123009.00,6341.786763,N,01053.992828,E,2,12,0.7,12.02,M,40.14,M,10.0,0907*4F
2021:01:22:13:30:10.268000,1611318610.268,$GPGGA,123010.00,6341.785129,N,01053.987635,E,2,12,0.7,12.02,M,40.14,M,11.0,0907*4B
2021:01:22:13:30:11.268000,1611318611.268,$GPGGA,123011.00,6341.783498,N,01053.982459,E,2,12,0.7,12.03,M,40.14,M,12.0,0907*4C
2021:01:22:13:30:12.268000,1611318612.268,$GPGGA,123012.00,6341.781857,N,01053.977256,E,2,12,0.7,12.03,M,40.14,M,13.0,0907*40
2021:01:22:13:30:13.268000,1611318613.268,$GPGGA,123013.00,6341.780242,N,01053.972029,E,2,12,0.7,11.98,M,40.14,M,9.0,0907*7B
2021:01:22:13:30:14.268000,1611318614.268,$GPGGA,123014.00,6341.778634,N,01053.966832,E,2,12,0.7,12.00,M,40.14,M,10.0,0907*43
2021:01:22:13:30:15.268000,1611318615.268,$GPGGA,123015.00,6341.776996,N,01053.961663,E,2,12,0.7,12.01,M,40.14,M,5.0,0907*73
2021:01:22:13:30:16.268000,1611318616.268,$GPGGA,123016.00,6341.775357,N,01053.956431,E,2,12,0.7,11.99,M,40.14,M,6.0,0907*74
2021:01:22:13:30:17.268000,1611318617.268,$GPGGA,123017.00,6341.773758,N,01053.951194,E,2,12,0.7,11.99,M,40.14,M,7.0,0907*74
2021:01:22:13:30:18.268000,1611318618.268,$GPGGA,123018.00,6341.772150,N,01053.945956,E,2,12,0.7,12.00,M,40.14,M,8.0,0907*7B
2021:01:22:13:30:19.268000,1611318619.268,$GPGGA,123019.00,6341.770545,N,01053.940703,E,2,12,0.7,12.01,M,40.14,M,9.0,0907*73
2021:01:22:13:30:20.268000,1611318620.268,$GPGGA,123020.00,6341.768942,N,01053.935474,E,2,12,0.7,12.02,M,40.14,M,10.0,0907*41
2021:01:22:13:30:21.269000,1611318621.269,$GPGGA,123021.00,6341.767332,N,01053.930239,E,2,12,0.7,12.00,M,40.14,M,11.0,0907*4B
2021:01:22:13:30:22.269000,1611318622.269,$GPGGA,123022.00,6341.765721,N,01053.925017,E,2,12,0.7,12.01,M,40.14,M,7.0,0907*70
2021:01:22:13:30:23.269000,1611318623.269,$GPGGA,123023.00,6341.764087,N,01053.919800,E,2,12,0.7,12.02,M,40.14,M,8.0,0907*76
2021:01:22:13:30:24.269000,1611318624.269,$GPGGA,123024.00,6341.762448,N,01053.914619,E,2,12,0.7,12.03,M,40.14,M,9.0,0907*7B
2021:01:22:13:30:25.269000,1611318625.269,$GPGGA,123025.00,6341.760798,N,01053.909469,E,2,12,0.7,12.03,M,40.14,M,5.0,0907*73
2021:01:22:13:30:26.269000,1611318626.269,$GPGGA,123026.00,6341.759151,N,01053.904278,E,2,12,0.7,12.01,M,40.14,M,6.0,0907*73
2021:01:22:13:30:27.269000,1611318627.269,$GPGGA,123027.00,6341.757523,N,01053.899094,E,2,12,0.7,12.02,M,40.14,M,7.0,0907*7A
2021:01:22:13:30:28.269000,1611318628.269,$GPGGA,123028.00,6341.755885,N,01053.893858,E,2,12,0.7,12.02,M,40.14,M,8.0,0907*7B
2021:01:22:13:30:29.269000,1611318629.269,$GPGGA,123029.00,6341.754253,N,01053.888657,E,2,12,0.7,12.01,M,40.14,M,9.0,0907*73
2021:01:22:13:30:30.269000,1611318630.269,$GPGGA,123030.00,6341.752622,N,01053.883472,E,2,12,0.7,12.00,M,40.14,M,10.0,0907*48
2021:01:22:13:30:31.269000,1611318631.269,$GPGGA,123031.00,6341.750976,N,01053.878271,E,2,12,0.7,11.99,M,40.14,M,11.0,0907*46
2021:01:22:13:30:32.269000,1611318632.269,$GPGGA,123032.00,6341.749360,N,01053.873033,E,2,12,0.7,12.00,M,40.14,M,7.0,0907*7B
2021:01:22:13:30:33.269000,1611318633.269,$GPGGA,123033.00,6341.747754,N,01053.867788,E,2,12,0.7,12.00,M,40.14,M,8.0,0907*7A
2021:01:22:13:30:34.269000,1611318634.269,$GPGGA,123034.00,6341.746147,N,01053.862562,E,2,12,0.7,12.00,M,40.14,M,9.0,0907*7A
2021:01:22:13:30:35.269000,1611318635.269,$GPGGA,123035.00,6341.744527,N,01053.857307,E,2,12,0.7,11.98,M,40.14,M,10.0,0907*42
2021:01:22:13:30:36.270000,1611318636.27,$GPGGA,123036.00,6341.742908,N,01053.852075,E,2,12,0.7,11.98,M,40.14,M,6.0,0907*72
2021:01:22:13:30:37.270000,1611318637.27,$GPGGA,123037.00,6341.741280,N,01053.846856,E,2,12,0.7,12.00,M,40.14,M,7.0,0907*74
2021:01:22:13:30:38.270000,1611318638.27,$GPGGA,123038.00,6341.739675,N,01053.841620,E,2,12,0.7,12.02,M,40.14,M,8.0,0907*7F
2021:01:22:13:30:39.270000,1611318639.27,$GPGGA,123039.00,6341.738039,N,01053.836400,E,2,12,0.7,12.01,M,40.14,M,9.0,0907*73
2021:01:22:13:30:40.270000,1611318640.27,$GPGGA,123040.00,6341.736405,N,01053.831173,E,2,12,0.7,12.00,M,40.14,M,10.0,0907*47
2021:01:22:13:30:41.269000,1611318641.269,$GPGGA,123041.00,6341.734771,N,01053.826000,E,2,12,0.7,12.02,M,40.14,M,11.0,0907*44
2021:01:22:13:30:43.270000,1611318643.27,$GPGGA,123043.00,6341.731503,N,01053.815617,E,2,12,0.7,12.00,M,40.14,M,13.0,0907*44
2021:01:22:13:30:44.269000,1611318644.269,$GPGGA,123044.00,6341.729864,N,01053.810421,E,2,12,0.7,11.99,M,40.14,M,14.0,0907*40
2021:01:22:13:30:45.269000,1611318645.269,$GPGGA,123045.00,6341.728235,N,01053.805255,E,2,12,0.7,11.99,M,40.14,M,15.0,0907*4E
2021:01:22:13:30:47.269000,1611318647.269,$GPGGA,123047.00,6341.724956,N,01053.794902,E,2,12,0.7,12.02,M,40.14,M,11.0,0907*45
2021:01:22:13:30:48.269000,1611318648.269,$GPGGA,123048.00,6341.723299,N,01053.789763,E,2,12,0.7,12.04,M,40.14,M,6.0,0907*70
2021:01:22:13:30:49.269000,1611318649.269,$GPGGA,123049.00,6341.721636,N,01053.784632,E,2,12,0.7,12.05,M,40.15,M,7.0,0907*7B
2021:01:22:13:30:50.269000,1611318650.269,$GPGGA,123050.00,6341.719962,N,01053.779467,E,2,12,0.7,12.03,M,40.15,M,8.0,0907*7F
2021:01:22:13:30:51.270000,1611318651.27,$GPGGA,123051.00,6341.718326,N,01053.774284,E,2,12,0.7,12.05,M,40.15,M,9.0,0907*74
2021:01:22:13:30:52.270000,1611318652.27,$GPGGA,123052.00,6341.716698,N,01053.769152,E,2,12,0.7,12.07,M,40.15,M,5.0,0907*73
2021:01:22:13:30:53.270000,1611318653.27,$GPGGA,123053.00,6341.715058,N,01053.763989,E,2,12,0.7,12.07,M,40.15,M,6.0,0907*7C
2021:01:22:13:30:55.270000,1611318655.27,$GPGGA,123055.00,6341.711829,N,01053.753549,E,2,12,0.7,12.08,M,40.15,M,8.0,0907*72
2021:01:22:13:30:56.270000,1611318656.27,$GPGGA,123056.00,6341.710235,N,01053.748333,E,2,12,0.7,12.08,M,40.15,M,9.0,0907*77
2021:01:22:13:30:57.270000,1611318657.27,$GPGGA,123057.00,6341.708641,N,01053.743102,E,2,12,0.7,12.06,M,40.15,M,10.0,0907*45
2021:01:22:13:30:59.270000,1611318659.27,$GPGGA,123059.00,6341.705479,N,01053.732621,E,2,12,0.7,12.05,M,40.15,M,7.0,0907*7A
2021:01:22:13:31:00.270000,1611318660.27,$GPGGA,123100.00,6341.703905,N,01053.727339,E,2,12,0.7,12.04,M,40.15,M,8.0,0907*71
2021:01:22:13:31:01.270000,1611318661.27,$GPGGA,123101.00,6341.702328,N,01053.722095,E,2,12,0.7,12.07,M,40.15,M,9.0,0907*76
2021:01:22:13:31:03.270000,1611318663.27,$GPGGA,123103.00,6341.699153,N,01053.711601,E,2,12,0.7,12.05,M,40.15,M,11.0,0907*49
2021:01:22:13:31:04.270000,1611318664.27,$GPGGA,123104.00,6341.697564,N,01053.706366,E,2,12,0.7,12.06,M,40.15,M,12.0,0907*42
2021:01:22:13:31:05.270000,1611318665.27,$GPGGA,123105.00,6341.695991,N,01053.701125,E,2,12,0.7,12.07,M,40.15,M,7.0,0907*70
2021:01:22:13:31:07.271000,1611318667.271,$GPGGA,123107.00,6341.692829,N,01053.690615,E,2,12,0.7,12.05,M,40.15,M,9.0,0907*76
2021:01:22:13:31:08.271000,1611318668.271,$GPGGA,123108.00,6341.691266,N,01053.685389,E,2,12,0.7,12.07,M,40.15,M,10.0,0907*45
2021:01:22:13:31:09.271000,1611318669.271,$GPGGA,123109.00,6341.689680,N,01053.680156,E,2,12,0.7,12.06,M,40.15,M,6.0,0907*72
2021:01:22:13:31:10.270000,1611318670.27,$GPGGA,123110.00,6341.688097,N,01053.674943,E,2,12,0.7,12.05,M,40.15,M,7.0,0907*7E
2021:01:22:13:31:11.270000,1611318671.27,$GPGGA,123111.00,6341.686515,N,01053.669711,E,2,12,0.7,12.05,M,40.15,M,8.0,0907*74
2021:01:22:13:31:12.270000,1611318672.27,$GPGGA,123112.00,6341.684926,N,01053.664506,E,2,12,0.7,12.05,M,40.15,M,9.0,0907*71
2021:01:22:13:31:13.270000,1611318673.27,$GPGGA,123113.00,6341.683343,N,01053.659330,E,2,12,0.7,12.04,M,40.15,M,5.0,0907*7E
2021:01:22:13:31:15.270000,1611318675.27,$GPGGA,123115.00,6341.680142,N,01053.648980,E,2,12,0.7,12.03,M,40.15,M,7.0,0907*7C
2021:01:22:13:31:16.270000,1611318676.27,$GPGGA,123116.00,6341.678550,N,01053.643808,E,2,12,0.7,12.03,M,40.15,M,8.0,0907*7A
2021:01:22:13:31:17.270000,1611318677.27,$GPGGA,123117.00,6341.676945,N,01053.638648,E,2,12,0.7,12.01,M,40.15,M,9.0,0907*78
2021:01:22:13:31:18.270000,1611318678.27,$GPGGA,123118.00,6341.675317,N,01053.633523,E,2,12,0.7,12.00,M,40.15,M,10.0,0907*45
2021:01:22:13:31:19.270000,1611318679.27,$GPGGA,123119.00,6341.673714,N,01053.628375,E,2,12,0.7,12.00,M,40.15,M,11.0,0907*4B
2021:01:22:13:31:20.270000,1611318680.27,$GPGGA,123120.00,6341.672120,N,01053.623194,E,2,12,0.7,11.99,M,40.15,M,12.0,0907*47
2021:01:22:13:31:21.271000,1611318681.271,$GPGGA,123121.00,6341.670501,N,01053.618037,E,2,12,0.7,11.98,M,40.15,M,13.0,0907*43
2021:01:22:13:31:22.271000,1611318682.271,$GPGGA,123122.00,6341.668870,N,01053.612951,E,2,12,0.7,11.99,M,40.15,M,14.0,0907*47
2021:01:22:13:31:23.271000,1611318683.271,$GPGGA,123123.00,6341.667227,N,01053.607840,E,2,12,0.7,12.00,M,40.15,M,5.0,0907*77
2021:01:22:13:31:24.273000,1611318684.273,$GPGGA,123124.00,6341.665608,N,01053.602689,E,2,12,0.7,12.00,M,40.15,M,6.0,0907*76
2021:01:22:13:31:25.271000,1611318685.271,$GPGGA,123125.00,6341.663987,N,01053.597554,E,2,12,0.7,11.99,M,40.15,M,7.0,0907*77
2021:01:22:13:31:26.271000,1611318686.271,$GPGGA,123126.00,6341.662338,N,01053.592493,E,2,12,0.7,11.97,M,40.15,M,8.0,0907*75
2021:01:22:13:31:27.271000,1611318687.271,$GPGGA,123127.00,6341.660684,N,01053.587406,E,2,12,0.7,11.97,M,40.15,M,9.0,0907*7D
2021:01:22:13:31:28.271000,1611318688.271,$GPGGA,123128.00,6341.659028,N,01053.582322,E,2,12,0.7,11.97,M,40.15,M,10.0,0907*44
2021:01:22:13:31:29.271000,1611318689.271,$GPGGA,123129.00,6341.657374,N,01053.577226,E,2,12,0.7,11.99,M,40.15,M,6.0,0907*77
2021:01:22:13:31:30.271000,1611318690.271,$GPGGA,123130.00,6341.655753,N,01053.572106,E,2,12,0.7,11.97,M,40.15,M,7.0,0907*77
2021:01:22:13:31:31.271000,1611318691.271,$GPGGA,123131.00,6341.654121,N,01053.566990,E,2,12,0.7,11.97,M,40.15,M,8.0,0907*79
2021:01:22:13:31:32.271000,1611318692.271,$GPGGA,123132.00,6341.652475,N,01053.561831,E,2,12,0.7,11.96,M,40.15,M,9.0,0907*75
2021:01:22:13:31:33.271000,1611318693.271,$GPGGA,123133.00,6341.650844,N,01053.556677,E,2,12,0.7,11.93,M,40.15,M,10.0,0907*4D
2021:01:22:13:31:34.271000,1611318694.271,$GPGGA,123134.00,6341.649234,N,01053.551536,E,2,12,0.7,11.95,M,40.15,M,11.0,0907*49
2021:01:22:13:31:35.272000,1611318695.272,$GPGGA,123135.00,6341.647611,N,01053.546370,E,2,12,0.7,11.93,M,40.15,M,12.0,0907*42
2021:01:22:13:31:36.272000,1611318696.272,$GPGGA,123136.00,6341.645968,N,01053.541226,E,2,12,0.7,11.93,M,40.15,M,13.0,0907*46
2021:01:22:13:31:37.272000,1611318697.272,$GPGGA,123137.00,6341.644320,N,01053.536114,E,2,12,0.7,11.95,M,40.15,M,9.0,0907*7F
2021:01:22:13:31:38.272000,1611318698.272,$GPGGA,123138.00,6341.642686,N,01053.531012,E,2,12,0.7,11.94,M,40.15,M,10.0,0907*46
2021:01:22:13:31:39.272000,1611318699.272,$GPGGA,123139.00,6341.641056,N,01053.525856,E,2,12,0.7,11.96,M,40.15,M,11.0,0907*41
2021:01:22:13:31:40.272000,1611318700.272,$GPGGA,123140.00,6341.639408,N,01053.520746,E,2,12,0.7,11.96,M,40.15,M,12.0,0907*47
2021:01:22:13:31:41.272000,1611318701.272,$GPGGA,123141.00,6341.637748,N,01053.515643,E,2,12,0.7,11.93,M,40.15,M,13.0,0907*49
2021:01:22:13:31:42.272000,1611318702.272,$GPGGA,123142.00,6341.636075,N,01053.510557,E,2,12,0.7,11.93,M,40.15,M,14.0,0907*46
2021:01:22:13:31:43.271000,1611318703.271,$GPGGA,123143.00,6341.634409,N,01053.505459,E,2,12,0.7,11.95,M,40.15,M,9.0,0907*7B
2021:01:22:13:31:45.271000,1611318705.271,$GPGGA,123145.00,6341.631101,N,01053.495278,E,2,12,0.7,11.98,M,40.15,M,11.0,0907*4C
2021:01:22:13:31:46.271000,1611318706.271,$GPGGA,123146.00,6341.629443,N,01053.490171,E,2,12,0.7,11.98,M,40.15,M,7.0,0907*7D
2021:01:22:13:31:47.271000,1611318707.271,$GPGGA,123147.00,6341.627780,N,01053.485115,E,2,12,0.7,11.97,M,40.15,M,8.0,0907*78
2021:01:22:13:31:49.271000,1611318709.271,$GPGGA,123149.00,6341.624443,N,01053.474964,E,2,12,0.7,11.97,M,40.15,M,5.0,0907*74
2021:01:22:13:31:50.272000,1611318710.272,$GPGGA,123150.00,6341.622806,N,01053.469869,E,2,12,0.7,12.00,M,40.15,M,6.0,0907*79
2021:01:22:13:31:51.272000,1611318711.272,$GPGGA,123151.00,6341.621143,N,01053.464783,E,2,12,0.7,12.03,M,40.15,M,7.0,0907*77
2021:01:22:13:31:53.272000,1611318713.272,$GPGGA,123153.00,6341.617790,N,01053.454638,E,2,12,0.7,12.00,M,40.15,M,9.0,0907*77
2021:01:22:13:31:54.272000,1611318714.272,$GPGGA,123154.00,6341.616132,N,01053.449552,E,2,12,0.7,11.99,M,40.15,M,10.0,0907*47
2021:01:22:13:31:55.272000,1611318715.272,$GPGGA,123155.00,6341.614485,N,01053.444467,E,2,12,0.7,12.01,M,40.15,M,11.0,0907*44
2021:01:22:13:31:57.272000,1611318717.272,$GPGGA,123157.00,6341.611145,N,01053.434294,E,2,12,0.7,12.01,M,40.15,M,8.0,0907*7F
2021:01:22:13:31:58.272000,1611318718.272,$GPGGA,123158.00,6341.609495,N,01053.429222,E,2,12,0.7,12.02,M,40.16,M,9.0,0907*71
2021:01:22:13:31:59.272000,1611318719.272,$GPGGA,123159.00,6341.607864,N,01053.424064,E,2,12,0.7,12.02,M,40.16,M,10.0,0907*49
2021:01:22:13:32:00.272000,1611318720.272,$GPGGA,123200.00,6341.606212,N,01053.418945,E,2,12,0.7,12.01,M,40.16,M,5.0,0907*7E
2021:01:22:13:32:01.272000,1611318721.272,$GPGGA,123201.00,6341.604566,N,01053.413842,E,2,12,0.7,12.00,M,40.16,M,6.0,0907*76
2021:01:22:13:32:02.272000,1611318722.272,$GPGGA,123202.00,6341.602908,N,01053.408733,E,2,12,0.7,12.01,M,40.16,M,7.0,0907*74
2021:01:22:13:32:03.272000,1611318723.272,$GPGGA,123203.00,6341.601255,N,01053.403651,E,2,12,0.7,12.00,M,40.16,M,8.0,0907*75
2021:01:22:13:32:05.273000,1611318725.273,$GPGGA,123205.00,6341.597959,N,01053.393397,E,2,12,0.7,11.99,M,40.16,M,10.0,0907*43
2021:01:22:13:32:06.273000,1611318726.273,$GPGGA,123206.00,6341.596314,N,01053.388299,E,2,12,0.7,11.99,M,40.16,M,6.0,0907*70
2021:01:22:13:32:07.273000,1611318727.273,$GPGGA,123207.00,6341.594657,N,01053.383198,E,2,12,0.7,11.98,M,40.16,M,7.0,0907*78
2021:01:22:13:32:09.273000,1611318729.273,$GPGGA,123209.00,6341.591374,N,01053.372960,E,2,12,0.7,11.97,M,40.16,M,9.0,0907*77
2021:01:22:13:32:10.273000,1611318730.273,$GPGGA,123210.00,6341.589716,N,01053.367818,E,2,12,0.7,11.98,M,40.16,M,5.0,0907*7F
2021:01:22:13:32:11.273000,1611318731.273,$GPGGA,123211.00,6341.588080,N,01053.362659,E,2,12,0.7,11.99,M,40.16,M,6.0,0907*7B
2021:01:22:13:32:13.273000,1611318733.273,$GPGGA,123213.00,6341.584771,N,01053.352462,E,2,12,0.7,12.02,M,40.16,M,8.0,0907*7A
2021:01:22:13:32:14.272000,1611318734.272,$GPGGA,123214.00,6341.583092,N,01053.347395,E,2,12,0.7,12.02,M,40.16,M,9.0,0907*7A
2021:01:22:13:32:15.272000,1611318735.272,$GPGGA,123215.00,6341.581417,N,01053.342289,E,2,12,0.7,12.00,M,40.16,M,10.0,0907*43
2021:01:22:13:32:17.272000,1611318737.272,$GPGGA,123217.00,6341.578146,N,01053.332015,E,2,12,0.7,12.01,M,40.16,M,6.0,0907*70
2021:01:22:13:32:18.272000,1611318738.272,$GPGGA,123218.00,6341.576491,N,01053.326947,E,2,12,0.7,12.02,M,40.16,M,7.0,0907*77
2021:01:22:13:32:19.272000,1611318739.272,$GPGGA,123219.00,6341.574842,N,01053.321822,E,2,12,0.7,12.02,M,40.16,M,8.0,0907*7C
2021:01:22:13:32:20.273000,1611318740.273,$GPGGA,123220.00,6341.573199,N,01053.316685,E,2,12,0.7,12.01,M,40.16,M,9.0,0907*7B
2021:01:22:13:32:21.273000,1611318741.273,$GPGGA,123221.00,6341.571557,N,01053.311568,E,2,12,0.7,12.02,M,40.16,M,10.0,0907*42
2021:01:22:13:32:22.273000,1611318742.273,$GPGGA,123222.00,6341.569922,N,01053.306434,E,2,12,0.7,12.02,M,40.16,M,11.0,0907*49
2021:01:22:13:32:23.273000,1611318743.273,$GPGGA,123223.00,6341.568296,N,01053.301314,E,2,12,0.7,12.05,M,40.16,M,12.0,0907*4B
2021:01:22:13:32:24.273000,1611318744.273,$GPGGA,123224.00,6341.566652,N,01053.296202,E,2,12,0.7,12.05,M,40.16,M,13.0,0907*46
2021:01:22:13:32:25.273000,1611318745.273,$GPGGA,123225.00,6341.565011,N,01053.291062,E,2,12,0.7,12.03,M,40.16,M,14.0,0907*47
2021:01:22:13:32:26.273000,1611318746.273,$GPGGA,123226.00,6341.563381,N,01053.285955,E,2,12,0.7,12.01,M,40.16,M,5.0,0907*72
2021:01:22:13:32:27.273000,1611318747.273,$GPGGA,123227.00,6341.561739,N,01053.280870,E,2,12,0.7,12.03,M,40.16,M,6.0,0907*74
2021:01:22:13:32:28.273000,1611318748.273,$GPGGA,123228.00,6341.560078,N,01053.275817,E,2,12,0.7,12.05,M,40.16,M,7.0,0907*74
2021:01:22:13:32:29.273000,1611318749.273,$GPGGA,123229.00,6341.558423,N,01053.270740,E,2,12,0.7,12.05,M,40.16,M,8.0,0907*73
2021:01:22:13:32:30.273000,1611318750.273,$GPGGA,123230.00,6341.556756,N,01053.265668,E,2,12,0.7,12.05,M,40.16,M,9.0,0907*7A
2021:01:22:13:32:31.273000,1611318751.273,$GPGGA,123231.00,6341.555082,N,01053.260622,E,2,12,0.7,12.07,M,40.16,M,10.0,0907*47
2021:01:22:13:32:32.273000,1611318752.273,$GPGGA,123232.00,6341.553435,N,01053.255543,E,2,12,0.7,12.07,M,40.16,M,11.0,0907*49
2021:01:22:13:32:33.273000,1611318753.273,$GPGGA,123233.00,6341.551781,N,01053.250469,E,2,12,0.7,12.05,M,40.16,M,7.0,0907*7F
2021:01:22:13:32:34.273000,1611318754.273,$GPGGA,123234.00,6341.550110,N,01053.245428,E,2,12,0.7,12.06,M,40.16,M,8.0,0907*7A
2021:01:22:13:32:35.274000,1611318755.274,$GPGGA,123235.00,6341.548449,N,01053.240370,E,2,12,0.7,12.07,M,40.16,M,9.0,0907*74
2021:01:22:13:32:36.274000,1611318756.274,$GPGGA,123236.00,6341.546778,N,01053.235326,E,2,12,0.7,12.05,M,40.16,M,10.0,0907*43
2021:01:22:13:32:37.274000,1611318757.274,$GPGGA,123237.00,6341.545120,N,01053.230281,E,2,12,0.7,12.04,M,40.16,M,11.0,0907*43
2021:01:22:13:32:38.274000,1611318758.274,$GPGGA,123238.00,6341.543469,N,01053.225206,E,2,12,0.7,12.05,M,40.16,M,12.0,0907*4B
2021:01:22:13:32:39.274000,1611318759.274,$GPGGA,123239.00,6341.541827,N,01053.220140,E,2,12,0.7,12.05,M,40.16,M,13.0,0907*4B
2021:01:22:13:32:40.274000,1611318760.274,$GPGGA,123240.00,6341.540189,N,01053.215043,E,2,12,0.7,12.03,M,40.16,M,14.0,0907*4C
2021:01:22:13:32:41.274000,1611318761.274,$GPGGA,123241.00,6341.538545,N,01053.209957,E,2,12,0.7,12.02,M,40.16,M,15.0,0907*47
2021:01:22:13:32:42.274000,1611318762.274,$GPGGA,123242.00,6341.536915,N,01053.204883,E,2,12,0.7,12.03,M,40.16,M,16.0,0907*44
2021:01:22:13:32:43.274000,1611318763.274,$GPGGA,123243.00,6341.535267,N,01053.199816,E,2,12,0.7,11.99,M,40.16,M,10.0,0907*45
2021:01:22:13:32:44.273000,1611318764.273,$GPGGA,123244.00,6341.533622,N,01053.194743,E,2,12,0.7,11.98,M,40.16,M,11.0,0907*43
2021:01:22:13:32:45.273000,1611318765.273,$GPGGA,123245.00,6341.531999,N,01053.189666,E,2,12,0.7,11.99,M,40.16,M,12.0,0907*47
2021:01:22:13:32:47.273000,1611318767.273,$GPGGA,123247.00,6341.528744,N,01053.179440,E,2,12,0.7,12.00,M,40.16,M,14.0,0907*4F
2021:01:22:13:32:48.273000,1611318768.273,$GPGGA,123248.00,6341.527106,N,01053.174358,E,2,12,0.7,12.01,M,40.16,M,15.0,0907*4C
2021:01:22:13:32:49.273000,1611318769.273,$GPGGA,123249.00,6341.525467,N,01053.169267,E,2,12,0.7,12.03,M,40.16,M,6.0,0907*7C
2021:01:22:13:32:50.275000,1611318770.275,$GPGGA,123250.00,6341.523814,N,01053.164192,E,2,12,0.7,12.02,M,40.16,M,7.0,0907*7E
2021:01:22:13:32:51.274000,1611318771.274,$GPGGA,123251.00,6341.522167,N,01053.159090,E,2,12,0.7,12.02,M,40.16,M,8.0,0907*71
2021:01:22:13:32:52.274000,1611318772.274,$GPGGA,123252.00,6341.520520,N,01053.154032,E,2,12,0.7,12.02,M,40.16,M,9.0,0907*73
2021:01:22:13:32:53.274000,1611318773.274,$GPGGA,123253.00,6341.518885,N,01053.148976,E,2,12,0.7,12.04,M,40.16,M,10.0,0907*41
2021:01:22:13:32:55.274000,1611318775.274,$GPGGA,123255.00,6341.515652,N,01053.138706,E,2,12,0.7,12.06,M,40.16,M,12.0,0907*40
2021:01:22:13:32:56.274000,1611318776.274,$GPGGA,123256.00,6341.514039,N,01053.133579,E,2,12,0.7,12.04,M,40.16,M,13.0,0907*4B
2021:01:22:13:32:57.274000,1611318777.274,$GPGGA,123257.00,6341.512429,N,01053.128472,E,2,12,0.7,12.05,M,40.16,M,9.0,0907*73
2021:01:22:13:32:59.274000,1611318779.274,$GPGGA,123259.00,6341.509229,N,01053.118156,E,2,12,0.7,12.06,M,40.16,M,11.0,0907*4B
2021:01:22:13:33:00.274000,1611318780.274,$GPGGA,123300.00,6341.507596,N,01053.113018,E,2,12,0.7,12.00,M,40.16,M,7.0,0907*7A
2021:01:22:13:33:01.274000,1611318781.274,$GPGGA,123301.00,6341.505988,N,01053.107899,E,2,12,0.7,12.02,M,40.16,M,8.0,0907*73
2021:01:22:13:33:03.274000,1611318783.274,$GPGGA,123303.00,6341.502775,N,01053.097635,E,2,12,0.7,12.08,M,40.16,M,4.0,0907*7C
2021:01:22:13:33:04.274000,1611318784.274,$GPGGA,123304.00,6341.501157,N,01053.092498,E,2,12,0.7,12.05,M,40.16,M,5.0,0907*72
2021:01:22:13:33:05.275000,1611318785.275,$GPGGA,123305.00,6341.499512,N,01053.087387,E,2,12,0.7,12.03,M,40.16,M,6.0,0907*7E
2021:01:22:13:33:07.275000,1611318787.275,$GPGGA,123307.00,6341.496292,N,01053.077181,E,2,12,0.7,12.07,M,40.17,M,8.0,0907*7C
2021:01:22:13:33:08.275000,1611318788.275,$GPGGA,123308.00,6341.494665,N,01053.072076,E,2,12,0.7,12.05,M,40.17,M,9.0,0907*72
2021:01:22:13:33:09.275000,1611318789.275,$GPGGA,123309.00,6341.493033,N,01053.067003,E,2,12,0.7,12.03,M,40.17,M,10.0,0907*49
2021:01:22:13:33:10.275000,1611318790.275,$GPGGA,123310.00,6341.491412,N,01053.061882,E,2,12,0.7,12.03,M,40.17,M,6.0,0907*74
2021:01:22:13:33:11.275000,1611318791.275,$GPGGA,123311.00,6341.489809,N,01053.056745,E,2,12,0.7,12.05,M,40.17,M,7.0,0907*7D
2021:01:22:13:33:12.275000,1611318792.275,$GPGGA,123312.00,6341.488223,N,01053.051608,E,2,12,0.7,12.04,M,40.17,M,8.0,0907*7C
2021:01:22:13:33:13.275000,1611318793.275,$GPGGA,123313.00,6341.486657,N,01053.046432,E,2,12,0.7,12.06,M,40.17,M,9.0,0907*7A
2021:01:22:13:33:15.275000,1611318795.275,$GPGGA,123315.00,6341.483503,N,01053.036067,E,2,12,0.7,12.06,M,40.17,M,6.0,0907*77
2021:01:22:13:33:16.275000,1611318796.275,$GPGGA,123316.00,6341.481887,N,01053.030940,E,2,12,0.7,12.05,M,40.17,M,7.0,0907*7F
2021:01:22:13:33:17.274000,1611318797.274,$GPGGA,123317.00,6341.480292,N,01053.025833,E,2,12,0.7,12.06,M,40.17,M,8.0,0907*7C
2021:01:22:13:33:19.275000,1611318799.275,$GPGGA,123319.00,6341.477081,N,01053.015571,E,2,12,0.7,12.06,M,40.17,M,10.0,0907*4B
2021:01:22:13:33:20.275000,1611318800.275,$GPGGA,123320.00,6341.475466,N,01053.010486,E,2,12,0.7,12.08,M,40.17,M,11.0,0907*4D
2021:01:22:13:33:21.275000,1611318801.275,$GPGGA,123321.00,6341.473842,N,01053.005373,E,2,12,0.7,12.08,M,40.17,M,12.0,0907*4A
2021:01:22:13:33:22.275000,1611318802.275,$GPGGA,123322.00,6341.472218,N,01053.000252,E,2,12,0.7,12.04,M,40.17,M,13.0,0907*47
2021:01:22:13:33:23.275000,1611318803.275,$GPGGA,123323.00,6341.470600,N,01052.995145,E,2,12,0.7,12.06,M,40.17,M,14.0,0907*4D
2021:01:22:13:33:24.275000,1611318804.275,$GPGGA,123324.00,6341.468991,N,01052.990069,E,2,12,0.7,12.05,M,40.17,M,9.0,0907*71
2021:01:22:13:33:25.275000,1611318805.275,$GPGGA,123325.00,6341.467343,N,01052.984970,E,2,12,0.7,12.00,M,40.17,M,10.0,0907*43
2021:01:22:13:33:26.275000,1611318806.275,$GPGGA,123326.00,6341.465687,N,01052.979906,E,2,12,0.7,12.00,M,40.17,M,6.0,0907*7B
2021:01:22:13:33:27.275000,1611318807.275,$GPGGA,123327.00,6341.464061,N,01052.974777,E,2,12,0.7,11.98,M,40.17,M,7.0,0907*73
2021:01:22:13:33:28.275000,1611318808.275,$GPGGA,123328.00,6341.462460,N,01052.969657,E,2,12,0.7,12.01,M,40.17,M,8.0,0907*7C
2021:01:22:13:33:29.275000,1611318809.275,$GPGGA,123329.00,6341.460850,N,01052.964502,E,2,12,0.7,12.02,M,40.17,M,9.0,0907*7C
2021:01:22:13:33:30.275000,1611318810.275,$GPGGA,123330.00,6341.459252,N,01052.959334,E,2,12,0.7,12.02,M,40.17,M,4.0,0907*76
2021:01:22:13:33:31.275000,1611318811.275,$GPGGA,123331.00,6341.457644,N,01052.954211,E,2,12,0.7,12.00,M,40.17,M,5.0,0907*72
2021:01:22:13:33:32.275000,1611318812.275,$GPGGA,123332.00,6341.456037,N,01052.949082,E,2,12,0.7,12.00,M,40.17,M,6.0,0907*75
2021:01:22:13:33:33.275000,1611318813.275,$GPGGA,123333.00,6341.454428,N,01052.943951,E,2,12,0.7,12.00,M,40.17,M,7.0,0907*70
2021:01:22:13:33:34.275000,1611318814.275,$GPGGA,123334.00,6341.452815,N,01052.938805,E,2,12,0.7,11.97,M,40.17,M,8.0,0907*7D
2021:01:22:13:33:35.276000,1611318815.276,$GPGGA,123335.00,6341.451221,N,01052.933694,E,2,12,0.7,12.00,M,40.17,M,9.0,0907*73
2021:01:22:13:33:36.276000,1611318816.276,$GPGGA,123336.00,6341.449631,N,01052.928549,E,2,12,0.7,12.03,M,40.17,M,10.0,0907*4E
2021:01:22:13:33:37.276000,1611318817.276,$GPGGA,123337.00,6341.448023,N,01052.923337,E,2,12,0.7,12.02,M,40.17,M,6.0,0907*79
2021:01:22:13:33:38.276000,1611318818.276,$GPGGA,123338.00,6341.446428,N,01052.918223,E,2,12,0.7,12.03,M,40.17,M,7.0,0907*7B
2021:01:22:13:33:39.276000,1611318819.276,$GPGGA,123339.00,6341.444799,N,01052.913092,E,2,12,0.7,12.01,M,40.17,M,8.0,0907*7F
2021:01:22:13:33:40.276000,1611318820.276,$GPGGA,123340.00,6341.443184,N,01052.908004,E,2,12,0.7,12.02,M,40.17,M,9.0,0907*7B
2021:01:22:13:33:41.276000,1611318821.276,$GPGGA,123341.00,6341.441572,N,01052.902871,E,2,12,0.7,12.04,M,40.17,M,10.0,0907*4B
2021:01:22:13:33:42.276000,1611318822.276,$GPGGA,123342.00,6341.439959,N,01052.897742,E,2,12,0.7,12.01,M,40.17,M,11.0,0907*44
2021:01:22:13:33:43.276000,1611318823.276,$GPGGA,123343.00,6341.438347,N,01052.892631,E,2,12,0.7,12.02,M,40.17,M,6.0,0907*74
2021:01:22:13:33:44.276000,1611318824.276,$GPGGA,123344.00,6341.436736,N,01052.887523,E,2,12,0.7,12.04,M,40.17,M,7.0,0907*7C
2021:01:22:13:33:45.276000,1611318825.276,$GPGGA,123345.00,6341.435136,N,01052.882401,E,2,12,0.7,12.06,M,40.17,M,8.0,0907*71
2021:01:22:13:33:46.276000,1611318826.276,$GPGGA,123346.00,6341.433556,N,01052.877224,E,2,12,0.7,12.04,M,40.17,M,9.0,0907*7E
2021:01:22:13:33:47.276000,1611318827.276,$GPGGA,123347.00,6341.431963,N,01052.872094,E,2,12,0.7,12.06,M,40.17,M,10.0,0907*41
2021:01:22:13:33:49.275000,1611318829.275,$GPGGA,123349.00,6341.428768,N,01052.861815,E,2,12,0.7,12.05,M,40.17,M,12.0,0907*40
2021:01:22:13:33:50.276000,1611318830.276,$GPGGA,123350.00,6341.427187,N,01052.856641,E,2,12,0.7,12.03,M,40.17,M,7.0,0907*79
2021:01:22:13:33:51.276000,1611318831.276,$GPGGA,123351.00,6341.425608,N,01052.851490,E,2,12,0.7,12.04,M,40.17,M,8.0,0907*7B
2021:01:22:13:33:53.276000,1611318833.276,$GPGGA,123353.00,6341.422469,N,01052.841132,E,2,12,0.7,12.03,M,40.17,M,10.0,0907*49
2021:01:22:13:33:54.276000,1611318834.276,$GPGGA,123354.00,6341.420887,N,01052.836002,E,2,12,0.7,12.01,M,40.17,M,6.0,0907*77
2021:01:22:13:33:55.276000,1611318835.276,$GPGGA,123355.00,6341.419267,N,01052.830905,E,2,12,0.7,11.99,M,40.17,M,7.0,0907*73
2021:01:22:13:33:57.276000,1611318837.276,$GPGGA,123357.00,6341.416083,N,01052.820594,E,2,12,0.7,11.99,M,40.17,M,9.0,0907*7D
2021:01:22:13:33:58.276000,1611318838.276,$GPGGA,123358.00,6341.414494,N,01052.815459,E,2,12,0.7,11.99,M,40.17,M,10.0,0907*4C
2021:01:22:13:33:59.276000,1611318839.276,$GPGGA,123359.00,6341.412868,N,01052.810357,E,2,12,0.7,11.99,M,40.17,M,11.0,0907*49
2021:01:22:13:34:00.276000,1611318840.276,$GPGGA,123400.00,6341.411252,N,01052.805274,E,2,12,0.7,12.02,M,40.17,M,12.0,0907*44
2021:01:22:13:34:01.276000,1611318841.276,$GPGGA,123401.00,6341.409605,N,01052.800210,E,2,12,0.7,12.03,M,40.17,M,8.0,0907*77
2021:01:22:13:34:02.276000,1611318842.276,$GPGGA,123402.00,6341.407938,N,01052.795144,E,2,12,0.7,12.01,M,40.17,M,9.0,0907*79
2021:01:22:13:34:03.276000,1611318843.276,$GPGGA,123403.00,6341.406268,N,01052.790146,E,2,12,0.7,12.01,M,40.17,M,4.0,0907*7D
2021:01:22:13:34:05.277000,1611318845.277,$GPGGA,123405.00,6341.402928,N,01052.780101,E,2,12,0.7,12.06,M,40.17,M,6.0,0907*77
2021:01:22:13:34:06.277000,1611318846.277,$GPGGA,123406.00,6341.401246,N,01052.775059,E,2,12,0.7,12.06,M,40.17,M,7.0,0907*73
2021:01:22:13:34:07.277000,1611318847.277,$GPGGA,123407.00,6341.399568,N,01052.770053,E,2,12,0.7,12.06,M,40.17,M,8.0,0907*7F
2021:01:22:13:34:09.277000,1611318849.277,$GPGGA,123409.00,6341.396201,N,01052.760062,E,2,12,0.7,12.06,M,40.17,M,10.0,0907*4C
2021:01:22:13:34:10.277000,1611318850.277,$GPGGA,123410.00,6341.394528,N,01052.755057,E,2,12,0.7,12.07,M,40.17,M,11.0,0907*4A
2021:01:22:13:34:11.277000,1611318851.277,$GPGGA,123411.00,6341.392854,N,01052.750066,E,2,12,0.7,12.05,M,40.17,M,7.0,0907*79
2021:01:22:13:34:12.277000,1611318852.277,$GPGGA,123412.00,6341.391184,N,01052.745057,E,2,12,0.7,12.04,M,40.17,M,8.0,0907*75
2021:01:22:13:34:13.277000,1611318853.277,$GPGGA,123413.00,6341.389516,N,01052.740029,E,2,12,0.7,12.05,M,40.17,M,9.0,0907*7E
2021:01:22:13:34:14.277000,1611318854.277,$GPGGA,123414.00,6341.387852,N,01052.734970,E,2,12,0.7,12.05,M,40.17,M,10.0,0907*44
2021:01:22:13:34:15.277000,1611318855.277,$GPGGA,123415.00,6341.386186,N,01052.729947,E,2,12,0.7,12.04,M,40.17,M,11.0,0907*4C
2021:01:22:13:34:17.277000,1611318857.277,$GPGGA,123417.00,6341.382833,N,01052.719893,E,2,12,0.7,12.04,M,40.18,M,7.0,0907*7E
2021:01:22:13:34:18.276000,1611318858.276,$GPGGA,123418.00,6341.381156,N,01052.714861,E,2,12,0.7,12.02,M,40.18,M,8.0,0907*71
2021:01:22:13:34:19.277000,1611318859.277,$GPGGA,123419.00,6341.379489,N,01052.709839,E,2,12,0.7,12.05,M,40.18,M,9.0,0907*77
2021:01:22:13:34:20.277000,1611318860.277,$GPGGA,123420.00,6341.377813,N,01052.704812,E,2,12,0.7,12.05,M,40.18,M,10.0,0907*40
2021:01:22:13:34:21.277000,1611318861.277,$GPGGA,123421.00,6341.376141,N,01052.699786,E,2,12,0.7,12.05,M,40.18,M,11.0,0907*48
2021:01:22:13:34:22.277000,1611318862.277,$GPGGA,123422.00,6341.374480,N,01052.694720,E,2,12,0.7,12.06,M,40.18,M,12.0,0907*40
2021:01:22:13:34:23.277000,1611318863.277,$GPGGA,123423.00,6341.372821,N,01052.689657,E,2,12,0.7,12.07,M,40.18,M,13.0,0907*4D
2021:01:22:13:34:24.277000,1611318864.277,$GPGGA,123424.00,6341.371144,N,01052.684650,E,2,12,0.7,12.08,M,40.18,M,9.0,0907*7D
2021:01:22:13:34:25.277000,1611318865.277,$GPGGA,123425.00,6341.369473,N,01052.679598,E,2,12,0.7,12.09,M,40.18,M,10.0,0907*48
2021:01:22:13:34:26.277000,1611318866.277,$GPGGA,123426.00,6341.367800,N,01052.674553,E,2,12,0.7,12.09,M,40.18,M,11.0,0907*46
2021:01:22:13:34:27.277000,1611318867.277,$GPGGA,123427.00,6341.366125,N,01052.669500,E,2,12,0.7,12.08,M,40.18,M,7.0,0907*74
2021:01:22:13:34:28.277000,1611318868.277,$GPGGA,123428.00,6341.364472,N,01052.664419,E,2,12,0.7,12.07,M,40.18,M,8.0,0907*7A
2021:01:22:13:34:29.277000,1611318869.277,$GPGGA,123429.00,6341.362816,N,01052.659354,E,2,12,0.7,12.09,M,40.18,M,9.0,0907*7C
2021:01:22:13:34:30.277000,1611318870.277,$GPGGA,123430.00,6341.361162,N,01052.654268,E,2,12,0.7,12.07,M,40.18,M,4.0,0907*7D
2021:01:22:13:34:31.277000,1611318871.277,$GPGGA,123431.00,6341.359519,N,01052.649145,E,2,12,0.7,12.06,M,40.18,M,5.0,0907*7F
2021:01:22:13:34:32.277000,1611318872.277,$GPGGA,123432.00,6341.357865,N,01052.644083,E,2,12,0.7,12.06,M,40.18,M,6.0,0907*71
2021:01:22:13:34:33.277000,1611318873.277,$GPGGA,123433.00,6341.356198,N,01052.639035,E,2,12,0.7,12.07,M,40.18,M,7.0,0907*7D
2021:01:22:13:34:34.278000,1611318874.278,$GPGGA,123434.00,6341.354571,N,01052.633885,E,2,12,0.7,12.05,M,40.18,M,8.0,0907*7F
2021:01:22:13:34:35.278000,1611318875.278,$GPGGA,123435.00,6341.352944,N,01052.628760,E,2,12,0.7,12.07,M,40.18,M,9.0,0907*7F
2021:01:22:13:34:36.278000,1611318876.278,$GPGGA,123436.00,6341.351316,N,01052.623661,E,2,12,0.7,12.08,M,40.18,M,10.0,0907*4E
2021:01:22:13:34:37.278000,1611318877.278,$GPGGA,123437.00,6341.349683,N,01052.618556,E,2,12,0.7,12.06,M,40.18,M,11.0,0907*4F
2021:01:22:13:34:38.278000,1611318878.278,$GPGGA,123438.00,6341.348045,N,01052.613426,E,2,12,0.7,12.07,M,40.18,M,12.0,0907*42
2021:01:22:13:34:39.278000,1611318879.278,$GPGGA,123439.00,6341.346428,N,01052.608299,E,2,12,0.7,12.05,M,40.18,M,13.0,0907*49
2021:01:22:13:34:40.278000,1611318880.278,$GPGGA,123440.00,6341.344801,N,01052.603190,E,2,12,0.7,12.04,M,40.18,M,14.0,0907*45
2021:01:22:13:34:41.278000,1611318881.278,$GPGGA,123441.00,6341.343158,N,01052.598080,E,2,12,0.7,12.03,M,40.18,M,15.0,0907*41
2021:01:22:13:34:42.278000,1611318882.278,$GPGGA,123442.00,6341.341516,N,01052.592994,E,2,12,0.7,12.04,M,40.18,M,16.0,0907*4C
2021:01:22:13:34:43.278000,1611318883.278,$GPGGA,123443.00,6341.339888,N,01052.587851,E,2,12,0.7,12.04,M,40.18,M,17.0,0907*45
2021:01:22:13:34:44.278000,1611318884.278,$GPGGA,123444.00,6341.338296,N,01052.582648,E,2,12,0.7,12.02,M,40.18,M,12.0,0907*46
2021:01:22:13:34:45.278000,1611318885.278,$GPGGA,123445.00,6341.336684,N,01052.577483,E,2,12,0.7,12.05,M,40.18,M,13.0,0907*47
2021:01:22:13:34:46.278000,1611318886.278,$GPGGA,123446.00,6341.335083,N,01052.572309,E,2,12,0.7,12.02,M,40.18,M,14.0,0907*46
2021:01:22:13:34:47.278000,1611318887.278,$GPGGA,123447.00,6341.333478,N,01052.567170,E,2,12,0.7,12.03,M,40.18,M,15.0,0907*49
2021:01:22:13:34:48.278000,1611318888.278,$GPGGA,123448.00,6341.331873,N,01052.561990,E,2,12,0.7,12.03,M,40.18,M,10.0,0907*46
2021:01:22:13:34:49.278000,1611318889.278,$GPGGA,123449.00,6341.330288,N,01052.556792,E,2,12,0.7,12.02,M,40.18,M,11.0,0907*40
2021:01:22:13:34:50.278000,1611318890.278,$GPGGA,123450.00,6341.328689,N,01052.551613,E,2,12,0.7,12.01,M,40.18,M,7.0,0907*7F
2021:01:22:13:34:51.278000,1611318891.278,$GPGGA,123451.00,6341.327096,N,01052.546491,E,2,12,0.7,12.02,M,40.18,M,8.0,0907*7B
2021:01:22:13:34:52.278000,1611318892.278,$GPGGA,123452.00,6341.325488,N,01052.541328,E,2,12,0.7,12.01,M,40.18,M,9.0,0907*71
2021:01:22:13:34:53.278000,1611318893.278,$GPGGA,123453.00,6341.323876,N,01052.536204,E,2,12,0.7,12.01,M,40.18,M,10.0,0907*4C
2021:01:22:13:34:55.278000,1611318895.278,$GPGGA,123455.00,6341.320662,N,01052.525966,E,2,12,0.7,12.02,M,40.18,M,7.0,0907*7A
2021:01:22:13:34:56.278000,1611318896.278,$GPGGA,123456.00,6341.319038,N,01052.520871,E,2,12,0.7,12.02,M,40.18,M,8.0,0907*77
2021:01:22:13:34:57.278000,1611318897.278,$GPGGA,123457.00,6341.317420,N,01052.515779,E,2,12,0.7,12.02,M,40.18,M,9.0,0907*75
2021:01:22:13:34:59.278000,1611318899.278,$GPGGA,123459.00,6341.314206,N,01052.505564,E,2,12,0.7,12.04,M,40.18,M,11.0,0907*4A
2021:01:22:13:35:00.278000,1611318900.278,$GPGGA,123500.00,6341.312605,N,01052.500424,E,2,12,0.7,12.01,M,40.18,M,12.0,0907*40
2021:01:22:13:35:01.278000,1611318901.278,$GPGGA,123501.00,6341.311016,N,01052.495279,E,2,12,0.7,11.97,M,40.18,M,7.0,0907*7D
2021:01:22:13:35:02.278000,1611318902.278,$GPGGA,123502.00,6341.309430,N,01052.490154,E,2,12,0.7,11.97,M,40.18,M,8.0,0907*71
2021:01:22:13:35:03.278000,1611318903.278,$GPGGA,123503.00,6341.307836,N,01052.485038,E,2,12,0.7,11.98,M,40.18,M,9.0,0907*75
2021:01:22:13:35:04.279000,1611318904.279,$GPGGA,123504.00,6341.306274,N,01052.479882,E,2,12,0.7,12.01,M,40.18,M,5.0,0907*7A
2021:01:22:13:35:05.279000,1611318905.279,$GPGGA,123505.00,6341.304714,N,01052.474700,E,2,12,0.7,12.02,M,40.18,M,6.0,0907*72
2021:01:22:13:35:07.279000,1611318907.279,$GPGGA,123507.00,6341.301569,N,01052.464430,E,2,12,0.7,12.03,M,40.18,M,8.0,0907*73
2021:01:22:13:35:08.279000,1611318908.279,$GPGGA,123508.00,6341.299974,N,01052.459357,E,2,12,0.7,12.02,M,40.18,M,9.0,0907*74
2021:01:22:13:35:09.279000,1611318909.279,$GPGGA,123509.00,6341.298379,N,01052.454281,E,2,12,0.7,12.03,M,40.18,M,10.0,0907*4D
2021:01:22:13:35:10.279000,1611318910.279,$GPGGA,123510.00,6341.296757,N,01052.449221,E,2,12,0.7,12.04,M,40.18,M,11.0,0907*43
2021:01:22:13:35:11.279000,1611318911.279,$GPGGA,123511.00,6341.295140,N,01052.444191,E,2,12,0.7,12.05,M,40.18,M,6.0,0907*73
2021:01:22:13:35:12.279000,1611318912.279,$GPGGA,123512.00,6341.293528,N,01052.439150,E,2,12,0.7,12.06,M,40.18,M,7.0,0907*79
2021:01:22:13:35:13.279000,1611318913.279,$GPGGA,123513.00,6341.291930,N,01052.434074,E,2,12,0.7,12.05,M,40.18,M,8.0,0907*79
2021:01:22:13:35:15.279000,1611318915.279,$GPGGA,123515.00,6341.288752,N,01052.423882,E,2,12,0.7,12.03,M,40.18,M,5.0,0907*71
2021:01:22:13:35:16.279000,1611318916.279,$GPGGA,123516.00,6341.287175,N,01052.418832,E,2,12,0.7,12.05,M,40.18,M,6.0,0907*78
2021:01:22:13:35:17.279000,1611318917.279,$GPGGA,123517.00,6341.285554,N,01052.413789,E,2,12,0.7,12.03,M,40.18,M,7.0,0907*7F
2021:01:22:13:35:19.280000,1611318919.28,$GPGGA,123519.00,6341.282380,N,01052.403640,E,2,12,0.7,12.01,M,40.18,M,9.0,0907*70
2021:01:22:13:35:20.279000,1611318920.279,$GPGGA,123520.00,6341.280795,N,01052.398541,E,2,12,0.7,12.01,M,40.18,M,10.0,0907*47
2021:01:22:13:35:21.279000,1611318921.279,$GPGGA,123521.00,6341.279239,N,01052.393423,E,2,12,0.7,12.00,M,40.18,M,11.0,0907*4D
2021:01:22:13:35:22.279000,1611318922.279,$GPGGA,123522.00,6341.277684,N,01052.388291,E,2,12,0.7,11.98,M,40.18,M,12.0,0907*46
2021:01:22:13:35:23.279000,1611318923.279,$GPGGA,123523.00,6341.276130,N,01052.383191,E,2,12,0.7,11.99,M,40.18,M,13.0,0907*46
2021:01:22:13:35:24.279000,1611318924.279,$GPGGA,123524.00,6341.274559,N,01052.378076,E,2,12,0.7,12.01,M,40.18,M,14.0,0907*41
2021:01:22:13:35:25.279000,1611318925.279,$GPGGA,123525.00,6341.273003,N,01052.372964,E,2,12,0.7,12.02,M,40.18,M,10.0,0907*4A
2021:01:22:13:35:26.279000,1611318926.279,$GPGGA,123526.00,6341.271442,N,01052.367888,E,2,12,0.7,12.01,M,40.19,M,11.0,0907*4E
2021:01:22:13:35:27.279000,1611318927.279,$GPGGA,123527.00,6341.269876,N,01052.362766,E,2,12,0.7,11.99,M,40.19,M,12.0,0907*46
2021:01:22:13:35:28.279000,1611318928.279,$GPGGA,123528.00,6341.268322,N,01052.357688,E,2,12,0.7,12.01,M,40.19,M,13.0,0907*46
2021:01:22:13:35:29.279000,1611318929.279,$GPGGA,123529.00,6341.266749,N,01052.352596,E,2,12,0.7,12.02,M,40.19,M,14.0,0907*4D
2021:01:22:13:35:30.279000,1611318930.279,$GPGGA,123530.00,6341.265201,N,01052.347487,E,2,12,0.7,12.01,M,40.19,M,15.0,0907*48
2021:01:22:13:35:31.279000,1611318931.279,$GPGGA,123531.00,6341.263638,N,01052.342421,E,2,12,0.7,12.04,M,40.19,M,7.0,0907*7E
2021:01:22:13:35:32.279000,1611318932.279,$GPGGA,123532.00,6341.262053,N,01052.337360,E,2,12,0.7,12.04,M,40.19,M,8.0,0907*78
2021:01:22:13:35:33.279000,1611318933.279,$GPGGA,123533.00,6341.260484,N,01052.332286,E,2,12,0.7,12.02,M,40.19,M,9.0,0907*7E
2021:01:22:13:35:34.280000,1611318934.28,$GPGGA,123534.00,6341.258918,N,01052.327216,E,2,12,0.7,12.01,M,40.19,M,10.0,0907*4C
2021:01:22:13:35:35.280000,1611318935.28,$GPGGA,123535.00,6341.257346,N,01052.322167,E,2,12,0.7,12.04,M,40.19,M,11.0,0907*47
2021:01:22:13:35:36.280000,1611318936.28,$GPGGA,123536.00,6341.255780,N,01052.317123,E,2,12,0.7,12.05,M,40.19,M,12.0,0907*4C
2021:01:22:13:35:37.280000,1611318937.28,$GPGGA,123537.00,6341.254191,N,01052.312082,E,2,12,0.7,12.07,M,40.19,M,13.0,0907*46
2021:01:22:13:35:38.280000,1611318938.28,$GPGGA,123538.00,6341.252621,N,01052.307085,E,2,12,0.7,12.08,M,40.19,M,10.0,0907*4C
2021:01:22:13:35:39.280000,1611318939.28,$GPGGA,123539.00,6341.251045,N,01052.302033,E,2,12,0.7,12.08,M,40.19,M,11.0,0907*43
2021:01:22:13:35:40.280000,1611318940.28,$GPGGA,123540.00,6341.249461,N,01052.296985,E,2,12,0.7,12.07,M,40.19,M,12.0,0907*42
2021:01:22:13:35:41.280000,1611318941.28,$GPGGA,123541.00,6341.247903,N,01052.291928,E,2,12,0.7,12.10,M,40.19,M,7.0,0907*76
2021:01:22:13:35:42.280000,1611318942.28,$GPGGA,123542.00,6341.246365,N,01052.286818,E,2,12,0.7,12.09,M,40.19,M,8.0,0907*7D
2021:01:22:13:35:43.280000,1611318943.28,$GPGGA,123543.00,6341.244833,N,01052.281699,E,2,12,0.7,12.07,M,40.19,M,9.0,0907*79
2021:01:22:13:35:44.280000,1611318944.28,$GPGGA,123544.00,6341.243282,N,01052.276611,E,2,12,0.7,12.07,M,40.19,M,10.0,0907*49
2021:01:22:13:35:45.280000,1611318945.28,$GPGGA,123545.00,6341.241741,N,01052.271491,E,2,12,0.7,12.07,M,40.19,M,11.0,0907*4C
2021:01:22:13:35:46.280000,1611318946.28,$GPGGA,123546.00,6341.240207,N,01052.266379,E,2,12,0.7,12.08,M,40.19,M,12.0,0907*42
2021:01:22:13:35:47.280000,1611318947.28,$GPGGA,123547.00,6341.238674,N,01052.261215,E,2,12,0.7,12.08,M,40.19,M,13.0,0907*41
2021:01:22:13:35:48.280000,1611318948.28,$GPGGA,123548.00,6341.237157,N,01052.256099,E,2,12,0.7,12.09,M,40.19,M,8.0,0907*7E
2021:01:22:13:35:49.281000,1611318949.281,$GPGGA,123549.00,6341.235630,N,01052.250944,E,2,12,0.7,12.10,M,40.19,M,9.0,0907*7D
2021:01:22:13:35:50.280000,1611318950.28,$GPGGA,123550.00,6341.234112,N,01052.245804,E,2,12,0.7,12.08,M,40.19,M,10.0,0907*43
2021:01:22:13:35:51.281000,1611318951.281,$GPGGA,123551.00,6341.232569,N,01052.240706,E,2,12,0.7,12.10,M,40.19,M,6.0,0907*7A
2021:01:22:13:35:52.280000,1611318952.28,$GPGGA,123552.00,6341.231023,N,01052.235610,E,2,12,0.7,12.09,M,40.19,M,7.0,0907*7C
2021:01:22:13:35:53.280000,1611318953.28,$GPGGA,123553.00,6341.229465,N,01052.230534,E,2,12,0.7,12.11,M,40.19,M,8.0,0907*74
2021:01:22:13:35:54.280000,1611318954.28,$GPGGA,123554.00,6341.227904,N,01052.225478,E,2,12,0.7,12.12,M,40.19,M,9.0,0907*78
2021:01:22:13:35:55.280000,1611318955.28,$GPGGA,123555.00,6341.226345,N,01052.220381,E,2,12,0.7,12.11,M,40.19,M,10.0,0907*48
2021:01:22:13:35:57.280000,1611318957.28,$GPGGA,123557.00,6341.223239,N,01052.210199,E,2,12,0.7,12.13,M,40.19,M,12.0,0907*4D
2021:01:22:13:35:58.280000,1611318958.28,$GPGGA,123558.00,6341.221679,N,01052.205138,E,2,12,0.7,12.13,M,40.19,M,8.0,0907*74
2021:01:22:13:35:59.280000,1611318959.28,$GPGGA,123559.00,6341.220082,N,01052.200132,E,2,12,0.7,12.13,M,40.19,M,9.0,0907*78
2021:01:22:13:36:00.280000,1611318960.28,$GPGGA,123600.00,6341.218484,N,01052.195096,E,2,12,0.7,12.09,M,40.19,M,10.0,0907*4D
2021:01:22:13:36:01.280000,1611318961.28,$GPGGA,123601.00,6341.216900,N,01052.190077,E,2,12,0.7,12.09,M,40.19,M,11.0,0907*48
2021:01:22:13:36:02.280000,1611318962.28,$GPGGA,123602.00,6341.215314,N,01052.185048,E,2,12,0.7,12.09,M,40.19,M,6.0,0907*79
2021:01:22:13:36:03.280000,1611318963.28,$GPGGA,123603.00,6341.213742,N,01052.179967,E,2,12,0.7,12.07,M,40.19,M,7.0,0907*71
2021:01:22:13:36:05.281000,1611318965.281,$GPGGA,123605.00,6341.210617,N,01052.169824,E,2,12,0.7,12.06,M,40.19,M,9.0,0907*7D
2021:01:22:13:36:06.281000,1611318966.281,$GPGGA,123606.00,6341.209065,N,01052.164736,E,2,12,0.7,12.07,M,40.19,M,10.0,0907*4D
2021:01:22:13:36:07.281000,1611318967.281,$GPGGA,123607.00,6341.207483,N,01052.159668,E,2,12,0.7,12.07,M,40.19,M,11.0,0907*4B
2021:01:22:13:36:09.281000,1611318969.281,$GPGGA,123609.00,6341.204343,N,01052.149505,E,2,12,0.7,12.06,M,40.19,M,8.0,0907*7D
2021:01:22:13:36:10.281000,1611318970.281,$GPGGA,123610.00,6341.202813,N,01052.144372,E,2,12,0.7,12.07,M,40.19,M,9.0,0907*76
2021:01:22:13:36:11.281000,1611318971.281,$GPGGA,123611.00,6341.201276,N,01052.139207,E,2,12,0.7,12.06,M,40.19,M,10.0,0907*4D
2021:01:22:13:36:12.281000,1611318972.281,$GPGGA,123612.00,6341.199703,N,01052.134120,E,2,12,0.7,12.06,M,40.19,M,11.0,0907*41
2021:01:22:13:36:13.281000,1611318973.281,$GPGGA,123613.00,6341.198124,N,01052.129068,E,2,12,0.7,12.05,M,40.19,M,12.0,0907*43
2021:01:22:13:36:14.281000,1611318974.281,$GPGGA,123614.00,6341.196547,N,01052.124012,E,2,12,0.7,12.07,M,40.19,M,7.0,0907*7D
2021:01:22:13:36:15.281000,1611318975.281,$GPGGA,123615.00,6341.194967,N,01052.118959,E,2,12,0.7,12.08,M,40.19,M,8.0,0907*79
2021:01:22:13:36:17.281000,1611318977.281,$GPGGA,123617.00,6341.191806,N,01052.108811,E,2,12,0.7,12.05,M,40.19,M,10.0,0907*40
2021:01:22:13:36:18.281000,1611318978.281,$GPGGA,123618.00,6341.190214,N,01052.103793,E,2,12,0.7,12.07,M,40.19,M,11.0,0907*4A
2021:01:22:13:36:19.282000,1611318979.282,$GPGGA,123619.00,6341.188635,N,01052.098716,E,2,12,0.7,12.06,M,40.19,M,12.0,0907*49
2021:01:22:13:36:20.282000,1611318980.282,$GPGGA,123620.00,6341.187047,N,01052.093672,E,2,12,0.7,12.07,M,40.19,M,13.0,0907*47
2021:01:22:13:36:21.282000,1611318981.282,$GPGGA,123621.00,6341.185443,N,01052.088665,E,2,12,0.7,12.08,M,40.19,M,14.0,0907*40
2021:01:22:13:36:22.281000,1611318982.281,$GPGGA,123622.00,6341.183861,N,01052.083601,E,2,12,0.7,12.08,M,40.19,M,10.0,0907*44
2021:01:22:13:36:23.281000,1611318983.281,$GPGGA,123623.00,6341.182286,N,01052.078575,E,2,12,0.7,12.07,M,40.19,M,11.0,0907*4D
2021:01:22:13:36:25.281000,1611318985.281,$GPGGA,123625.00,6341.179112,N,01052.068493,E,2,12,0.7,12.08,M,40.19,M,13.0,0907*44
2021:01:22:13:36:26.281000,1611318986.281,$GPGGA,123626.00,6341.177553,N,01052.063424,E,2,12,0.7,12.08,M,40.19,M,14.0,0907*48
2021:01:22:13:36:27.281000,1611318987.281,$GPGGA,123627.00,6341.176011,N,01052.058327,E,2,12,0.7,12.10,M,40.19,M,15.0,0907*4F
2021:01:22:13:36:28.281000,1611318988.281,$GPGGA,123628.00,6341.174492,N,01052.053208,E,2,12,0.7,12.09,M,40.19,M,5.0,0907*73
2021:01:22:13:36:30.281000,1611318990.281,$GPGGA,123630.00,6341.171350,N,01052.043067,E,2,12,0.7,12.08,M,40.19,M,7.0,0907*7F
2021:01:22:13:36:31.281000,1611318991.281,$GPGGA,123631.00,6341.169790,N,01052.038025,E,2,12,0.7,12.10,M,40.19,M,8.0,0907*73
2021:01:22:13:36:32.281000,1611318992.281,$GPGGA,123632.00,6341.168233,N,01052.032954,E,2,12,0.7,12.11,M,40.19,M,9.0,0907*78
2021:01:22:13:36:34.282000,1611318994.282,$GPGGA,123634.00,6341.165134,N,01052.022751,E,2,12,0.7,12.10,M,40.19,M,11.0,0907*45
2021:01:22:13:36:35.282000,1611318995.282,$GPGGA,123635.00,6341.163557,N,01052.017703,E,2,12,0.7,12.09,M,40.20,M,6.0,0907*76
2021:01:22:13:36:36.282000,1611318996.282,$GPGGA,123636.00,6341.161974,N,01052.012676,E,2,12,0.7,12.10,M,40.20,M,7.0,0907*75
2021:01:22:13:36:37.282000,1611318997.282,$GPGGA,123637.00,6341.160396,N,01052.007616,E,2,12,0.7,12.09,M,40.20,M,8.0,0907*76
2021:01:22:13:36:38.282000,1611318998.282,$GPGGA,123638.00,6341.158822,N,01052.002554,E,2,12,0.7,12.11,M,40.20,M,9.0,0907*7E
2021:01:22:13:36:39.282000,1611318999.282,$GPGGA,123639.00,6341.157254,N,01051.997455,E,2,12,0.7,12.09,M,40.20,M,5.0,0907*78
2021:01:22:13:36:40.282000,1611319000.282,$GPGGA,123640.00,6341.155682,N,01051.992384,E,2,12,0.7,12.09,M,40.20,M,6.0,0907*76
2021:01:22:13:36:42.282000,1611319002.282,$GPGGA,123642.00,6341.152509,N,01051.982287,E,2,12,0.7,12.08,M,40.20,M,8.0,0907*7F
2021:01:22:13:36:43.282000,1611319003.282,$GPGGA,123643.00,6341.150919,N,01051.977227,E,2,12,0.7,12.08,M,40.20,M,9.0,0907*70
2021:01:22:13:36:44.282000,1611319004.282,$GPGGA,123644.00,6341.149322,N,01051.972192,E,2,12,0.7,12.08,M,40.20,M,10.0,0907*4D
2021:01:22:13:36:45.282000,1611319005.282,$GPGGA,123645.00,6341.147736,N,01051.967158,E,2,12,0.7,12.08,M,40.20,M,6.0,0907*76
2021:01:22:13:36:46.282000,1611319006.282,$GPGGA,123646.00,6341.146147,N,01051.962123,E,2,12,0.7,12.10,M,40.20,M,7.0,0907*75
2021:01:22:13:36:47.282000,1611319007.282,$GPGGA,123647.00,6341.144537,N,01051.957068,E,2,12,0.7,12.08,M,40.20,M,8.0,0907*7B
2021:01:22:13:36:48.283000,1611319008.283,$GPGGA,123648.00,6341.142933,N,01051.952067,E,2,12,0.7,12.11,M,40.20,M,9.0,0907*79
2021:01:22:13:36:50.283000,1611319010.283,$GPGGA,123650.00,6341.139719,N,01051.941992,E,2,12,0.7,12.08,M,40.20,M,6.0,0907*7C
2021:01:22:13:36:51.283000,1611319011.283,$GPGGA,123651.00,6341.138118,N,01051.936974,E,2,12,0.7,12.08,M,40.20,M,7.0,0907*72
2021:01:22:13:36:52.283000,1611319012.283,$GPGGA,123652.00,6341.136500,N,01051.931957,E,2,12,0.7,12.09,M,40.20,M,8.0,0907*7A
2021:01:22:13:36:55.282000,1611319015.282,$GPGGA,123655.00,6341.131691,N,01051.916846,E,2,12,0.7,12.09,M,40.20,M,5.0,0907*78
2021:01:22:13:36:56.282000,1611319016.282,$GPGGA,123656.00,6341.130122,N,01051.911739,E,2,12,0.7,12.08,M,40.20,M,6.0,0907*77
2021:01:22:13:36:57.282000,1611319017.282,$GPGGA,123657.00,6341.128565,N,01051.906642,E,2,12,0.7,12.10,M,40.20,M,7.0,0907*7B
2021:01:22:13:36:59.282000,1611319019.282,$GPGGA,123659.00,6341.125420,N,01051.896505,E,2,12,0.7,12.10,M,40.20,M,9.0,0907*7E
2021:01:22:13:37:00.282000,1611319020.282,$GPGGA,123700.00,6341.123851,N,01051.891419,E,2,12,0.7,12.11,M,40.20,M,10.0,0907*4D
2021:01:22:13:37:01.282000,1611319021.282,$GPGGA,123701.00,6341.122283,N,01051.886358,E,2,12,0.7,12.11,M,40.20,M,11.0,0907*4D
2021:01:22:13:37:02.283000,1611319022.283,$GPGGA,123702.00,6341.120709,N,01051.881302,E,2,12,0.7,12.11,M,40.20,M,7.0,0907*74
2021:01:22:13:37:03.284000,1611319023.284,$GPGGA,123703.00,6341.119114,N,01051.876274,E,2,12,0.7,12.12,M,40.20,M,8.0,0907*71
2021:01:22:13:37:04.283000,1611319024.283,$GPGGA,123704.00,6341.117514,N,01051.871265,E,2,12,0.7,12.12,M,40.20,M,9.0,0907*7A
2021:01:22:13:37:05.283000,1611319025.283,$GPGGA,123705.00,6341.115938,N,01051.866209,E,2,12,0.7,12.11,M,40.20,M,5.0,0907*78
2021:01:22:13:37:07.283000,1611319027.283,$GPGGA,123707.00,6341.112782,N,01051.856133,E,2,12,0.7,12.13,M,40.20,M,7.0,0907*7B
2021:01:22:13:37:08.283000,1611319028.283,$GPGGA,123708.00,6341.111185,N,01051.851091,E,2,12,0.7,12.12,M,40.20,M,8.0,0907*76
2021:01:22:13:37:09.283000,1611319029.283,$GPGGA,123709.00,6341.109583,N,01051.846096,E,2,12,0.7,12.12,M,40.20,M,9.0,0907*7C
2021:01:22:13:37:10.283000,1611319030.283,$GPGGA,123710.00,6341.107976,N,01051.841116,E,2,12,0.7,12.13,M,40.20,M,10.0,0907*4B
2021:01:22:13:37:11.283000,1611319031.283,$GPGGA,123711.00,6341.106379,N,01051.836113,E,2,12,0.7,12.15,M,40.20,M,11.0,0907*4C
2021:01:22:13:37:12.283000,1611319032.283,$GPGGA,123712.00,6341.104790,N,01051.831086,E,2,12,0.7,12.12,M,40.20,M,6.0,0907*75
2021:01:22:13:37:13.283000,1611319033.283,$GPGGA,123713.00,6341.103203,N,01051.826037,E,2,12,0.7,12.12,M,40.20,M,7.0,0907*71
2021:01:22:13:37:15.283000,1611319035.283,$GPGGA,123715.00,6341.100012,N,01051.816013,E,2,12,0.7,12.11,M,40.20,M,4.0,0907*73
2021:01:22:13:37:16.284000,1611319036.284,$GPGGA,123716.00,6341.098427,N,01051.810985,E,2,12,0.7,12.11,M,40.20,M,5.0,0907*73
2021:01:22:13:37:17.284000,1611319037.284,$GPGGA,123717.00,6341.096854,N,01051.805937,E,2,12,0.7,12.11,M,40.20,M,6.0,0907*7A
2021:01:22:13:37:19.284000,1611319039.284,$GPGGA,123719.00,6341.093699,N,01051.795788,E,2,12,0.7,12.10,M,40.20,M,8.0,0907*7D
2021:01:22:13:37:20.284000,1611319040.284,$GPGGA,123720.00,6341.092112,N,01051.790729,E,2,12,0.7,12.10,M,40.20,M,9.0,0907*7D
2021:01:22:13:37:21.284000,1611319041.284,$GPGGA,123721.00,6341.090518,N,01051.785669,E,2,12,0.7,12.08,M,40.20,M,10.0,0907*40
2021:01:22:13:37:22.284000,1611319042.284,$GPGGA,123722.00,6341.088930,N,01051.780625,E,2,12,0.7,12.09,M,40.20,M,11.0,0907*41
2021:01:22:13:37:23.284000,1611319043.284,$GPGGA,123723.00,6341.087341,N,01051.775565,E,2,12,0.7,12.08,M,40.20,M,12.0,0907*4C
2021:01:22:13:37:24.284000,1611319044.284,$GPGGA,123724.00,6341.085744,N,01051.770542,E,2,12,0.7,12.10,M,40.20,M,13.0,0907*40
2021:01:22:13:37:25.283000,1611319045.283,$GPGGA,123725.00,6341.084133,N,01051.765513,E,2,12,0.7,12.10,M,40.20,M,14.0,0907*41
2021:01:22:13:37:27.283000,1611319047.283,$GPGGA,123727.00,6341.080961,N,01051.755340,E,2,12,0.7,12.09,M,40.20,M,11.0,0907*46
2021:01:22:13:37:28.283000,1611319048.283,$GPGGA,123728.00,6341.079356,N,01051.750293,E,2,12,0.7,12.11,M,40.20,M,6.0,0907*74
2021:01:22:13:37:29.283000,1611319049.283,$GPGGA,123729.00,6341.077773,N,01051.745211,E,2,12,0.7,12.12,M,40.20,M,7.0,0907*74
2021:01:22:13:37:30.284000,1611319050.284,$GPGGA,123730.00,6341.076155,N,01051.740170,E,2,12,0.7,12.10,M,40.20,M,8.0,0907*73
2021:01:22:13:37:31.284000,1611319051.284,$GPGGA,123731.00,6341.074530,N,01051.735165,E,2,12,0.7,12.12,M,40.20,M,9.0,0907*72
2021:01:22:13:37:32.284000,1611319052.284,$GPGGA,123732.00,6341.072927,N,01051.730106,E,2,12,0.7,12.09,M,40.20,M,5.0,0907*7B
2021:01:22:13:37:33.284000,1611319053.284,$GPGGA,123733.00,6341.071346,N,01051.725033,E,2,12,0.7,12.09,M,40.20,M,6.0,0907*74
2021:01:22:13:37:34.284000,1611319054.284,$GPGGA,123734.00,6341.069737,N,01051.719995,E,2,12,0.7,12.08,M,40.20,M,7.0,0907*72
2021:01:22:13:37:35.284000,1611319055.284,$GPGGA,123735.00,6341.068134,N,01051.714952,E,2,12,0.7,12.08,M,40.20,M,8.0,0907*7E
2021:01:22:13:37:36.284000,1611319056.284,$GPGGA,123736.00,6341.066550,N,01051.709845,E,2,12,0.7,12.07,M,40.20,M,9.0,0907*70
2021:01:22:13:37:37.284000,1611319057.284,$GPGGA,123737.00,6341.064960,N,01051.704809,E,2,12,0.7,12.06,M,40.20,M,10.0,0907*40
2021:01:22:13:37:38.284000,1611319058.284,$GPGGA,123738.00,6341.063352,N,01051.699782,E,2,12,0.7,12.08,M,40.20,M,11.0,0907*45
2021:01:22:13:37:40.284000,1611319060.284,$GPGGA,123740.00,6341.060175,N,01051.689617,E,2,12,0.7,12.04,M,40.20,M,13.0,0907*4C
2021:01:22:13:37:41.284000,1611319061.284,$GPGGA,123741.00,6341.058599,N,01051.684570,E,2,12,0.7,12.08,M,40.20,M,14.0,0907*44
2021:01:22:13:37:42.284000,1611319062.284,$GPGGA,123742.00,6341.057018,N,01051.679470,E,2,12,0.7,12.08,M,40.20,M,10.0,0907*43
2021:01:22:13:37:44.285000,1611319064.285,$GPGGA,123744.00,6341.053825,N,01051.669372,E,2,12,0.7,12.07,M,40.20,M,12.0,0907*4E
2021:01:22:13:37:45.285000,1611319065.285,$GPGGA,123745.00,6341.052236,N,01051.664288,E,2,12,0.7,12.09,M,40.21,M,8.0,0907*7B
2021:01:22:13:37:46.285000,1611319066.285,$GPGGA,123746.00,6341.050643,N,01051.659228,E,2,12,0.7,12.09,M,40.21,M,9.0,0907*79
2021:01:22:13:37:47.285000,1611319067.285,$GPGGA,123747.00,6341.049038,N,01051.654171,E,2,12,0.7,12.08,M,40.21,M,10.0,0907*41
2021:01:22:13:37:48.285000,1611319068.285,$GPGGA,123748.00,6341.047447,N,01051.649136,E,2,12,0.7,12.08,M,40.21,M,11.0,0907*42
2021:01:22:13:37:49.285000,1611319069.285,$GPGGA,123749.00,6341.045845,N,01051.644046,E,2,12,0.7,12.09,M,40.21,M,7.0,0907*72
2021:01:22:13:37:50.285000,1611319070.285,$GPGGA,123750.00,6341.044256,N,01051.638998,E,2,12,0.7,12.08,M,40.21,M,8.0,0907*7C
2021:01:22:13:37:52.285000,1611319072.285,$GPGGA,123752.00,6341.041044,N,01051.628939,E,2,12,0.7,12.09,M,40.21,M,10.0,0907*48
2021:01:22:13:37:53.285000,1611319073.285,$GPGGA,123753.00,6341.039439,N,01051.623887,E,2,12,0.7,12.08,M,40.21,M,11.0,0907*47
2021:01:22:13:37:54.285000,1611319074.285,$GPGGA,123754.00,6341.037833,N,01051.618853,E,2,12,0.7,12.08,M,40.21,M,12.0,0907*4A
2021:01:22:13:37:55.285000,1611319075.285,$GPGGA,123755.00,6341.036237,N,01051.613831,E,2,12,0.7,12.10,M,40.21,M,13.0,0907*43
2021:01:22:13:37:57.285000,1611319077.285,$GPGGA,123757.00,6341.033028,N,01051.603711,E,2,12,0.7,12.07,M,40.21,M,15.0,0907*44
2021:01:22:13:37:58.285000,1611319078.285,$GPGGA,123758.00,6341.031414,N,01051.598656,E,2,12,0.7,12.06,M,40.21,M,16.0,0907*43
2021:01:22:13:38:00.286000,1611319080.286,$GPGGA,123800.00,6341.028193,N,01051.588575,E,2,12,0.7,12.09,M,40.21,M,11.0,0907*48
2021:01:22:13:38:01.285000,1611319081.285,$GPGGA,123801.00,6341.026614,N,01051.583484,E,2,12,0.7,12.09,M,40.21,M,12.0,0907*48
2021:01:22:13:38:02.285000,1611319082.285,$GPGGA,123802.00,6341.025030,N,01051.578375,E,2,12,0.7,12.08,M,40.21,M,13.0,0907*45
2021:01:22:13:38:03.285000,1611319083.285,$GPGGA,123803.00,6341.023422,N,01051.573306,E,2,12,0.7,12.09,M,40.21,M,9.0,0907*70
2021:01:22:13:38:05.285000,1611319085.285,$GPGGA,123805.00,6341.020210,N,01051.563159,E,2,12,0.7,12.13,M,40.21,M,7.0,0907*7E
2021:01:22:13:38:06.285000,1611319086.285,$GPGGA,123806.00,6341.018583,N,01051.558128,E,2,12,0.7,12.14,M,40.21,M,8.0,0907*7D
2021:01:22:13:38:07.285000,1611319087.285,$GPGGA,123807.00,6341.016958,N,01051.553081,E,2,12,0.7,12.17,M,40.21,M,9.0,0907*73
2021:01:22:13:38:09.285000,1611319089.285,$GPGGA,123809.00,6341.013728,N,01051.542960,E,2,12,0.7,12.15,M,40.21,M,6.0,0907*7A
2021:01:22:13:38:10.285000,1611319090.285,$GPGGA,123810.00,6341.012107,N,01051.537903,E,2,12,0.7,12.13,M,40.21,M,7.0,0907*78
2021:01:22:13:38:11.285000,1611319091.285,$GPGGA,123811.00,6341.010482,N,01051.532856,E,2,12,0.7,12.13,M,40.21,M,8.0,0907*78
2021:01:22:13:38:12.285000,1611319092.285,$GPGGA,123812.00,6341.008854,N,01051.527852,E,2,12,0.7,12.16,M,40.21,M,9.0,0907*71
2021:01:22:13:38:13.286000,1611319093.286,$GPGGA,123813.00,6341.007238,N,01051.522813,E,2,12,0.7,12.18,M,40.21,M,10.0,0907*49
2021:01:22:13:38:14.286000,1611319094.286,$GPGGA,123814.00,6341.005611,N,01051.517744,E,2,12,0.7,12.14,M,40.21,M,11.0,0907*45
2021:01:22:13:38:15.286000,1611319095.286,$GPGGA,123815.00,6341.003982,N,01051.512733,E,2,12,0.7,12.10,M,40.21,M,7.0,0907*71
2021:01:22:13:38:16.286000,1611319096.286,$GPGGA,123816.00,6341.002336,N,01051.507725,E,2,12,0.7,12.11,M,40.21,M,8.0,0907*7B
2021:01:22:13:38:17.286000,1611319097.286,$GPGGA,123817.00,6341.000742,N,01051.502661,E,2,12,0.7,12.12,M,40.21,M,9.0,0907*79
2021:01:22:13:38:18.286000,1611319098.286,$GPGGA,123818.00,6340.999166,N,01051.497559,E,2,12,0.7,12.13,M,40.21,M,10.0,0907*42
2021:01:22:13:38:19.286000,1611319099.286,$GPGGA,123819.00,6340.997550,N,01051.492472,E,2,12,0.7,12.11,M,40.21,M,5.0,0907*77
2021:01:22:13:38:20.286000,1611319100.286,$GPGGA,123820.00,6340.995938,N,01051.487402,E,2,12,0.7,12.11,M,40.21,M,6.0,0907*7D
2021:01:22:13:38:21.286000,1611319101.286,$GPGGA,123821.00,6340.994349,N,01051.482319,E,2,12,0.7,12.10,M,40.21,M,7.0,0907*79
2021:01:22:13:38:22.286000,1611319102.286,$GPGGA,123822.00,6340.992754,N,01051.477201,E,2,12,0.7,12.09,M,40.21,M,8.0,0907*71
2021:01:22:13:38:23.286000,1611319103.286,$GPGGA,123823.00,6340.991167,N,01051.472085,E,2,12,0.7,12.09,M,40.21,M,9.0,0907*7F
2021:01:22:13:38:25.286000,1611319105.286,$GPGGA,123825.00,6340.987998,N,01051.461875,E,2,12,0.7,12.12,M,40.21,M,11.0,0907*40
2021:01:22:13:38:26.286000,1611319106.286,$GPGGA,123826.00,6340.986374,N,01051.456789,E,2,12,0.7,12.11,M,40.21,M,7.0,0907*76
2021:01:22:13:38:27.287000,1611319107.287,$GPGGA,123827.00,6340.984751,N,01051.451748,E,2,12,0.7,12.11,M,40.21,M,8.0,0907*73
2021:01:22:13:38:30.286000,1611319110.286,$GPGGA,123830.00,6340.979951,N,01051.436458,E,2,12,0.7,12.12,M,40.21,M,11.0,0907*41
2021:01:22:13:38:31.286000,1611319111.286,$GPGGA,123831.00,6340.978333,N,01051.431393,E,2,12,0.7,12.11,M,40.21,M,12.0,0907*48
2021:01:22:13:38:32.286000,1611319112.286,$GPGGA,123832.00,6340.976722,N,01051.426321,E,2,12,0.7,12.15,M,40.21,M,8.0,0907*71
2021:01:22:13:38:34.286000,1611319114.286,$GPGGA,123834.00,6340.973518,N,01051.416092,E,2,12,0.7,12.09,M,40.21,M,10.0,0907*45
2021:01:22:13:38:35.286000,1611319115.286,$GPGGA,123835.00,6340.971894,N,01051.411035,E,2,12,0.7,12.11,M,40.21,M,11.0,0907*4D
2021:01:22:13:38:36.286000,1611319116.286,$GPGGA,123836.00,6340.970277,N,01051.406008,E,2,12,0.7,12.12,M,40.21,M,7.0,0907*74
2021:01:22:13:38:37.286000,1611319117.286,$GPGGA,123837.00,6340.968646,N,01051.400965,E,2,12,0.7,12.11,M,40.21,M,8.0,0907*72
2021:01:22:13:38:38.286000,1611319118.286,$GPGGA,123838.00,6340.967004,N,01051.395901,E,2,12,0.7,12.08,M,40.21,M,9.0,0907*72
2021:01:22:13:38:39.286000,1611319119.286,$GPGGA,123839.00,6340.965389,N,01051.390848,E,2,12,0.7,12.11,M,40.21,M,10.0,0907*4E
2021:01:22:13:38:40.286000,1611319120.286,$GPGGA,123840.00,6340.963791,N,01051.385733,E,2,12,0.7,12.13,M,40.21,M,5.0,0907*7A
2021:01:22:13:38:42.287000,1611319122.287,$GPGGA,123842.00,6340.960592,N,01051.375507,E,2,12,0.7,12.12,M,40.21,M,7.0,0907*73
2021:01:22:13:38:43.287000,1611319123.287,$GPGGA,123843.00,6340.958991,N,01051.370418,E,2,12,0.7,12.13,M,40.21,M,8.0,0907*72
2021:01:22:13:38:44.287000,1611319124.287,$GPGGA,123844.00,6340.957377,N,01051.365361,E,2,12,0.7,12.13,M,40.21,M,9.0,0907*74
2021:01:22:13:38:45.287000,1611319125.287,$GPGGA,123845.00,6340.955779,N,01051.360264,E,2,12,0.7,12.12,M,40.21,M,10.0,0907*45
2021:01:22:13:38:46.287000,1611319126.287,$GPGGA,123846.00,6340.954181,N,01051.355173,E,2,12,0.7,12.09,M,40.21,M,5.0,0907*7B
2021:01:22:13:38:47.287000,1611319127.287,$GPGGA,123847.00,6340.952563,N,01051.350116,E,2,12,0.7,12.10,M,40.21,M,6.0,0907*79
2021:01:22:13:38:48.287000,1611319128.287,$GPGGA,123848.00,6340.950954,N,01051.345031,E,2,12,0.7,12.09,M,40.21,M,7.0,0907*75
2021:01:22:13:38:50.287000,1611319130.287,$GPGGA,123850.00,6340.947741,N,01051.334901,E,2,12,0.7,12.08,M,40.21,M,9.0,0907*73
2021:01:22:13:38:51.287000,1611319131.287,$GPGGA,123851.00,6340.946135,N,01051.329821,E,2,12,0.7,12.06,M,40.21,M,10.0,0907*4F
2021:01:22:13:38:52.287000,1611319132.287,$GPGGA,123852.00,6340.944500,N,01051.324789,E,2,12,0.7,12.06,M,40.21,M,6.0,0907*7B
2021:01:22:13:38:54.287000,1611319134.287,$GPGGA,123854.00,6340.941212,N,01051.314755,E,2,12,0.7,12.06,M,40.21,M,8.0,0907*70
2021:01:22:13:38:55.287000,1611319135.287,$GPGGA,123855.00,6340.939591,N,01051.309746,E,2,12,0.7,12.06,M,40.22,M,9.0,0907*7E
2021:01:22:13:38:56.288000,1611319136.288,$GPGGA,123856.00,6340.937958,N,01051.304734,E,2,12,0.7,12.06,M,40.22,M,10.0,0907*4A
2021:01:22:13:38:57.288000,1611319137.288,$GPGGA,123857.00,6340.936326,N,01051.299723,E,2,12,0.7,12.07,M,40.22,M,11.0,0907*4A
2021:01:22:13:38:59.287000,1611319139.287,$GPGGA,123859.00,6340.933120,N,01051.289550,E,2,12,0.7,12.06,M,40.22,M,13.0,0907*41
2021:01:22:13:39:00.287000,1611319140.287,$GPGGA,123900.00,6340.931513,N,01051.284481,E,2,12,0.7,12.09,M,40.22,M,8.0,0907*7F
2021:01:22:13:39:01.287000,1611319141.287,$GPGGA,123901.00,6340.929922,N,01051.279363,E,2,12,0.7,12.08,M,40.22,M,9.0,0907*70
2021:01:22:13:39:02.287000,1611319142.287,$GPGGA,123902.00,6340.928340,N,01051.274262,E,2,12,0.7,12.06,M,40.22,M,10.0,0907*47
2021:01:22:13:39:03.287000,1611319143.287,$GPGGA,123903.00,6340.926764,N,01051.269109,E,2,12,0.7,12.09,M,40.22,M,6.0,0907*70
2021:01:22:13:39:04.287000,1611319144.287,$GPGGA,123904.00,6340.925206,N,01051.263985,E,2,12,0.7,12.09,M,40.22,M,7.0,0907*72
2021:01:22:13:39:05.287000,1611319145.287,$GPGGA,123905.00,6340.923628,N,01051.258866,E,2,12,0.7,12.11,M,40.22,M,8.0,0907*7F
2021:01:22:13:39:07.287000,1611319147.287,$GPGGA,123907.00,6340.920469,N,01051.248555,E,2,12,0.7,12.09,M,40.22,M,10.0,0907*45
2021:01:22:13:39:08.287000,1611319148.287,$GPGGA,123908.00,6340.918906,N,01051.243426,E,2,12,0.7,12.10,M,40.22,M,11.0,0907*42
2021:01:22:13:39:09.287000,1611319149.287,$GPGGA,123909.00,6340.917318,N,01051.238317,E,2,12,0.7,12.11,M,40.22,M,7.0,0907*76
2021:01:22:13:39:10.287000,1611319150.287,$GPGGA,123910.00,6340.915701,N,01051.233231,E,2,12,0.7,12.07,M,40.22,M,8.0,0907*76
2021:01:22:13:39:11.288000,1611319151.288,$GPGGA,123911.00,6340.914098,N,01051.228163,E,2,12,0.7,12.08,M,40.22,M,9.0,0907*71
2021:01:22:13:39:12.288000,1611319152.288,$GPGGA,123912.00,6340.912525,N,01051.223021,E,2,12,0.7,12.09,M,40.22,M,10.0,0907*42
2021:01:22:13:39:13.288000,1611319153.288,$GPGGA,123913.00,6340.910931,N,01051.217927,E,2,12,0.7,12.09,M,40.22,M,11.0,0907*41
2021:01:22:13:39:15.288000,1611319155.288,$GPGGA,123915.00,6340.907722,N,01051.207816,E,2,12,0.7,12.07,M,40.22,M,13.0,0907*43
2021:01:22:13:39:16.288000,1611319156.288,$GPGGA,123916.00,6340.906097,N,01051.202788,E,2,12,0.7,12.08,M,40.22,M,8.0,0907*70
2021:01:22:13:39:17.288000,1611319157.288,$GPGGA,123917.00,6340.904484,N,01051.197748,E,2,12,0.7,12.07,M,40.22,M,9.0,0907*78
2021:01:22:13:39:19.288000,1611319159.288,$GPGGA,123919.00,6340.901211,N,01051.187708,E,2,12,0.7,12.08,M,40.22,M,6.0,0907*7C
2021:01:22:13:39:20.288000,1611319160.288,$GPGGA,123920.00,6340.899575,N,01051.182712,E,2,12,0.7,12.09,M,40.22,M,7.0,0907*7D
2021:01:22:13:39:21.288000,1611319161.288,$GPGGA,123921.00,6340.897969,N,01051.177632,E,2,12,0.7,12.08,M,40.22,M,8.0,0907*74
2021:01:22:13:39:22.288000,1611319162.288,$GPGGA,123922.00,6340.896358,N,01051.172540,E,2,12,0.7,12.05,M,40.22,M,9.0,0907*71
2021:01:22:13:39:23.288000,1611319163.288,$GPGGA,123923.00,6340.894734,N,01051.167490,E,2,12,0.7,12.08,M,40.22,M,5.0,0907*75
2021:01:22:13:39:24.288000,1611319164.288,$GPGGA,123924.00,6340.893125,N,01051.162413,E,2,12,0.7,12.09,M,40.22,M,6.0,0907*7F
2021:01:22:13:39:25.289000,1611319165.289,$GPGGA,123925.00,6340.891526,N,01051.157281,E,2,12,0.7,12.05,M,40.22,M,7.0,0907*7D
2021:01:22:13:39:27.289000,1611319167.289,$GPGGA,123927.00,6340.888307,N,01051.147068,E,2,12,0.7,12.08,M,40.22,M,9.0,0907*75
2021:01:22:13:39:28.289000,1611319168.289,$GPGGA,123928.00,6340.886711,N,01051.141982,E,2,12,0.7,12.07,M,40.22,M,10.0,0907*4B
2021:01:22:13:39:29.289000,1611319169.289,$GPGGA,123929.00,6340.885120,N,01051.136851,E,2,12,0.7,12.10,M,40.22,M,6.0,0907*73
2021:01:22:13:39:30.288000,1611319170.288,$GPGGA,123930.00,6340.883519,N,01051.131700,E,2,12,0.7,12.10,M,40.22,M,7.0,0907*7E
2021:01:22:13:39:32.288000,1611319172.288,$GPGGA,123932.00,6340.880320,N,01051.121476,E,2,12,0.7,12.09,M,40.22,M,9.0,0907*76
2021:01:22:13:39:33.288000,1611319173.288,$GPGGA,123933.00,6340.878708,N,01051.116364,E,2,12,0.7,12.09,M,40.22,M,10.0,0907*46
2021:01:22:13:39:34.288000,1611319174.288,$GPGGA,123934.00,6340.877074,N,01051.111269,E,2,12,0.7,12.08,M,40.22,M,11.0,0907*49
2021:01:22:13:39:35.288000,1611319175.288,$GPGGA,123935.00,6340.875435,N,01051.106220,E,2,12,0.7,12.09,M,40.22,M,12.0,0907*42
2021:01:22:13:39:36.288000,1611319176.288,$GPGGA,123936.00,6340.873812,N,01051.101133,E,2,12,0.7,12.08,M,40.22,M,13.0,0907*48
2021:01:22:13:39:37.288000,1611319177.288,$GPGGA,123937.00,6340.872176,N,01051.096057,E,2,12,0.7,12.09,M,40.22,M,7.0,0907*7B
2021:01:22:13:39:38.288000,1611319178.288,$GPGGA,123938.00,6340.870519,N,01051.091027,E,2,12,0.7,12.11,M,40.22,M,8.0,0907*7D
2021:01:22:13:39:40.289000,1611319180.289,$GPGGA,123940.00,6340.867242,N,01051.080928,E,2,12,0.7,12.12,M,40.22,M,10.0,0907*41
2021:01:22:13:39:41.289000,1611319181.289,$GPGGA,123941.00,6340.865613,N,01051.075867,E,2,12,0.7,12.13,M,40.22,M,11.0,0907*42
2021:01:22:13:39:42.289000,1611319182.289,$GPGGA,123942.00,6340.863956,N,01051.070811,E,2,12,0.7,12.11,M,40.22,M,12.0,0907*4C
2021:01:22:13:39:44.289000,1611319184.289,$GPGGA,123944.00,6340.860695,N,01051.060658,E,2,12,0.7,12.17,M,40.22,M,9.0,0907*77
2021:01:22:13:39:45.289000,1611319185.289,$GPGGA,123945.00,6340.859075,N,01051.055543,E,2,12,0.7,12.16,M,40.22,M,10.0,0907*42
2021:01:22:13:39:46.289000,1611319186.289,$GPGGA,123946.00,6340.857454,N,01051.050470,E,2,12,0.7,12.16,M,40.22,M,6.0,0907*7B
2021:01:22:13:39:47.289000,1611319187.289,$GPGGA,123947.00,6340.855822,N,01051.045352,E,2,12,0.7,12.15,M,40.22,M,7.0,0907*74
2021:01:22:13:39:48.289000,1611319188.289,$GPGGA,123948.00,6340.854202,N,01051.040227,E,2,12,0.7,12.13,M,40.22,M,8.0,0907*7D
2021:01:22:13:39:49.289000,1611319189.289,$GPGGA,123949.00,6340.852597,N,01051.035147,E,2,12,0.7,12.14,M,40.22,M,9.0,0907*70
2021:01:22:13:39:50.289000,1611319190.289,$GPGGA,123950.00,6340.850973,N,01051.030023,E,2,12,0.7,12.14,M,40.22,M,5.0,0907*76
2021:01:22:13:39:52.289000,1611319192.289,$GPGGA,123952.00,6340.847794,N,01051.019731,E,2,12,0.7,12.15,M,40.22,M,7.0,0907*79
2021:01:22:13:39:53.289000,1611319193.289,$GPGGA,123953.00,6340.846221,N,01051.014550,E,2,12,0.7,12.14,M,40.22,M,8.0,0907*74
2021:01:22:13:39:54.289000,1611319194.289,$GPGGA,123954.00,6340.844623,N,01051.009436,E,2,12,0.7,12.16,M,40.22,M,9.0,0907*79
2021:01:22:13:39:55.290000,1611319195.29,$GPGGA,123955.00,6340.843011,N,01051.004333,E,2,12,0.7,12.15,M,40.22,M,10.0,0907*4C
2021:01:22:13:39:56.290000,1611319196.29,$GPGGA,123956.00,6340.841403,N,01050.999225,E,2,12,0.7,12.12,M,40.22,M,6.0,0907*70
2021:01:22:13:39:57.290000,1611319197.29,$GPGGA,123957.00,6340.839786,N,01050.994149,E,2,12,0.7,12.14,M,40.22,M,7.0,0907*73
2021:01:22:13:39:58.290000,1611319198.29,$GPGGA,123958.00,6340.838152,N,01050.989070,E,2,12,0.7,12.14,M,40.22,M,8.0,0907*7A
2021:01:22:13:40:00.290000,1611319200.29,$GPGGA,124000.00,6340.834884,N,01050.978922,E,2,12,0.7,12.11,M,40.22,M,10.0,0907*4B
2021:01:22:13:40:01.289000,1611319201.289,$GPGGA,124001.00,6340.833258,N,01050.973852,E,2,12,0.7,12.14,M,40.22,M,11.0,0907*4F
2021:01:22:13:40:02.289000,1611319202.289,$GPGGA,124002.00,6340.831611,N,01050.968780,E,2,12,0.7,12.13,M,40.22,M,12.0,0907*49
2021:01:22:13:40:03.289000,1611319203.289,$GPGGA,124003.00,6340.829965,N,01050.963721,E,2,12,0.7,12.09,M,40.22,M,13.0,0907*47
2021:01:22:13:40:04.289000,1611319204.289,$GPGGA,124004.00,6340.828317,N,01050.958675,E,2,12,0.7,12.07,M,40.23,M,9.0,0907*72
2021:01:22:13:40:05.289000,1611319205.289,$GPGGA,124005.00,6340.826663,N,01050.953607,E,2,12,0.7,12.08,M,40.23,M,10.0,0907*42
2021:01:22:13:40:06.289000,1611319206.289,$GPGGA,124006.00,6340.825034,N,01050.948534,E,2,12,0.7,12.10,M,40.23,M,5.0,0907*72
2021:01:22:13:40:07.289000,1611319207.289,$GPGGA,124007.00,6340.823429,N,01050.943399,E,2,12,0.7,12.09,M,40.23,M,6.0,0907*7C
2021:01:22:13:40:09.289000,1611319209.289,$GPGGA,124009.00,6340.820179,N,01050.933181,E,2,12,0.7,12.07,M,40.23,M,8.0,0907*7D
2021:01:22:13:40:10.290000,1611319210.29,$GPGGA,124010.00,6340.818545,N,01050.928075,E,2,12,0.7,12.06,M,40.23,M,9.0,0907*75
2021:01:22:13:40:11.290000,1611319211.29,$GPGGA,124011.00,6340.816925,N,01050.922968,E,2,12,0.7,12.08,M,40.23,M,10.0,0907*49
2021:01:22:13:40:12.290000,1611319212.29,$GPGGA,124012.00,6340.815319,N,01050.917814,E,2,12,0.7,12.07,M,40.23,M,11.0,0907*4E
2021:01:22:13:40:13.290000,1611319213.29,$GPGGA,124013.00,6340.813711,N,01050.912673,E,2,12,0.7,12.05,M,40.23,M,12.0,0907*4E
2021:01:22:13:40:14.290000,1611319214.29,$GPGGA,124014.00,6340.812126,N,01050.907487,E,2,12,0.7,12.10,M,40.23,M,8.0,0907*78
2021:01:22:13:40:15.290000,1611319215.29,$GPGGA,124015.00,6340.810547,N,01050.902332,E,2,12,0.7,12.11,M,40.23,M,9.0,0907*74
2021:01:22:13:40:17.290000,1611319217.29,$GPGGA,124017.00,6340.807333,N,01050.892029,E,2,12,0.7,12.11,M,40.23,M,6.0,0907*7B
2021:01:22:13:40:18.290000,1611319218.29,$GPGGA,124018.00,6340.805718,N,01050.886900,E,2,12,0.7,12.10,M,40.23,M,7.0,0907*7C
2021:01:22:13:40:19.290000,1611319219.29,$GPGGA,124019.00,6340.804093,N,01050.881815,E,2,12,0.7,12.12,M,40.23,M,8.0,0907*77
2021:01:22:13:40:20.290000,1611319220.29,$GPGGA,124020.00,6340.802464,N,01050.876690,E,2,12,0.7,12.12,M,40.23,M,9.0,0907*7D
2021:01:22:13:40:21.290000,1611319221.29,$GPGGA,124021.00,6340.800844,N,01050.871575,E,2,12,0.7,12.11,M,40.23,M,10.0,0907*44
2021:01:22:13:40:22.290000,1611319222.29,$GPGGA,124022.00,6340.799232,N,01050.866479,E,2,12,0.7,12.11,M,40.23,M,11.0,0907*49
2021:01:22:13:40:23.290000,1611319223.29,$GPGGA,124023.00,6340.797630,N,01050.861343,E,2,12,0.7,12.13,M,40.23,M,12.0,0907*48
2021:01:22:13:40:25.291000,1611319225.291,$GPGGA,124025.00,6340.794355,N,01050.851169,E,2,12,0.7,12.13,M,40.23,M,9.0,0907*78
2021:01:22:13:40:26.291000,1611319226.291,$GPGGA,124026.00,6340.792705,N,01050.846144,E,2,12,0.7,12.13,M,40.23,M,10.0,0907*4D
2021:01:22:13:40:27.291000,1611319227.291,$GPGGA,124027.00,6340.791048,N,01050.841127,E,2,12,0.7,12.13,M,40.23,M,6.0,0907*74
2021:01:22:13:40:29.291000,1611319229.291,$GPGGA,124029.00,6340.787783,N,01050.830941,E,2,12,0.7,12.10,M,40.23,M,8.0,0907*7E
2021:01:22:13:40:30.291000,1611319230.291,$GPGGA,124030.00,6340.786170,N,01050.825843,E,2,12,0.7,12.09,M,40.23,M,9.0,0907*73
2021:01:22:13:40:31.291000,1611319231.291,$GPGGA,124031.00,6340.784543,N,01050.820762,E,2,12,0.7,12.10,M,40.23,M,10.0,0907*4D
2021:01:22:13:40:32.290000,1611319232.29,$GPGGA,124032.00,6340.782911,N,01050.815675,E,2,12,0.7,12.10,M,40.23,M,11.0,0907*43
2021:01:22:13:40:34.290000,1611319234.29,$GPGGA,124034.00,6340.779647,N,01050.805550,E,2,12,0.7,12.10,M,40.23,M,6.0,0907*7E
2021:01:22:13:40:35.290000,1611319235.29,$GPGGA,124035.00,6340.778006,N,01050.800500,E,2,12,0.7,12.09,M,40.23,M,7.0,0907*74
2021:01:22:13:40:36.290000,1611319236.29,$GPGGA,124036.00,6340.776398,N,01050.795417,E,2,12,0.7,12.09,M,40.23,M,8.0,0907*76
2021:01:22:13:40:37.290000,1611319237.29,$GPGGA,124037.00,6340.774808,N,01050.790260,E,2,12,0.7,12.09,M,40.23,M,9.0,0907*75
2021:01:22:13:40:38.290000,1611319238.29,$GPGGA,124038.00,6340.773224,N,01050.785122,E,2,12,0.7,12.10,M,40.23,M,10.0,0907*48
2021:01:22:13:40:39.290000,1611319239.29,$GPGGA,124039.00,6340.771623,N,01050.780014,E,2,12,0.7,12.12,M,40.23,M,11.0,0907*4A
2021:01:22:13:40:40.291000,1611319240.291,$GPGGA,124040.00,6340.770005,N,01050.774897,E,2,12,0.7,12.12,M,40.23,M,12.0,0907*4C
2021:01:22:13:40:42.291000,1611319242.291,$GPGGA,124042.00,6340.766766,N,01050.764713,E,2,12,0.7,12.12,M,40.23,M,14.0,0907*4F
2021:01:22:13:40:43.291000,1611319243.291,$GPGGA,124043.00,6340.765153,N,01050.759589,E,2,12,0.7,12.12,M,40.23,M,5.0,0907*72
2021:01:22:13:40:44.291000,1611319244.291,$GPGGA,124044.00,6340.763536,N,01050.754491,E,2,12,0.7,12.11,M,40.23,M,6.0,0907*71
2021:01:22:13:40:45.291000,1611319245.291,$GPGGA,124045.00,6340.761918,N,01050.749402,E,2,12,0.7,12.12,M,40.23,M,7.0,0907*76
2021:01:22:13:40:46.291000,1611319246.291,$GPGGA,124046.00,6340.760301,N,01050.744299,E,2,12,0.7,12.12,M,40.23,M,8.0,0907*70
2021:01:22:13:40:47.291000,1611319247.291,$GPGGA,124047.00,6340.758727,N,01050.739131,E,2,12,0.7,12.10,M,40.23,M,9.0,0907*72
2021:01:22:13:40:48.291000,1611319248.291,$GPGGA,124048.00,6340.757127,N,01050.734001,E,2,12,0.7,12.09,M,40.23,M,10.0,0907*4B
2021:01:22:13:40:49.291000,1611319249.291,$GPGGA,124049.00,6340.755495,N,01050.728879,E,2,12,0.7,12.07,M,40.23,M,11.0,0907*41
2021:01:22:13:40:50.291000,1611319250.291,$GPGGA,124050.00,6340.753887,N,01050.723786,E,2,12,0.7,12.07,M,40.23,M,12.0,0907*47
2021:01:22:13:40:51.291000,1611319251.291,$GPGGA,124051.00,6340.752270,N,01050.718691,E,2,12,0.7,12.10,M,40.23,M,7.0,0907*78
2021:01:22:13:40:52.291000,1611319252.291,$GPGGA,124052.00,6340.750658,N,01050.713575,E,2,12,0.7,12.10,M,40.23,M,8.0,0907*7A
2021:01:22:13:40:54.291000,1611319254.291,$GPGGA,124054.00,6340.747411,N,01050.703357,E,2,12,0.7,12.08,M,40.23,M,5.0,0907*76
2021:01:22:13:40:55.292000,1611319255.292,$GPGGA,124055.00,6340.745806,N,01050.698246,E,2,12,0.7,12.09,M,40.23,M,6.0,0907*7F
2021:01:22:13:40:56.292000,1611319256.292,$GPGGA,124056.00,6340.744214,N,01050.693091,E,2,12,0.7,12.10,M,40.23,M,7.0,0907*7E
2021:01:22:13:40:57.292000,1611319257.292,$GPGGA,124057.00,6340.742645,N,01050.687939,E,2,12,0.7,12.10,M,40.23,M,8.0,0907*78
2021:01:22:13:40:58.292000,1611319258.292,$GPGGA,124058.00,6340.741047,N,01050.682794,E,2,12,0.7,12.07,M,40.23,M,9.0,0907*7B
2021:01:22:13:40:59.292000,1611319259.292,$GPGGA,124059.00,6340.739440,N,01050.677702,E,2,12,0.7,12.08,M,40.23,M,10.0,0907*44
2021:01:22:13:41:00.292000,1611319260.292,$GPGGA,124100.00,6340.737825,N,01050.672591,E,2,12,0.7,12.09,M,40.23,M,11.0,0907*45
2021:01:22:13:41:02.292000,1611319262.292,$GPGGA,124102.00,6340.734650,N,01050.662290,E,2,12,0.7,12.10,M,40.23,M,7.0,0907*70
2021:01:22:13:41:03.291000,1611319263.291,$GPGGA,124103.00,6340.733077,N,01050.657148,E,2,12,0.7,12.11,M,40.23,M,8.0,0907*7B
2021:01:22:13:41:04.291000,1611319264.291,$GPGGA,124104.00,6340.731444,N,01050.652039,E,2,12,0.7,12.11,M,40.23,M,9.0,0907*79
2021:01:22:13:41:05.291000,1611319265.291,$GPGGA,124105.00,6340.729828,N,01050.646935,E,2,12,0.7,12.12,M,40.23,M,10.0,0907*4C
2021:01:22:13:41:07.291000,1611319267.291,$GPGGA,124107.00,6340.726728,N,01050.636564,E,2,12,0.7,12.14,M,40.23,M,7.0,0907*71
2021:01:22:13:41:08.291000,1611319268.291,$GPGGA,124108.00,6340.725149,N,01050.631403,E,2,12,0.7,12.15,M,40.23,M,8.0,0907*75
2021:01:22:13:41:09.291000,1611319269.291,$GPGGA,124109.00,6340.723550,N,01050.626303,E,2,12,0.7,12.13,M,40.23,M,9.0,0907*78
2021:01:22:13:41:10.293000,1611319270.293,$GPGGA,124110.00,6340.721949,N,01050.621241,E,2,12,0.7,12.14,M,40.23,M,10.0,0907*49
2021:01:22:13:41:11.292000,1611319271.292,$GPGGA,124111.00,6340.720353,N,01050.616120,E,2,12,0.7,12.13,M,40.23,M,11.0,0907*4E
2021:01:22:13:41:12.292000,1611319272.292,$GPGGA,124112.00,6340.718786,N,01050.610978,E,2,12,0.7,12.13,M,40.23,M,12.0,0907*4A
2021:01:22:13:41:13.293000,1611319273.293,$GPGGA,124113.00,6340.717201,N,01050.605870,E,2,12,0.7,12.11,M,40.24,M,13.0,0907*47
2021:01:22:13:41:15.292000,1611319275.292,$GPGGA,124115.00,6340.714023,N,01050.595629,E,2,12,0.7,12.10,M,40.24,M,10.0,0907*4A
2021:01:22:13:41:16.292000,1611319276.292,$GPGGA,124116.00,6340.712436,N,01050.590495,E,2,12,0.7,12.10,M,40.24,M,11.0,0907*4E
2021:01:22:13:41:17.292000,1611319277.292,$GPGGA,124117.00,6340.710836,N,01050.585454,E,2,12,0.7,12.12,M,40.24,M,7.0,0907*7D
2021:01:22:13:41:19.292000,1611319279.292,$GPGGA,124119.00,6340.707621,N,01050.575229,E,2,12,0.7,12.09,M,40.24,M,9.0,0907*7A
2021:01:22:13:41:20.292000,1611319280.292,$GPGGA,124120.00,6340.706002,N,01050.570194,E,2,12,0.7,12.10,M,40.24,M,10.0,0907*46
2021:01:22:13:41:21.292000,1611319281.292,$GPGGA,124121.00,6340.704405,N,01050.565098,E,2,12,0.7,12.10,M,40.24,M,11.0,0907*4E
2021:01:22:13:41:22.292000,1611319282.292,$GPGGA,124122.00,6340.702844,N,01050.559906,E,2,12,0.7,12.09,M,40.24,M,12.0,0907*48
2021:01:22:13:41:23.292000,1611319283.292,$GPGGA,124123.00,6340.701286,N,01050.554787,E,2,12,0.7,12.11,M,40.24,M,13.0,0907*4C
2021:01:22:13:41:24.292000,1611319284.292,$GPGGA,124124.00,6340.699694,N,01050.549655,E,2,12,0.7,12.12,M,40.24,M,9.0,0907*76
2021:01:22:13:41:25.293000,1611319285.293,$GPGGA,124125.00,6340.698089,N,01050.544558,E,2,12,0.7,12.10,M,40.24,M,10.0,0907*45
2021:01:22:13:41:27.293000,1611319287.293,$GPGGA,124127.00,6340.694781,N,01050.534566,E,2,12,0.7,12.11,M,40.24,M,12.0,0907*4D
2021:01:22:13:41:28.293000,1611319288.293,$GPGGA,124128.00,6340.693140,N,01050.529554,E,2,12,0.7,12.09,M,40.24,M,7.0,0907*7E
2021:01:22:13:41:29.293000,1611319289.293,$GPGGA,124129.00,6340.691501,N,01050.524504,E,2,12,0.7,12.08,M,40.24,M,8.0,0907*7A
2021:01:22:13:41:30.293000,1611319290.293,$GPGGA,124130.00,6340.689838,N,01050.519543,E,2,12,0.7,12.08,M,40.24,M,4.0,0907*7D
2021:01:22:13:41:31.293000,1611319291.293,$GPGGA,124131.00,6340.688173,N,01050.514541,E,2,12,0.7,12.10,M,40.24,M,5.0,0907*7C
2021:01:22:13:41:32.293000,1611319292.293,$GPGGA,124132.00,6340.686493,N,01050.509582,E,2,12,0.7,12.11,M,40.24,M,6.0,0907*7B
2021:01:22:13:41:33.293000,1611319293.293,$GPGGA,124133.00,6340.684815,N,01050.504606,E,2,12,0.7,12.10,M,40.24,M,7.0,0907*78
2021:01:22:13:41:34.292000,1611319294.292,$GPGGA,124134.00,6340.683111,N,01050.499704,E,2,12,0.7,12.10,M,40.24,M,8.0,0907*7C
2021:01:22:13:41:35.293000,1611319295.293,$GPGGA,124135.00,6340.681380,N,01050.494864,E,2,12,0.7,12.13,M,40.24,M,9.0,0907*73
2021:01:22:13:41:36.292000,1611319296.292,$GPGGA,124136.00,6340.679642,N,01050.489995,E,2,12,0.7,12.12,M,40.24,M,10.0,0907*46
2021:01:22:13:41:37.292000,1611319297.292,$GPGGA,124137.00,6340.677930,N,01050.485126,E,2,12,0.7,12.12,M,40.24,M,11.0,0907*4E
2021:01:22:13:41:38.292000,1611319298.292,$GPGGA,124138.00,6340.676195,N,01050.480295,E,2,12,0.7,12.13,M,40.24,M,12.0,0907*4B
2021:01:22:13:41:40.293000,1611319300.293,$GPGGA,124140.00,6340.672717,N,01050.470581,E,2,12,0.7,12.11,M,40.24,M,14.0,0907*45
2021:01:22:13:41:41.293000,1611319301.293,$GPGGA,124141.00,6340.670973,N,01050.465748,E,2,12,0.7,12.14,M,40.24,M,9.0,0907*70
2021:01:22:13:41:42.293000,1611319302.293,$GPGGA,124142.00,6340.669245,N,01050.460829,E,2,12,0.7,12.15,M,40.24,M,10.0,0907*41
2021:01:22:13:41:43.294000,1611319303.294,$GPGGA,124143.00,6340.667527,N,01050.455934,E,2,12,0.7,12.14,M,40.24,M,11.0,0907*46
2021:01:22:13:41:44.293000,1611319304.293,$GPGGA,124144.00,6340.665795,N,01050.451064,E,2,12,0.7,12.14,M,40.24,M,7.0,0907*77
2021:01:22:13:41:45.293000,1611319305.293,$GPGGA,124145.00,6340.664050,N,01050.446172,E,2,12,0.7,12.14,M,40.24,M,8.0,0907*76
2021:01:22:13:41:46.293000,1611319306.293,$GPGGA,124146.00,6340.662315,N,01050.441309,E,2,12,0.7,12.14,M,40.24,M,9.0,0907*79
2021:01:22:13:41:47.293000,1611319307.293,$GPGGA,124147.00,6340.660587,N,01050.436453,E,2,12,0.7,12.15,M,40.24,M,5.0,0907*72
2021:01:22:13:41:48.293000,1611319308.293,$GPGGA,124148.00,6340.658834,N,01050.431562,E,2,12,0.7,12.13,M,40.24,M,6.0,0907*72
2021:01:22:13:41:49.293000,1611319309.293,$GPGGA,124149.00,6340.657102,N,01050.426701,E,2,12,0.7,12.14,M,40.24,M,7.0,0907*77
2021:01:22:13:41:50.293000,1611319310.293,$GPGGA,124150.00,6340.655359,N,01050.421825,E,2,12,0.7,12.16,M,40.24,M,8.0,0907*72
2021:01:22:13:41:52.293000,1611319312.293,$GPGGA,124152.00,6340.651870,N,01050.412131,E,2,12,0.7,12.18,M,40.24,M,10.0,0907*4F
2021:01:22:13:41:53.293000,1611319313.293,$GPGGA,124153.00,6340.650097,N,01050.407284,E,2,12,0.7,12.17,M,40.24,M,11.0,0907*49
2021:01:22:13:41:54.293000,1611319314.293,$GPGGA,124154.00,6340.648335,N,01050.402461,E,2,12,0.7,12.16,M,40.24,M,12.0,0907*46
2021:01:22:13:41:56.294000,1611319316.294,$GPGGA,124156.00,6340.644791,N,01050.392775,E,2,12,0.7,12.19,M,40.24,M,14.0,0907*43
2021:01:22:13:41:57.294000,1611319317.294,$GPGGA,124157.00,6340.643014,N,01050.387981,E,2,12,0.7,12.16,M,40.24,M,7.0,0907*73
2021:01:22:13:41:58.294000,1611319318.294,$GPGGA,124158.00,6340.641239,N,01050.383157,E,2,12,0.7,12.16,M,40.24,M,8.0,0907*7B
2021:01:22:13:42:00.294000,1611319320.294,$GPGGA,124200.00,6340.637683,N,01050.373531,E,2,12,0.7,12.15,M,40.24,M,10.0,0907*40
2021:01:22:13:42:01.294000,1611319321.294,$GPGGA,124201.00,6340.635905,N,01050.368694,E,2,12,0.7,12.14,M,40.24,M,6.0,0907*72
2021:01:22:13:42:02.294000,1611319322.294,$GPGGA,124202.00,6340.634153,N,01050.363831,E,2,12,0.7,12.12,M,40.24,M,7.0,0907*76
2021:01:22:13:42:05.294000,1611319325.294,$GPGGA,124205.00,6340.628927,N,01050.349227,E,2,12,0.7,12.11,M,40.24,M,7.0,0907*71
2021:01:22:13:42:06.293000,1611319326.293,$GPGGA,124206.00,6340.627186,N,01050.344376,E,2,12,0.7,12.11,M,40.24,M,8.0,0907*79
2021:01:22:13:42:07.293000,1611319327.293,$GPGGA,124207.00,6340.625424,N,01050.339525,E,2,12,0.7,12.11,M,40.24,M,4.0,0907*71
2021:01:22:13:42:09.294000,1611319329.294,$GPGGA,124209.00,6340.621891,N,01050.329880,E,2,12,0.7,12.10,M,40.24,M,6.0,0907*79
2021:01:22:13:42:10.294000,1611319330.294,$GPGGA,124210.00,6340.620141,N,01050.325012,E,2,12,0.7,12.08,M,40.24,M,7.0,0907*73
2021:01:22:13:42:11.294000,1611319331.294,$GPGGA,124211.00,6340.618410,N,01050.320128,E,2,12,0.7,12.07,M,40.24,M,8.0,0907*75
2021:01:22:13:42:12.294000,1611319332.294,$GPGGA,124212.00,6340.616655,N,01050.315299,E,2,12,0.7,12.09,M,40.24,M,9.0,0907*7B
2021:01:22:13:42:13.294000,1611319333.294,$GPGGA,124213.00,6340.614898,N,01050.310425,E,2,12,0.7,12.08,M,40.24,M,10.0,0907*4A
2021:01:22:13:42:14.294000,1611319334.294,$GPGGA,124214.00,6340.613146,N,01050.305512,E,2,12,0.7,12.06,M,40.24,M,11.0,0907*4E
2021:01:22:13:42:15.294000,1611319335.294,$GPGGA,124215.00,6340.611376,N,01050.300697,E,2,12,0.7,12.11,M,40.24,M,7.0,0907*76
2021:01:22:13:42:17.294000,1611319337.294,$GPGGA,124217.00,6340.607861,N,01050.290931,E,2,12,0.7,12.09,M,40.24,M,9.0,0907*72
2021:01:22:13:42:18.294000,1611319338.294,$GPGGA,124218.00,6340.606113,N,01050.286063,E,2,12,0.7,12.10,M,40.24,M,10.0,0907*49
2021:01:22:13:42:19.294000,1611319339.294,$GPGGA,124219.00,6340.604361,N,01050.281188,E,2,12,0.7,12.11,M,40.24,M,11.0,0907*4E
2021:01:22:13:42:21.294000,1611319341.294,$GPGGA,124221.00,6340.600866,N,01050.271377,E,2,12,0.7,12.10,M,40.24,M,13.0,0907*43
2021:01:22:13:42:22.294000,1611319342.294,$GPGGA,124222.00,6340.599155,N,01050.266438,E,2,12,0.7,12.09,M,40.24,M,14.0,0907*4F
2021:01:22:13:42:23.294000,1611319343.294,$GPGGA,124223.00,6340.597415,N,01050.261521,E,2,12,0.7,12.09,M,40.24,M,15.0,0907*4E
2021:01:22:13:42:25.295000,1611319345.295,$GPGGA,124225.00,6340.593877,N,01050.251822,E,2,12,0.7,12.09,M,40.25,M,6.0,0907*7A
2021:01:22:13:42:26.295000,1611319346.295,$GPGGA,124226.00,6340.592127,N,01050.246941,E,2,12,0.7,12.10,M,40.25,M,7.0,0907*7F
2021:01:22:13:42:27.295000,1611319347.295,$GPGGA,124227.00,6340.590383,N,01050.242046,E,2,12,0.7,12.10,M,40.25,M,8.0,0907*75
2021:01:22:13:42:28.295000,1611319348.295,$GPGGA,124228.00,6340.588623,N,01050.237168,E,2,12,0.7,12.08,M,40.25,M,9.0,0907*7B
2021:01:22:13:42:29.295000,1611319349.295,$GPGGA,124229.00,6340.586843,N,01050.232321,E,2,12,0.7,12.08,M,40.25,M,10.0,0907*4E
2021:01:22:13:42:30.295000,1611319350.295,$GPGGA,124230.00,6340.585088,N,01050.227476,E,2,12,0.7,12.09,M,40.25,M,11.0,0907*4B
2021:01:22:13:42:31.295000,1611319351.295,$GPGGA,124231.00,6340.583323,N,01050.222617,E,2,12,0.7,12.13,M,40.25,M,6.0,0907*73
2021:01:22:13:42:32.295000,1611319352.295,$GPGGA,124232.00,6340.581560,N,01050.217758,E,2,12,0.7,12.12,M,40.25,M,7.0,0907*7F
2021:01:22:13:42:33.295000,1611319353.295,$GPGGA,124233.00,6340.579769,N,01050.212925,E,2,12,0.7,12.13,M,40.25,M,8.0,0907*7D
2021:01:22:13:42:34.295000,1611319354.295,$GPGGA,124234.00,6340.577965,N,01050.208160,E,2,12,0.7,12.15,M,40.25,M,9.0,0907*73
2021:01:22:13:42:35.295000,1611319355.295,$GPGGA,124235.00,6340.576161,N,01050.203395,E,2,12,0.7,12.13,M,40.25,M,10.0,0907*42
2021:01:22:13:42:37.294000,1611319357.294,$GPGGA,124237.00,6340.572542,N,01050.193872,E,2,12,0.7,12.13,M,40.25,M,12.0,0907*4B
2021:01:22:13:42:38.295000,1611319358.295,$GPGGA,124238.00,6340.570721,N,01050.189134,E,2,12,0.7,12.15,M,40.25,M,8.0,0907*7C
2021:01:22:13:42:39.295000,1611319359.295,$GPGGA,124239.00,6340.568909,N,01050.184352,E,2,12,0.7,12.15,M,40.25,M,9.0,0907*7E
2021:01:22:13:42:40.295000,1611319360.295,$GPGGA,124240.00,6340.567109,N,01050.179613,E,2,12,0.7,12.15,M,40.25,M,10.0,0907*4D
2021:01:22:13:42:42.295000,1611319362.295,$GPGGA,124242.00,6340.563505,N,01050.170045,E,2,12,0.7,12.10,M,40.25,M,7.0,0907*7C
2021:01:22:13:42:43.296000,1611319363.296,$GPGGA,124243.00,6340.561686,N,01050.165293,E,2,12,0.7,12.11,M,40.25,M,8.0,0907*74
2021:01:22:13:42:44.295000,1611319364.295,$GPGGA,124244.00,6340.559897,N,01050.160510,E,2,12,0.7,12.12,M,40.25,M,9.0,0907*7D
2021:01:22:13:42:46.295000,1611319366.295,$GPGGA,124246.00,6340.556320,N,01050.150826,E,2,12,0.7,12.12,M,40.25,M,11.0,0907*45
2021:01:22:13:42:47.295000,1611319367.295,$GPGGA,124247.00,6340.554548,N,01050.146036,E,2,12,0.7,12.12,M,40.25,M,12.0,0907*43
2021:01:22:13:42:48.295000,1611319368.295,$GPGGA,124248.00,6340.552792,N,01050.141178,E,2,12,0.7,12.17,M,40.25,M,6.0,0907*73
2021:01:22:13:42:50.295000,1611319370.295,$GPGGA,124250.00,6340.549314,N,01050.131365,E,2,12,0.7,12.14,M,40.25,M,8.0,0907*7E
2021:01:22:13:42:51.295000,1611319371.295,$GPGGA,124251.00,6340.547572,N,01050.126507,E,2,12,0.7,12.17,M,40.25,M,9.0,0907*71
2021:01:22:13:42:52.295000,1611319372.295,$GPGGA,124252.00,6340.545829,N,01050.121648,E,2,12,0.7,12.17,M,40.25,M,10.0,0907*44
2021:01:22:13:42:54.296000,1611319374.296,$GPGGA,124254.00,6340.542372,N,01050.111841,E,2,12,0.7,12.15,M,40.25,M,7.0,0907*70
2021:01:22:13:42:55.296000,1611319375.296,$GPGGA,124255.00,6340.540640,N,01050.106965,E,2,12,0.7,12.16,M,40.25,M,8.0,0907*7A
2021:01:22:13:42:56.296000,1611319376.296,$GPGGA,124256.00,6340.538894,N,01050.102099,E,2,12,0.7,12.14,M,40.25,M,9.0,0907*7C
2021:01:22:13:42:57.296000,1611319377.296,$GPGGA,124257.00,6340.537157,N,01050.097204,E,2,12,0.7,12.13,M,40.25,M,10.0,0907*40
2021:01:22:13:42:58.296000,1611319378.296,$GPGGA,124258.00,6340.535415,N,01050.092334,E,2,12,0.7,12.13,M,40.25,M,11.0,0907*48
2021:01:22:13:42:59.296000,1611319379.296,$GPGGA,124259.00,6340.533677,N,01050.087493,E,2,12,0.7,12.15,M,40.25,M,12.0,0907*42
2021:01:22:13:43:00.296000,1611319380.296,$GPGGA,124300.00,6340.531963,N,01050.082589,E,2,12,0.7,12.16,M,40.25,M,13.0,0907*4A
2021:01:22:13:43:02.296000,1611319382.296,$GPGGA,124302.00,6340.528548,N,01050.072761,E,2,12,0.7,12.13,M,40.25,M,9.0,0907*70
2021:01:22:13:43:03.296000,1611319383.296,$GPGGA,124303.00,6340.526851,N,01050.067814,E,2,12,0.7,12.11,M,40.25,M,10.0,0907*49
2021:01:22:13:43:04.296000,1611319384.296,$GPGGA,124304.00,6340.525144,N,01050.062906,E,2,12,0.7,12.10,M,40.25,M,11.0,0907*47
2021:01:22:13:43:07.297000,1611319387.297,$GPGGA,124307.00,6340.519954,N,01050.048266,E,2,12,0.7,12.11,M,40.25,M,9.0,0907*7F
2021:01:22:13:43:08.296000,1611319388.296,$GPGGA,124308.00,6340.518203,N,01050.043402,E,2,12,0.7,12.13,M,40.25,M,5.0,0907*79
2021:01:22:13:43:09.296000,1611319389.296,$GPGGA,124309.00,6340.516466,N,01050.038481,E,2,12,0.7,12.10,M,40.25,M,6.0,0907*74
2021:01:22:13:43:11.297000,1611319391.297,$GPGGA,124311.00,6340.512999,N,01050.028734,E,2,12,0.7,12.12,M,40.25,M,8.0,0907*74
2021:01:22:13:43:12.296000,1611319392.296,$GPGGA,124312.00,6340.511279,N,01050.023822,E,2,12,0.7,12.09,M,40.25,M,9.0,0907*79
2021:01:22:13:43:13.296000,1611319393.296,$GPGGA,124313.00,6340.509526,N,01050.018999,E,2,12,0.7,12.08,M,40.25,M,10.0,0907*4C
2021:01:22:13:43:15.296000,1611319395.296,$GPGGA,124315.00,6340.505999,N,01050.009325,E,2,12,0.7,12.10,M,40.25,M,7.0,0907*7C
2021:01:22:13:43:16.296000,1611319396.296,$GPGGA,124316.00,6340.504269,N,01050.004420,E,2,12,0.7,12.08,M,40.25,M,8.0,0907*73
2021:01:22:13:43:17.296000,1611319397.296,$GPGGA,124317.00,6340.502504,N,01049.999572,E,2,12,0.7,12.08,M,40.25,M,9.0,0907*7A
2021:01:22:13:43:19.296000,1611319399.296,$GPGGA,124319.00,6340.498926,N,01049.990027,E,2,12,0.7,12.07,M,40.25,M,11.0,0907*40
2021:01:22:13:43:20.296000,1611319400.296,$GPGGA,124320.00,6340.497148,N,01049.985218,E,2,12,0.7,12.06,M,40.25,M,12.0,0907*4D
2021:01:22:13:43:21.296000,1611319401.296,$GPGGA,124321.00,6340.495358,N,01049.980412,E,2,12,0.7,12.07,M,40.25,M,7.0,0907*71
2021:01:22:13:43:22.297000,1611319402.297,$GPGGA,124322.00,6340.493560,N,01049.975687,E,2,12,0.7,12.08,M,40.25,M,8.0,0907*7D
2021:01:22:13:43:23.297000,1611319403.297,$GPGGA,124323.00,6340.491759,N,01049.970922,E,2,12,0.7,12.09,M,40.25,M,9.0,0907*73
2021:01:22:13:43:24.297000,1611319404.297,$GPGGA,124324.00,6340.489961,N,01049.966205,E,2,12,0.7,12.10,M,40.25,M,10.0,0907*41
2021:01:22:13:43:25.297000,1611319405.297,$GPGGA,124325.00,6340.488159,N,01049.961455,E,2,12,0.7,12.10,M,40.25,M,6.0,0907*71
2021:01:22:13:43:27.297000,1611319407.297,$GPGGA,124327.00,6340.484560,N,01049.951956,E,2,12,0.7,12.11,M,40.25,M,8.0,0907*73
2021:01:22:13:43:28.297000,1611319408.297,$GPGGA,124328.00,6340.482747,N,01049.947215,E,2,12,0.7,12.11,M,40.25,M,9.0,0907*77
2021:01:22:13:43:29.297000,1611319409.297,$GPGGA,124329.00,6340.480962,N,01049.942477,E,2,12,0.7,12.13,M,40.25,M,5.0,0907*74
2021:01:22:13:43:31.297000,1611319411.297,$GPGGA,124331.00,6340.477398,N,01049.932879,E,2,12,0.7,12.12,M,40.25,M,7.0,0907*7C
2021:01:22:13:43:32.297000,1611319412.297,$GPGGA,124332.00,6340.475608,N,01049.928133,E,2,12,0.7,12.12,M,40.25,M,8.0,0907*72
2021:01:22:13:43:33.297000,1611319413.297,$GPGGA,124333.00,6340.473815,N,01049.923361,E,2,12,0.7,12.11,M,40.25,M,9.0,0907*7B
2021:01:22:13:43:35.297000,1611319415.297,$GPGGA,124335.00,6340.470241,N,01049.913806,E,2,12,0.7,12.13,M,40.25,M,11.0,0907*47
2021:01:22:13:43:36.297000,1611319416.297,$GPGGA,124336.00,6340.468451,N,01049.908988,E,2,12,0.7,12.11,M,40.25,M,12.0,0907*46
2021:01:22:13:43:37.298000,1611319417.298,$GPGGA,124337.00,6340.466683,N,01049.904180,E,2,12,0.7,12.11,M,40.25,M,13.0,0907*49
2021:01:22:13:43:40.297000,1611319420.297,$GPGGA,124340.00,6340.461342,N,01049.889740,E,2,12,0.7,12.09,M,40.26,M,10.0,0907*41
2021:01:22:13:43:41.297000,1611319421.297,$GPGGA,124341.00,6340.459545,N,01049.884935,E,2,12,0.7,12.13,M,40.26,M,6.0,0907*77
2021:01:22:13:43:42.297000,1611319422.297,$GPGGA,124342.00,6340.457745,N,01049.880122,E,2,12,0.7,12.11,M,40.26,M,7.0,0907*71
2021:01:22:13:43:44.297000,1611319424.297,$GPGGA,124344.00,6340.454134,N,01049.870577,E,2,12,0.7,12.13,M,40.26,M,9.0,0907*73
2021:01:22:13:43:45.297000,1611319425.297,$GPGGA,124345.00,6340.452329,N,01049.865802,E,2,12,0.7,12.12,M,40.26,M,5.0,0907*7C
2021:01:22:13:43:46.297000,1611319426.297,$GPGGA,124346.00,6340.450513,N,01049.861070,E,2,12,0.7,12.14,M,40.26,M,6.0,0907*7E
2021:01:22:13:43:48.297000,1611319428.297,$GPGGA,124348.00,6340.446899,N,01049.851444,E,2,12,0.7,12.12,M,40.26,M,8.0,0907*70
2021:01:22:13:43:49.297000,1611319429.297,$GPGGA,124349.00,6340.445072,N,01049.846716,E,2,12,0.7,12.13,M,40.26,M,9.0,0907*7D
2021:01:22:13:43:50.297000,1611319430.297,$GPGGA,124350.00,6340.443245,N,01049.841992,E,2,12,0.7,12.12,M,40.26,M,10.0,0907*49
2021:01:22:13:43:52.298000,1611319432.298,$GPGGA,124352.00,6340.439651,N,01049.832409,E,2,12,0.7,12.12,M,40.26,M,12.0,0907*4E
2021:01:22:13:43:53.298000,1611319433.298,$GPGGA,124353.00,6340.437858,N,01049.827584,E,2,12,0.7,12.12,M,40.26,M,13.0,0907*47
2021:01:22:13:43:54.298000,1611319434.298,$GPGGA,124354.00,6340.436048,N,01049.822832,E,2,12,0.7,12.11,M,40.26,M,14.0,0907*49
2021:01:22:13:43:56.298000,1611319436.298,$GPGGA,124356.00,6340.432435,N,01049.813277,E,2,12,0.7,12.09,M,40.26,M,16.0,0907*43
2021:01:22:13:43:57.298000,1611319437.298,$GPGGA,124357.00,6340.430663,N,01049.808439,E,2,12,0.7,12.08,M,40.26,M,17.0,0907*47
2021:01:22:13:43:58.298000,1611319438.298,$GPGGA,124358.00,6340.428907,N,01049.803604,E,2,12,0.7,12.09,M,40.26,M,8.0,0907*74
2021:01:22:13:44:00.298000,1611319440.298,$GPGGA,124400.00,6340.425357,N,01049.793836,E,2,12,0.7,12.06,M,40.26,M,10.0,0907*43
2021:01:22:13:44:01.298000,1611319441.298,$GPGGA,124401.00,6340.423593,N,01049.788984,E,2,12,0.7,12.07,M,40.26,M,11.0,0907*48
2021:01:22:13:44:02.298000,1611319442.298,$GPGGA,124402.00,6340.421804,N,01049.784137,E,2,12,0.7,12.08,M,40.26,M,12.0,0907*4A
2021:01:22:13:44:04.298000,1611319444.298,$GPGGA,124404.00,6340.418203,N,01049.774473,E,2,12,0.7,12.03,M,40.26,M,14.0,0907*4C
2021:01:22:13:44:05.298000,1611319445.298,$GPGGA,124405.00,6340.416379,N,01049.769688,E,2,12,0.7,12.03,M,40.26,M,15.0,0907*44
2021:01:22:13:44:06.299000,1611319446.299,$GPGGA,124406.00,6340.414562,N,01049.764893,E,2,12,0.7,12.10,M,40.26,M,9.0,0907*7F
2021:01:22:13:44:07.299000,1611319447.299,$GPGGA,124407.00,6340.412753,N,01049.760093,E,2,12,0.7,12.11,M,40.26,M,10.0,0907*4D
2021:01:22:13:44:09.299000,1611319449.299,$GPGGA,124409.00,6340.409145,N,01049.750426,E,2,12,0.7,12.07,M,40.26,M,6.0,0907*71
2021:01:22:13:44:10.298000,1611319450.298,$GPGGA,124410.00,6340.407314,N,01049.745673,E,2,12,0.7,12.09,M,40.26,M,7.0,0907*78
2021:01:22:13:44:11.298000,1611319451.298,$GPGGA,124411.00,6340.405480,N,01049.740916,E,2,12,0.7,12.09,M,40.26,M,8.0,0907*77
2021:01:22:13:44:13.298000,1611319453.298,$GPGGA,124413.00,6340.401819,N,01049.731358,E,2,12,0.7,12.08,M,40.26,M,10.0,0907*43
2021:01:22:13:44:14.298000,1611319454.298,$GPGGA,124414.00,6340.399963,N,01049.726610,E,2,12,0.7,12.09,M,40.26,M,11.0,0907*41
2021:01:22:13:44:15.298000,1611319455.298,$GPGGA,124415.00,6340.398141,N,01049.721852,E,2,12,0.7,12.11,M,40.26,M,12.0,0907*4C
2021:01:22:13:44:16.298000,1611319456.298,$GPGGA,124416.00,6340.396298,N,01049.717117,E,2,12,0.7,12.11,M,40.26,M,8.0,0907*70
2021:01:22:13:44:17.298000,1611319457.298,$GPGGA,124417.00,6340.394449,N,01049.712335,E,2,12,0.7,12.09,M,40.26,M,9.0,0907*76
2021:01:22:13:44:18.298000,1611319458.298,$GPGGA,124418.00,6340.392575,N,01049.707598,E,2,12,0.7,12.08,M,40.26,M,5.0,0907*79
2021:01:22:13:44:19.298000,1611319459.298,$GPGGA,124419.00,6340.390723,N,01049.702885,E,2,12,0.7,12.10,M,40.26,M,6.0,0907*75
2021:01:22:13:44:21.299000,1611319461.299,$GPGGA,124421.00,6340.387034,N,01049.693384,E,2,12,0.7,12.10,M,40.26,M,8.0,0907*74
2021:01:22:13:44:22.299000,1611319462.299,$GPGGA,124422.00,6340.385189,N,01049.688615,E,2,12,0.7,12.09,M,40.26,M,9.0,0907*7C
2021:01:22:13:44:23.299000,1611319463.299,$GPGGA,124423.00,6340.383357,N,01049.683844,E,2,12,0.7,12.06,M,40.26,M,10.0,0907*4C
2021:01:22:13:44:25.299000,1611319465.299,$GPGGA,124425.00,6340.379648,N,01049.674317,E,2,12,0.7,12.08,M,40.26,M,7.0,0907*79
2021:01:22:13:44:26.299000,1611319466.299,$GPGGA,124426.00,6340.377845,N,01049.669470,E,2,12,0.7,12.12,M,40.26,M,8.0,0907*79
2021:01:22:13:44:27.299000,1611319467.299,$GPGGA,124427.00,6340.376028,N,01049.664640,E,2,12,0.7,12.11,M,40.26,M,9.0,0907*74
2021:01:22:13:44:29.299000,1611319469.299,$GPGGA,124429.00,6340.372374,N,01049.655011,E,2,12,0.7,12.11,M,40.26,M,6.0,0907*7B
2021:01:22:13:44:30.299000,1611319470.299,$GPGGA,124430.00,6340.370566,N,01049.650148,E,2,12,0.7,12.13,M,40.26,M,7.0,0907*7F
2021:01:22:13:44:31.299000,1611319471.299,$GPGGA,124431.00,6340.368738,N,01049.645323,E,2,12,0.7,12.14,M,40.26,M,8.0,0907*7D
2021:01:22:13:44:33.299000,1611319473.299,$GPGGA,124433.00,6340.365163,N,01049.635577,E,2,12,0.7,12.12,M,40.26,M,10.0,0907*45
2021:01:22:13:44:34.299000,1611319474.299,$GPGGA,124434.00,6340.363377,N,01049.630672,E,2,12,0.7,12.11,M,40.26,M,11.0,0907*42
2021:01:22:13:44:35.299000,1611319475.299,$GPGGA,124435.00,6340.361575,N,01049.625791,E,2,12,0.7,12.08,M,40.26,M,6.0,0907*73
2021:01:22:13:44:37.300000,1611319477.3,$GPGGA,124437.00,6340.358073,N,01049.615953,E,2,12,0.7,12.10,M,40.26,M,8.0,0907*7C
2021:01:22:13:44:38.300000,1611319478.3,$GPGGA,124438.00,6340.356316,N,01049.610990,E,2,12,0.7,12.08,M,40.26,M,9.0,0907*7F
2021:01:22:13:44:39.300000,1611319479.3,$GPGGA,124439.00,6340.354548,N,01049.606089,E,2,12,0.7,12.07,M,40.26,M,5.0,0907*74
2021:01:22:13:44:42.299000,1611319482.299,$GPGGA,124442.00,6340.349203,N,01049.591494,E,2,12,0.7,12.09,M,40.26,M,8.0,0907*7A
2021:01:22:13:44:43.299000,1611319483.299,$GPGGA,124443.00,6340.347467,N,01049.586543,E,2,12,0.7,12.10,M,40.26,M,9.0,0907*75
2021:01:22:13:44:44.299000,1611319484.299,$GPGGA,124444.00,6340.345739,N,01049.581616,E,2,12,0.7,12.12,M,40.26,M,10.0,0907*46
2021:01:22:13:44:46.299000,1611319486.299,$GPGGA,124446.00,6340.342133,N,01049.571915,E,2,12,0.7,12.13,M,40.26,M,7.0,0907*7B
2021:01:22:13:44:47.299000,1611319487.299,$GPGGA,124447.00,6340.340352,N,01049.567124,E,2,12,0.7,12.16,M,40.26,M,8.0,0907*7A
2021:01:22:13:44:48.299000,1611319488.299,$GPGGA,124448.00,6340.338566,N,01049.562250,E,2,12,0.7,12.17,M,40.26,M,9.0,0907*7E
2021:01:22:13:44:50.299000,1611319490.299,$GPGGA,124450.00,6340.334970,N,01049.552576,E,2,12,0.7,12.17,M,40.26,M,11.0,0907*49
2021:01:22:13:44:51.300000,1611319491.3,$GPGGA,124451.00,6340.333162,N,01049.547734,E,2,12,0.7,12.19,M,40.26,M,12.0,0907*49
2021:01:22:13:44:52.300000,1611319492.3,$GPGGA,124452.00,6340.331347,N,01049.542960,E,2,12,0.7,12.21,M,40.26,M,13.0,0907*4D
2021:01:22:13:44:54.300000,1611319494.3,$GPGGA,124454.00,6340.327743,N,01049.533303,E,2,12,0.7,12.22,M,40.27,M,15.0,0907*41
2021:01:22:13:44:55.300000,1611319495.3,$GPGGA,124455.00,6340.325936,N,01049.528511,E,2,12,0.7,12.24,M,40.27,M,10.0,0907*42
2021:01:22:13:44:56.300000,1611319496.3,$GPGGA,124456.00,6340.324138,N,01049.523685,E,2,12,0.7,12.22,M,40.27,M,11.0,0907*44
2021:01:22:13:44:58.300000,1611319498.3,$GPGGA,124458.00,6340.320567,N,01049.513980,E,2,12,0.7,12.22,M,40.27,M,13.0,0907*4B
2021:01:22:13:44:59.300000,1611319499.3,$GPGGA,124459.00,6340.318799,N,01049.509138,E,2,12,0.7,12.19,M,40.27,M,9.0,0907*71
2021:01:22:13:45:00.300000,1611319500.3,$GPGGA,124500.00,6340.317054,N,01049.504230,E,2,12,0.7,12.19,M,40.27,M,10.0,0907*4B
2021:01:22:13:45:01.300000,1611319501.3,$GPGGA,124501.00,6340.315286,N,01049.499305,E,2,12,0.7,12.19,M,40.27,M,11.0,0907*46
2021:01:22:13:45:02.300000,1611319502.3,$GPGGA,124502.00,6340.313496,N,01049.494447,E,2,12,0.7,12.19,M,40.27,M,12.0,0907*4B
2021:01:22:13:45:03.300000,1611319503.3,$GPGGA,124503.00,6340.311703,N,01049.489630,E,2,12,0.7,12.17,M,40.27,M,7.0,0907*73
2021:01:22:13:45:04.300000,1611319504.3,$GPGGA,124504.00,6340.309928,N,01049.484726,E,2,12,0.7,12.15,M,40.27,M,8.0,0907*7C
2021:01:22:13:45:06.301000,1611319506.301,$GPGGA,124506.00,6340.306368,N,01049.474983,E,2,12,0.7,12.16,M,40.27,M,10.0,0907*4B
2021:01:22:13:45:07.301000,1611319507.301,$GPGGA,124507.00,6340.304568,N,01049.470137,E,2,12,0.7,12.15,M,40.27,M,11.0,0907*4F
2021:01:22:13:45:08.301000,1611319508.301,$GPGGA,124508.00,6340.302768,N,01049.465286,E,2,12,0.7,12.12,M,40.27,M,12.0,0907*4D
2021:01:22:13:45:10.301000,1611319510.301,$GPGGA,124510.00,6340.299155,N,01049.455647,E,2,12,0.7,12.16,M,40.27,M,9.0,0907*7B
2021:01:22:13:45:11.301000,1611319511.301,$GPGGA,124511.00,6340.297373,N,01049.450758,E,2,12,0.7,12.13,M,40.27,M,10.0,0907*45
2021:01:22:13:45:12.300000,1611319512.3,$GPGGA,124512.00,6340.295541,N,01049.445951,E,2,12,0.7,12.14,M,40.27,M,6.0,0907*70
2021:01:22:13:45:15.300000,1611319515.3,$GPGGA,124515.00,6340.290093,N,01049.431498,E,2,12,0.7,12.16,M,40.27,M,9.0,0907*7E
2021:01:22:13:45:16.300000,1611319516.3,$GPGGA,124516.00,6340.288292,N,01049.426654,E,2,12,0.7,12.16,M,40.27,M,10.0,0907*4B
2021:01:22:13:45:17.300000,1611319517.3,$GPGGA,124517.00,6340.286466,N,01049.421838,E,2,12,0.7,12.17,M,40.27,M,11.0,0907*4A
2021:01:22:13:45:19.300000,1611319519.3,$GPGGA,124519.00,6340.282789,N,01049.412249,E,2,12,0.7,12.20,M,40.27,M,7.0,0907*7D
2021:01:22:13:45:20.300000,1611319520.3,$GPGGA,124520.00,6340.280965,N,01049.407423,E,2,12,0.7,12.21,M,40.27,M,8.0,0907*79
2021:01:22:13:45:21.301000,1611319521.301,$GPGGA,124521.00,6340.279160,N,01049.402539,E,2,12,0.7,12.21,M,40.27,M,9.0,0907*7D
2021:01:22:13:45:23.301000,1611319523.301,$GPGGA,124523.00,6340.275504,N,01049.392847,E,2,12,0.7,12.21,M,40.27,M,11.0,0907*46
2021:01:22:13:45:24.301000,1611319524.301,$GPGGA,124524.00,6340.273710,N,01049.387973,E,2,12,0.7,12.22,M,40.27,M,12.0,0907*42
2021:01:22:13:45:25.301000,1611319525.301,$GPGGA,124525.00,6340.271912,N,01049.383060,E,2,12,0.7,12.21,M,40.27,M,13.0,0907*40
2021:01:22:13:45:27.301000,1611319527.301,$GPGGA,124527.00,6340.268367,N,01049.373226,E,2,12,0.7,12.20,M,40.27,M,10.0,0907*4F
2021:01:22:13:45:28.301000,1611319528.301,$GPGGA,124528.00,6340.266599,N,01049.368289,E,2,12,0.7,12.19,M,40.27,M,11.0,0907*4D
2021:01:22:13:45:29.301000,1611319529.301,$GPGGA,124529.00,6340.264818,N,01049.363356,E,2,12,0.7,12.18,M,40.27,M,12.0,0907*40
2021:01:22:13:45:31.301000,1611319531.301,$GPGGA,124531.00,6340.261221,N,01049.353585,E,2,12,0.7,12.15,M,40.27,M,9.0,0907*70
2021:01:22:13:45:32.301000,1611319532.301,$GPGGA,124532.00,6340.259475,N,01049.348616,E,2,12,0.7,12.17,M,40.27,M,5.0,0907*72
2021:01:22:13:45:33.301000,1611319533.301,$GPGGA,124533.00,6340.257684,N,01049.343699,E,2,12,0.7,12.15,M,40.27,M,6.0,0907*7C
2021:01:22:13:45:35.301000,1611319535.301,$GPGGA,124535.00,6340.254094,N,01049.333889,E,2,12,0.7,12.16,M,40.27,M,8.0,0907*7B
2021:01:22:13:45:36.302000,1611319536.302,$GPGGA,124536.00,6340.252326,N,01049.328938,E,2,12,0.7,12.15,M,40.27,M,9.0,0907*77
2021:01:22:13:45:37.302000,1611319537.302,$GPGGA,124537.00,6340.250568,N,01049.324026,E,2,12,0.7,12.17,M,40.27,M,10.0,0907*48
2021:01:22:13:45:39.302000,1611319539.302,$GPGGA,124539.00,6340.246970,N,01049.314184,E,2,12,0.7,12.16,M,40.27,M,12.0,0907*4D
2021:01:22:13:45:40.302000,1611319540.302,$GPGGA,124540.00,6340.245176,N,01049.309372,E,2,12,0.7,12.20,M,40.27,M,7.0,0907*78
2021:01:22:13:45:41.302000,1611319541.302,$GPGGA,124541.00,6340.243381,N,01049.304477,E,2,12,0.7,12.20,M,40.27,M,8.0,0907*75
2021:01:22:13:45:44.302000,1611319544.302,$GPGGA,124544.00,6340.237953,N,01049.289930,E,2,12,0.7,12.18,M,40.27,M,6.0,0907*79
2021:01:22:13:45:45.302000,1611319545.302,$GPGGA,124545.00,6340.236134,N,01049.285101,E,2,12,0.7,12.18,M,40.27,M,7.0,0907*77
2021:01:22:13:45:46.301000,1611319546.301,$GPGGA,124546.00,6340.234309,N,01049.280265,E,2,12,0.7,12.17,M,40.27,M,8.0,0907*7E
2021:01:22:13:45:48.301000,1611319548.301,$GPGGA,124548.00,6340.230657,N,01049.270634,E,2,12,0.7,12.18,M,40.27,M,10.0,0907*43
2021:01:22:13:45:49.301000,1611319549.301,$GPGGA,124549.00,6340.228844,N,01049.265758,E,2,12,0.7,12.18,M,40.27,M,11.0,0907*49
2021:01:22:13:45:50.301000,1611319550.301,$GPGGA,124550.00,6340.227037,N,01049.260905,E,2,12,0.7,12.16,M,40.27,M,7.0,0907*78
2021:01:22:13:45:51.302000,1611319551.302,$GPGGA,124551.00,6340.225230,N,01049.256044,E,2,12,0.7,12.17,M,40.27,M,8.0,0907*79
2021:01:22:13:45:52.302000,1611319552.302,$GPGGA,124552.00,6340.223445,N,01049.251205,E,2,12,0.7,12.19,M,40.27,M,9.0,0907*77
2021:01:22:13:45:53.302000,1611319553.302,$GPGGA,124553.00,6340.221621,N,01049.246353,E,2,12,0.7,12.18,M,40.27,M,10.0,0907*49
2021:01:22:13:45:54.303000,1611319554.303,$GPGGA,124554.00,6340.219829,N,01049.241465,E,2,12,0.7,12.15,M,40.27,M,11.0,0907*4A
2021:01:22:13:45:55.302000,1611319555.302,$GPGGA,124555.00,6340.218044,N,01049.236580,E,2,12,0.7,12.13,M,40.27,M,12.0,0907*46
2021:01:22:13:45:56.302000,1611319556.302,$GPGGA,124556.00,6340.216269,N,01049.231677,E,2,12,0.7,12.14,M,40.27,M,13.0,0907*4C
2021:01:22:13:45:57.302000,1611319557.302,$GPGGA,124557.00,6340.214482,N,01049.226801,E,2,12,0.7,12.13,M,40.27,M,14.0,0907*45
2021:01:22:13:45:58.302000,1611319558.302,$GPGGA,124558.00,6340.212711,N,01049.221904,E,2,12,0.7,12.14,M,40.27,M,15.0,0907*40
2021:01:22:13:46:00.303000,1611319560.303,$GPGGA,124600.00,6340.209129,N,01049.212089,E,2,12,0.7,12.11,M,40.27,M,17.0,0907*42
2021:01:22:13:46:01.302000,1611319561.302,$GPGGA,124601.00,6340.207340,N,01049.207231,E,2,12,0.7,12.14,M,40.27,M,18.0,0907*4F
2021:01:22:13:46:02.302000,1611319562.302,$GPGGA,124602.00,6340.205533,N,01049.202374,E,2,12,0.7,12.14,M,40.27,M,19.0,0907*48
2021:01:22:13:46:04.302000,1611319564.302,$GPGGA,124604.00,6340.201938,N,01049.192616,E,2,12,0.7,12.12,M,40.27,M,15.0,0907*4C
2021:01:22:13:46:05.302000,1611319565.302,$GPGGA,124605.00,6340.200114,N,01049.187766,E,2,12,0.7,12.12,M,40.27,M,16.0,0907*4B
2021:01:22:13:46:06.303000,1611319566.303,$GPGGA,124606.00,6340.198295,N,01049.182956,E,2,12,0.7,12.12,M,40.28,M,17.0,0907*46
2021:01:22:13:46:08.303000,1611319568.303,$GPGGA,124608.00,6340.194645,N,01049.173277,E,2,12,0.7,12.11,M,40.28,M,14.0,0907*4B
2021:01:22:13:46:09.303000,1611319569.303,$GPGGA,124609.00,6340.192801,N,01049.168486,E,2,12,0.7,12.12,M,40.28,M,10.0,0907*47
2021:01:22:13:46:10.303000,1611319570.303,$GPGGA,124610.00,6340.190980,N,01049.163638,E,2,12,0.7,12.14,M,40.28,M,11.0,0907*4E
2021:01:22:13:46:11.303000,1611319571.303,$GPGGA,124611.00,6340.189165,N,01049.158771,E,2,12,0.7,12.13,M,40.28,M,12.0,0907*44
2021:01:22:13:46:12.303000,1611319572.303,$GPGGA,124612.00,6340.187353,N,01049.153919,E,2,12,0.7,12.14,M,40.28,M,13.0,0907*43
2021:01:22:13:46:13.303000,1611319573.303,$GPGGA,124613.00,6340.185508,N,01049.149063,E,2,12,0.7,12.14,M,40.28,M,9.0,0907*7C
2021:01:22:13:46:14.303000,1611319574.303,$GPGGA,124614.00,6340.183661,N,01049.144214,E,2,12,0.7,12.14,M,40.28,M,10.0,0907*46
2021:01:22:13:46:15.303000,1611319575.303,$GPGGA,124615.00,6340.181843,N,01049.139393,E,2,12,0.7,12.16,M,40.28,M,11.0,0907*4C
2021:01:22:13:46:16.302000,1611319576.302,$GPGGA,124616.00,6340.180022,N,01049.134531,E,2,12,0.7,12.17,M,40.28,M,12.0,0907*40
2021:01:22:13:46:17.302000,1611319577.302,$GPGGA,124617.00,6340.178183,N,01049.129633,E,2,12,0.7,12.12,M,40.28,M,7.0,0907*70
2021:01:22:13:46:18.303000,1611319578.303,$GPGGA,124618.00,6340.176322,N,01049.124825,E,2,12,0.7,12.12,M,40.28,M,8.0,0907*73
2021:01:22:13:46:19.302000,1611319579.302,$GPGGA,124619.00,6340.174482,N,01049.120005,E,2,12,0.7,12.13,M,40.28,M,9.0,0907*73
2021:01:22:13:46:21.303000,1611319581.303,$GPGGA,124621.00,6340.170881,N,01049.110167,E,2,12,0.7,12.13,M,40.28,M,11.0,0907*4C
2021:01:22:13:46:22.303000,1611319582.303,$GPGGA,124622.00,6340.169057,N,01049.105256,E,2,12,0.7,12.12,M,40.28,M,12.0,0907*43
2021:01:22:13:46:23.303000,1611319583.303,$GPGGA,124623.00,6340.167216,N,01049.100392,E,2,12,0.7,12.11,M,40.28,M,8.0,0907*7F
2021:01:22:13:46:25.303000,1611319585.303,$GPGGA,124625.00,6340.163602,N,01049.090584,E,2,12,0.7,12.13,M,40.28,M,10.0,0907*4E
2021:01:22:13:46:26.303000,1611319586.303,$GPGGA,124626.00,6340.161831,N,01049.085570,E,2,12,0.7,12.15,M,40.28,M,6.0,0907*7F
2021:01:22:13:46:27.303000,1611319587.303,$GPGGA,124627.00,6340.160035,N,01049.080613,E,2,12,0.7,12.15,M,40.28,M,7.0,0907*71
2021:01:22:13:46:29.303000,1611319589.303,$GPGGA,124629.00,6340.156405,N,01049.070694,E,2,12,0.7,12.11,M,40.28,M,9.0,0907*77
2021:01:22:13:46:30.303000,1611319590.303,$GPGGA,124630.00,6340.154593,N,01049.065784,E,2,12,0.7,12.14,M,40.28,M,5.0,0907*7E
2021:01:22:13:46:31.303000,1611319591.303,$GPGGA,124631.00,6340.152775,N,01049.060833,E,2,12,0.7,12.13,M,40.28,M,6.0,0907*71
2021:01:22:13:46:33.303000,1611319593.303,$GPGGA,124633.00,6340.149180,N,01049.050864,E,2,12,0.7,12.14,M,40.28,M,8.0,0907*7D
2021:01:22:13:46:34.303000,1611319594.303,$GPGGA,124634.00,6340.147392,N,01049.045902,E,2,12,0.7,12.15,M,40.28,M,9.0,0907*70
2021:01:22:13:46:35.303000,1611319595.303,$GPGGA,124635.00,6340.145596,N,01049.040883,E,2,12,0.7,12.15,M,40.28,M,10.0,0907*44
2021:01:22:13:46:36.304000,1611319596.304,$GPGGA,124636.00,6340.143813,N,01049.035871,E,2,12,0.7,12.15,M,40.28,M,5.0,0907*7A
2021:01:22:13:46:37.304000,1611319597.304,$GPGGA,124637.00,6340.142039,N,01049.030832,E,2,12,0.7,12.13,M,40.28,M,6.0,0907*7D
2021:01:22:13:46:38.304000,1611319598.304,$GPGGA,124638.00,6340.140246,N,01049.025872,E,2,12,0.7,12.17,M,40.28,M,7.0,0907*7F
2021:01:22:13:46:39.304000,1611319599.304,$GPGGA,124639.00,6340.138430,N,01049.020933,E,2,12,0.7,12.18,M,40.28,M,8.0,0907*77
2021:01:22:13:46:40.304000,1611319600.304,$GPGGA,124640.00,6340.136628,N,01049.015953,E,2,12,0.7,12.17,M,40.28,M,9.0,0907*72
2021:01:22:13:46:41.304000,1611319601.304,$GPGGA,124641.00,6340.134839,N,01049.010960,E,2,12,0.7,12.14,M,40.28,M,10.0,0907*41
2021:01:22:13:46:42.304000,1611319602.304,$GPGGA,124642.00,6340.133056,N,01049.005953,E,2,12,0.7,12.16,M,40.28,M,11.0,0907*43
2021:01:22:13:46:43.304000,1611319603.304,$GPGGA,124643.00,6340.131287,N,01049.000945,E,2,12,0.7,12.14,M,40.28,M,7.0,0907*79
2021:01:22:13:46:46.303000,1611319606.303,$GPGGA,124646.00,6340.125925,N,01048.985963,E,2,12,0.7,12.13,M,40.28,M,5.0,0907*7E
2021:01:22:13:46:47.303000,1611319607.303,$GPGGA,124647.00,6340.124125,N,01048.981003,E,2,12,0.7,12.14,M,40.28,M,6.0,0907*79
2021:01:22:13:46:48.303000,1611319608.303,$GPGGA,124648.00,6340.122339,N,01048.976021,E,2,12,0.7,12.13,M,40.28,M,7.0,0907*71
2021:01:22:13:46:49.303000,1611319609.303,$GPGGA,124649.00,6340.120524,N,01048.971111,E,2,12,0.7,12.13,M,40.28,M,8.0,0907*72
2021:01:22:13:46:50.303000,1611319610.303,$GPGGA,124650.00,6340.118692,N,01048.966168,E,2,12,0.7,12.12,M,40.28,M,9.0,0907*77
2021:01:22:13:46:51.304000,1611319611.304,$GPGGA,124651.00,6340.116881,N,01048.961200,E,2,12,0.7,12.10,M,40.28,M,10.0,0907*44
2021:01:22:13:46:52.304000,1611319612.304,$GPGGA,124652.00,6340.115063,N,01048.956290,E,2,12,0.7,12.10,M,40.28,M,11.0,0907*4C
2021:01:22:13:46:54.304000,1611319614.304,$GPGGA,124654.00,6340.111415,N,01048.946484,E,2,12,0.7,12.14,M,40.28,M,8.0,0907*75
2021:01:22:13:46:55.304000,1611319615.304,$GPGGA,124655.00,6340.109577,N,01048.941580,E,2,12,0.7,12.12,M,40.28,M,9.0,0907*7D
2021:01:22:13:46:56.304000,1611319616.304,$GPGGA,124656.00,6340.107739,N,01048.936725,E,2,12,0.7,12.11,M,40.28,M,10.0,0907*4E
2021:01:22:13:46:58.304000,1611319618.304,$GPGGA,124658.00,6340.104039,N,01048.927074,E,2,12,0.7,12.15,M,40.28,M,12.0,0907*41
2021:01:22:13:46:59.304000,1611319619.304,$GPGGA,124659.00,6340.102227,N,01048.922189,E,2,12,0.7,12.11,M,40.28,M,13.0,0907*48
2021:01:22:13:47:00.304000,1611319620.304,$GPGGA,124700.00,6340.100362,N,01048.917386,E,2,12,0.7,12.10,M,40.28,M,14.0,0907*4A
2021:01:22:13:47:01.304000,1611319621.304,$GPGGA,124701.00,6340.098490,N,01048.912638,E,2,12,0.7,12.13,M,40.28,M,15.0,0907*46
2021:01:22:13:47:02.304000,1611319622.304,$GPGGA,124702.00,6340.096648,N,01048.907831,E,2,12,0.7,12.14,M,40.28,M,16.0,0907*4B
2021:01:22:13:47:03.304000,1611319623.304,$GPGGA,124703.00,6340.094821,N,01048.902973,E,2,12,0.7,12.15,M,40.28,M,9.0,0907*74
2021:01:22:13:47:04.304000,1611319624.304,$GPGGA,124704.00,6340.092979,N,01048.898155,E,2,12,0.7,12.16,M,40.28,M,7.0,0907*7A
2021:01:22:13:47:06.305000,1611319626.305,$GPGGA,124706.00,6340.089296,N,01048.888648,E,2,12,0.7,12.18,M,40.28,M,9.0,0907*72
2021:01:22:13:47:07.305000,1611319627.305,$GPGGA,124707.00,6340.087458,N,01048.883889,E,2,12,0.7,12.16,M,40.28,M,10.0,0907*47
2021:01:22:13:47:08.305000,1611319628.305,$GPGGA,124708.00,6340.085666,N,01048.879070,E,2,12,0.7,12.18,M,40.28,M,11.0,0907*41
2021:01:22:13:47:10.305000,1611319630.305,$GPGGA,124710.00,6340.082050,N,01048.869511,E,2,12,0.7,12.18,M,40.28,M,7.0,0907*78
2021:01:22:13:47:11.305000,1611319631.305,$GPGGA,124711.00,6340.080227,N,01048.864756,E,2,12,0.7,12.18,M,40.28,M,8.0,0907*7A
2021:01:22:13:47:12.305000,1611319632.305,$GPGGA,124712.00,6340.078432,N,01048.859967,E,2,12,0.7,12.21,M,40.28,M,9.0,0907*75
2021:01:22:13:47:14.305000,1611319634.305,$GPGGA,124714.00,6340.074877,N,01048.850340,E,2,12,0.7,12.22,M,40.28,M,6.0,0907*78
2021:01:22:13:47:15.305000,1611319635.305,$GPGGA,124715.00,6340.073111,N,01048.845543,E,2,12,0.7,12.23,M,40.28,M,7.0,0907*76
2021:01:22:13:47:16.305000,1611319636.305,$GPGGA,124716.00,6340.071300,N,01048.840769,E,2,12,0.7,12.23,M,40.28,M,8.0,0907*75
2021:01:22:13:47:19.304000,1611319639.304,$GPGGA,124719.00,6340.065993,N,01048.826341,E,2,12,0.7,12.21,M,40.29,M,6.0,0907*7C
2021:01:22:13:47:20.304000,1611319640.304,$GPGGA,124720.00,6340.064221,N,01048.821542,E,2,12,0.7,12.19,M,40.29,M,7.0,0907*7D
2021:01:22:13:47:21.305000,1611319641.305,$GPGGA,124721.00,6340.062445,N,01048.816782,E,2,12,0.7,12.18,M,40.29,M,8.0,0907*7A
2021:01:22:13:47:23.305000,1611319643.305,$GPGGA,124723.00,6340.058882,N,01048.807224,E,2,12,0.7,12.16,M,40.29,M,5.0,0907*7C
2021:01:22:13:47:24.305000,1611319644.305,$GPGGA,124724.00,6340.057090,N,01048.802465,E,2,12,0.7,12.17,M,40.29,M,6.0,0907*7B
2021:01:22:13:47:25.305000,1611319645.305,$GPGGA,124725.00,6340.055287,N,01048.797706,E,2,12,0.7,12.16,M,40.29,M,7.0,0907*79
2021:01:22:13:47:26.305000,1611319646.305,$GPGGA,124726.00,6340.053505,N,01048.792945,E,2,12,0.7,12.18,M,40.29,M,8.0,0907*7C
2021:01:22:13:47:27.305000,1611319647.305,$GPGGA,124727.00,6340.051712,N,01048.788167,E,2,12,0.7,12.19,M,40.29,M,9.0,0907*78
2021:01:22:13:47:28.305000,1611319648.305,$GPGGA,124728.00,6340.049936,N,01048.783355,E,2,12,0.7,12.20,M,40.29,M,10.0,0907*4C
2021:01:22:13:47:29.305000,1611319649.305,$GPGGA,124729.00,6340.048136,N,01048.778575,E,2,12,0.7,12.17,M,40.29,M,11.0,0907*41
2021:01:22:13:47:31.305000,1611319651.305,$GPGGA,124731.00,6340.044495,N,01048.769126,E,2,12,0.7,12.17,M,40.29,M,8.0,0907*72
2021:01:22:13:47:32.305000,1611319652.305,$GPGGA,124732.00,6340.042707,N,01048.764305,E,2,12,0.7,12.14,M,40.29,M,9.0,0907*73
2021:01:22:13:47:33.305000,1611319653.305,$GPGGA,124733.00,6340.040898,N,01048.759575,E,2,12,0.7,12.15,M,40.29,M,10.0,0907*4F
2021:01:22:13:47:34.305000,1611319654.305,$GPGGA,124734.00,6340.039081,N,01048.754819,E,2,12,0.7,12.13,M,40.29,M,11.0,0907*4B
2021:01:22:13:47:35.305000,1611319655.305,$GPGGA,124735.00,6340.037266,N,01048.750066,E,2,12,0.7,12.16,M,40.29,M,12.0,0907*4D
2021:01:22:13:47:36.306000,1611319656.306,$GPGGA,124736.00,6340.035443,N,01048.745281,E,2,12,0.7,12.16,M,40.29,M,13.0,0907*43
2021:01:22:13:47:37.306000,1611319657.306,$GPGGA,124737.00,6340.033621,N,01048.740529,E,2,12,0.7,12.14,M,40.29,M,8.0,0907*7A
2021:01:22:13:47:39.306000,1611319659.306,$GPGGA,124739.00,6340.030045,N,01048.730929,E,2,12,0.7,12.13,M,40.29,M,10.0,0907*46
2021:01:22:13:47:40.306000,1611319660.306,$GPGGA,124740.00,6340.028222,N,01048.726213,E,2,12,0.7,12.15,M,40.29,M,11.0,0907*40
2021:01:22:13:47:41.306000,1611319661.306,$GPGGA,124741.00,6340.026395,N,01048.721429,E,2,12,0.7,12.13,M,40.29,M,12.0,0907*4F
2021:01:22:13:47:43.306000,1611319663.306,$GPGGA,124743.00,6340.022844,N,01048.711788,E,2,12,0.7,12.18,M,40.29,M,4.0,0907*79
2021:01:22:13:47:44.306000,1611319664.306,$GPGGA,124744.00,6340.021076,N,01048.706937,E,2,12,0.7,12.17,M,40.29,M,5.0,0907*76
2021:01:22:13:47:45.306000,1611319665.306,$GPGGA,124745.00,6340.019298,N,01048.702106,E,2,12,0.7,12.16,M,40.29,M,6.0,0907*72
2021:01:22:13:47:46.306000,1611319666.306,$GPGGA,124746.00,6340.017511,N,01048.697317,E,2,12,0.7,12.18,M,40.29,M,7.0,0907*79
2021:01:22:13:47:48.306000,1611319668.306,$GPGGA,124748.00,6340.013930,N,01048.687705,E,2,12,0.7,12.19,M,40.29,M,9.0,0907*75
2021:01:22:13:47:49.306000,1611319669.306,$GPGGA,124749.00,6340.012118,N,01048.682944,E,2,12,0.7,12.18,M,40.29,M,10.0,0907*40
2021:01:22:13:47:50.305000,1611319670.305,$GPGGA,124750.00,6340.010314,N,01048.678142,E,2,12,0.7,12.18,M,40.29,M,6.0,0907*78
2021:01:22:13:47:51.306000,1611319671.306,$GPGGA,124751.00,6340.008511,N,01048.673343,E,2,12,0.7,12.19,M,40.29,M,7.0,0907*7B
2021:01:22:13:47:52.306000,1611319672.306,$GPGGA,124752.00,6340.006699,N,01048.668598,E,2,12,0.7,12.17,M,40.29,M,8.0,0907*7E
2021:01:22:13:47:53.306000,1611319673.306,$GPGGA,124753.00,6340.004872,N,01048.663848,E,2,12,0.7,12.16,M,40.29,M,9.0,0907*7D
2021:01:22:13:47:54.306000,1611319674.306,$GPGGA,124754.00,6340.003039,N,01048.659092,E,2,12,0.7,12.16,M,40.29,M,10.0,0907*44
2021:01:22:13:47:56.306000,1611319676.306,$GPGGA,124756.00,6339.999422,N,01048.649592,E,2,12,0.7,12.16,M,40.29,M,12.0,0907*4A
2021:01:22:13:47:57.306000,1611319677.306,$GPGGA,124757.00,6339.997615,N,01048.644832,E,2,12,0.7,12.19,M,40.29,M,7.0,0907*72
2021:01:22:13:47:58.306000,1611319678.306,$GPGGA,124758.00,6339.995809,N,01048.640061,E,2,12,0.7,12.18,M,40.29,M,8.0,0907*78
2021:01:22:13:48:00.306000,1611319680.306,$GPGGA,124800.00,6339.992190,N,01048.630519,E,2,12,0.7,12.18,M,40.29,M,10.0,0907*40
2021:01:22:13:48:01.306000,1611319681.306,$GPGGA,124801.00,6339.990408,N,01048.625736,E,2,12,0.7,12.19,M,40.29,M,11.0,0907*4C
2021:01:22:13:48:02.306000,1611319682.306,$GPGGA,124802.00,6339.988614,N,01048.620906,E,2,12,0.7,12.18,M,40.29,M,12.0,0907*43
2021:01:22:13:48:04.306000,1611319684.306,$GPGGA,124804.00,6339.985003,N,01048.611330,E,2,12,0.7,12.20,M,40.29,M,14.0,0907*48
2021:01:22:13:48:05.306000,1611319685.306,$GPGGA,124805.00,6339.983202,N,01048.606553,E,2,12,0.7,12.19,M,40.29,M,15.0,0907*42
2021:01:22:13:48:06.307000,1611319686.307,$GPGGA,124806.00,6339.981403,N,01048.601733,E,2,12,0.7,12.18,M,40.29,M,16.0,0907*45
2021:01:22:13:48:08.307000,1611319688.307,$GPGGA,124808.00,6339.977754,N,01048.592261,E,2,12,0.7,12.21,M,40.29,M,8.0,0907*7D
2021:01:22:13:48:09.307000,1611319689.307,$GPGGA,124809.00,6339.975935,N,01048.587517,E,2,12,0.7,12.21,M,40.29,M,9.0,0907*74
2021:01:22:13:48:10.307000,1611319690.307,$GPGGA,124810.00,6339.974105,N,01048.582764,E,2,12,0.7,12.20,M,40.29,M,5.0,0907*78
2021:01:22:13:48:11.307000,1611319691.307,$GPGGA,124811.00,6339.972260,N,01048.578037,E,2,12,0.7,12.20,M,40.29,M,6.0,0907*78
2021:01:22:13:48:12.307000,1611319692.307,$GPGGA,124812.00,6339.970437,N,01048.573349,E,2,12,0.7,12.22,M,40.29,M,7.0,0907*7F
2021:01:22:13:48:13.307000,1611319693.307,$GPGGA,124813.00,6339.968601,N,01048.568594,E,2,12,0.7,12.22,M,40.29,M,8.0,0907*73
2021:01:22:13:48:14.307000,1611319694.307,$GPGGA,124814.00,6339.966756,N,01048.563862,E,2,12,0.7,12.22,M,40.29,M,9.0,0907*77
2021:01:22:13:48:16.307000,1611319696.307,$GPGGA,124816.00,6339.963098,N,01048.554370,E,2,12,0.7,12.23,M,40.29,M,11.0,0907*41
2021:01:22:13:48:17.307000,1611319697.307,$GPGGA,124817.00,6339.961264,N,01048.549614,E,2,12,0.7,12.22,M,40.29,M,12.0,0907*4A
2021:01:22:13:48:18.307000,1611319698.307,$GPGGA,124818.00,6339.959434,N,01048.544844,E,2,12,0.7,12.20,M,40.29,M,7.0,0907*7D
2021:01:22:13:48:19.307000,1611319699.307,$GPGGA,124819.00,6339.957631,N,01048.540071,E,2,12,0.7,12.22,M,40.29,M,8.0,0907*72
2021:01:22:13:48:21.307000,1611319701.307,$GPGGA,124821.00,6339.954013,N,01048.530517,E,2,12,0.7,12.23,M,40.29,M,10.0,0907*46
2021:01:22:13:48:22.307000,1611319702.307,$GPGGA,124822.00,6339.952200,N,01048.525751,E,2,12,0.7,12.23,M,40.29,M,11.0,0907*46
2021:01:22:13:48:23.307000,1611319703.307,$GPGGA,124823.00,6339.950397,N,01048.520911,E,2,12,0.7,12.24,M,40.29,M,12.0,0907*41
2021:01:22:13:48:25.307000,1611319705.307,$GPGGA,124825.00,6339.946852,N,01048.511239,E,2,12,0.7,12.20,M,40.29,M,9.0,0907*7F
2021:01:22:13:48:26.307000,1611319706.307,$GPGGA,124826.00,6339.945056,N,01048.506434,E,2,12,0.7,12.21,M,40.29,M,10.0,0907*47
2021:01:22:13:48:27.307000,1611319707.307,$GPGGA,124827.00,6339.943259,N,01048.501586,E,2,12,0.7,12.19,M,40.29,M,6.0,0907*7E
2021:01:22:13:48:28.307000,1611319708.307,$GPGGA,124828.00,6339.941486,N,01048.496756,E,2,12,0.7,12.20,M,40.29,M,7.0,0907*7C
2021:01:22:13:48:29.307000,1611319709.307,$GPGGA,124829.00,6339.939687,N,01048.491952,E,2,12,0.7,12.21,M,40.29,M,8.0,0907*72
2021:01:22:13:48:30.307000,1611319710.307,$GPGGA,124830.00,6339.937890,N,01048.487102,E,2,12,0.7,12.20,M,40.29,M,9.0,0907*76
2021:01:22:13:48:31.307000,1611319711.307,$GPGGA,124831.00,6339.936076,N,01048.482305,E,2,12,0.7,12.20,M,40.29,M,10.0,0907*4E
2021:01:22:13:48:33.307000,1611319713.307,$GPGGA,124833.00,6339.932458,N,01048.472767,E,2,12,0.7,12.19,M,40.30,M,12.0,0907*4F
2021:01:22:13:48:34.307000,1611319714.307,$GPGGA,124834.00,6339.930656,N,01048.467947,E,2,12,0.7,12.16,M,40.30,M,8.0,0907*7A
2021:01:22:13:48:35.308000,1611319715.308,$GPGGA,124835.00,6339.928813,N,01048.463219,E,2,12,0.7,12.14,M,40.30,M,9.0,0907*7A
2021:01:22:13:48:36.308000,1611319716.308,$GPGGA,124836.00,6339.926980,N,01048.458462,E,2,12,0.7,12.16,M,40.30,M,10.0,0907*44
2021:01:22:13:48:37.308000,1611319717.308,$GPGGA,124837.00,6339.925161,N,01048.453691,E,2,12,0.7,12.17,M,40.30,M,11.0,0907*44
2021:01:22:13:48:38.308000,1611319718.308,$GPGGA,124838.00,6339.923359,N,01048.448909,E,2,12,0.7,12.19,M,40.30,M,12.0,0907*4D
2021:01:22:13:48:39.308000,1611319719.308,$GPGGA,124839.00,6339.921538,N,01048.444100,E,2,12,0.7,12.17,M,40.30,M,13.0,0907*4D
2021:01:22:13:48:41.308000,1611319721.308,$GPGGA,124841.00,6339.917904,N,01048.434471,E,2,12,0.7,12.14,M,40.30,M,9.0,0907*78
2021:01:22:13:48:42.308000,1611319722.308,$GPGGA,124842.00,6339.916078,N,01048.429714,E,2,12,0.7,12.16,M,40.30,M,10.0,0907*4E
2021:01:22:13:48:43.308000,1611319723.308,$GPGGA,124843.00,6339.914245,N,01048.424897,E,2,12,0.7,12.15,M,40.30,M,6.0,0907*7C
2021:01:22:13:48:45.308000,1611319725.308,$GPGGA,124845.00,6339.910633,N,01048.415251,E,2,12,0.7,12.15,M,40.30,M,8.0,0907*77
2021:01:22:13:48:46.308000,1611319726.308,$GPGGA,124846.00,6339.908840,N,01048.410384,E,2,12,0.7,12.16,M,40.30,M,9.0,0907*79
2021:01:22:13:48:47.308000,1611319727.308,$GPGGA,124847.00,6339.907025,N,01048.405553,E,2,12,0.7,12.15,M,40.30,M,10.0,0907*4F
2021:01:22:13:48:50.309000,1611319730.309,$GPGGA,124850.00,6339.901643,N,01048.391024,E,2,12,0.7,12.13,M,40.30,M,13.0,0907*43
2021:01:22:13:48:51.308000,1611319731.308,$GPGGA,124851.00,6339.899827,N,01048.386211,E,2,12,0.7,12.17,M,40.30,M,8.0,0907*72
2021:01:22:13:48:52.308000,1611319732.308,$GPGGA,124852.00,6339.898030,N,01048.381368,E,2,12,0.7,12.18,M,40.30,M,9.0,0907*78
2021:01:22:13:48:54.308000,1611319734.308,$GPGGA,124854.00,6339.894440,N,01048.371649,E,2,12,0.7,12.17,M,40.30,M,11.0,0907*4E
2021:01:22:13:48:55.308000,1611319735.308,$GPGGA,124855.00,6339.892611,N,01048.366783,E,2,12,0.7,12.12,M,40.30,M,7.0,0907*7C
2021:01:22:13:48:56.308000,1611319736.308,$GPGGA,124856.00,6339.890787,N,01048.361976,E,2,12,0.7,12.14,M,40.30,M,8.0,0907*79
2021:01:22:13:48:58.308000,1611319738.308,$GPGGA,124858.00,6339.887112,N,01048.352416,E,2,12,0.7,12.14,M,40.30,M,10.0,0907*49
2021:01:22:13:48:59.308000,1611319739.308,$GPGGA,124859.00,6339.885288,N,01048.347613,E,2,12,0.7,12.12,M,40.30,M,11.0,0907*4E
2021:01:22:13:49:00.308000,1611319740.308,$GPGGA,124900.00,6339.883458,N,01048.342822,E,2,12,0.7,12.11,M,40.30,M,12.0,0907*47
2021:01:22:13:49:01.308000,1611319741.308,$GPGGA,124901.00,6339.881636,N,01048.338031,E,2,12,0.7,12.12,M,40.30,M,8.0,0907*71
2021:01:22:13:49:02.308000,1611319742.308,$GPGGA,124902.00,6339.879812,N,01048.333238,E,2,12,0.7,12.11,M,40.30,M,9.0,0907*7F
2021:01:22:13:49:03.308000,1611319743.308,$GPGGA,124903.00,6339.877994,N,01048.328405,E,2,12,0.7,12.09,M,40.30,M,10.0,0907*4C
2021:01:22:13:49:04.309000,1611319744.309,$GPGGA,124904.00,6339.876172,N,01048.323562,E,2,12,0.7,12.10,M,40.30,M,11.0,0907*48
2021:01:22:13:49:06.309000,1611319746.309,$GPGGA,124906.00,6339.872524,N,01048.313921,E,2,12,0.7,12.08,M,40.30,M,13.0,0907*4A
2021:01:22:13:49:07.309000,1611319747.309,$GPGGA,124907.00,6339.870698,N,01048.309124,E,2,12,0.7,12.09,M,40.30,M,14.0,0907*4D
2021:01:22:13:49:08.309000,1611319748.309,$GPGGA,124908.00,6339.868898,N,01048.304292,E,2,12,0.7,12.09,M,40.30,M,10.0,0907*42
2021:01:22:13:49:10.309000,1611319750.309,$GPGGA,124910.00,6339.865272,N,01048.294556,E,2,12,0.7,12.09,M,40.30,M,12.0,0907*4D
2021:01:22:13:49:11.309000,1611319751.309,$GPGGA,124911.00,6339.863485,N,01048.289672,E,2,12,0.7,12.11,M,40.30,M,8.0,0907*7F
2021:01:22:13:49:12.309000,1611319752.309,$GPGGA,124912.00,6339.861702,N,01048.284826,E,2,12,0.7,12.13,M,40.30,M,9.0,0907*73
2021:01:22:13:49:13.309000,1611319753.309,$GPGGA,124913.00,6339.859914,N,01048.279952,E,2,12,0.7,12.13,M,40.30,M,10.0,0907*48
2021:01:22:13:49:14.309000,1611319754.309,$GPGGA,124914.00,6339.858084,N,01048.275151,E,2,12,0.7,12.15,M,40.30,M,5.0,0907*7B
2021:01:22:13:49:15.309000,1611319755.309,$GPGGA,124915.00,6339.856248,N,01048.270349,E,2,12,0.7,12.12,M,40.30,M,6.0,0907*7C
2021:01:22:13:49:16.309000,1611319756.309,$GPGGA,124916.00,6339.854432,N,01048.265493,E,2,12,0.7,12.08,M,40.30,M,7.0,0907*78
2021:01:22:13:49:18.310000,1611319758.31,$GPGGA,124918.00,6339.850788,N,01048.255916,E,2,12,0.7,12.14,M,40.30,M,9.0,0907*70
2021:01:22:13:49:19.310000,1611319759.31,$GPGGA,124919.00,6339.848981,N,01048.251093,E,2,12,0.7,12.15,M,40.30,M,10.0,0907*46
2021:01:22:13:49:20.310000,1611319760.31,$GPGGA,124920.00,6339.847163,N,01048.246237,E,2,12,0.7,12.11,M,40.30,M,11.0,0907*48
2021:01:22:13:49:21.310000,1611319761.31,$GPGGA,124921.00,6339.845308,N,01048.241418,E,2,12,0.7,12.10,M,40.30,M,7.0,0907*7E
2021:01:22:13:49:22.309000,1611319762.309,$GPGGA,124922.00,6339.843486,N,01048.236652,E,2,12,0.7,12.11,M,40.30,M,8.0,0907*78
2021:01:22:13:49:23.309000,1611319763.309,$GPGGA,124923.00,6339.841686,N,01048.231840,E,2,12,0.7,12.14,M,40.30,M,9.0,0907*77
2021:01:22:13:49:24.309000,1611319764.309,$GPGGA,124924.00,6339.839887,N,01048.226942,E,2,12,0.7,12.09,M,40.30,M,5.0,0907*75
2021:01:22:13:49:25.309000,1611319765.309,$GPGGA,124925.00,6339.838071,N,01048.222093,E,2,12,0.7,12.07,M,40.30,M,6.0,0907*78
2021:01:22:13:49:26.309000,1611319766.309,$GPGGA,124926.00,6339.836229,N,01048.217302,E,2,12,0.7,12.08,M,40.30,M,7.0,0907*79
2021:01:22:13:49:27.309000,1611319767.309,$GPGGA,124927.00,6339.834413,N,01048.212502,E,2,12,0.7,12.10,M,40.30,M,8.0,0907*70
2021:01:22:13:49:28.309000,1611319768.309,$GPGGA,124928.00,6339.832626,N,01048.207612,E,2,12,0.7,12.09,M,40.30,M,9.0,0907*72
2021:01:22:13:49:29.309000,1611319769.309,$GPGGA,124929.00,6339.830806,N,01048.202779,E,2,12,0.7,12.07,M,40.30,M,10.0,0907*42
2021:01:22:13:49:31.309000,1611319771.309,$GPGGA,124931.00,6339.827210,N,01048.193075,E,2,12,0.7,12.09,M,40.30,M,12.0,0907*4C
2021:01:22:13:49:32.309000,1611319772.309,$GPGGA,124932.00,6339.825384,N,01048.188254,E,2,12,0.7,12.08,M,40.30,M,8.0,0907*70
2021:01:22:13:49:33.310000,1611319773.31,$GPGGA,124933.00,6339.823591,N,01048.183351,E,2,12,0.7,12.08,M,40.30,M,9.0,0907*7B
2021:01:22:13:49:35.310000,1611319775.31,$GPGGA,124935.00,6339.820002,N,01048.173595,E,2,12,0.7,12.09,M,40.30,M,6.0,0907*7E
2021:01:22:13:49:36.310000,1611319776.31,$GPGGA,124936.00,6339.818188,N,01048.168776,E,2,12,0.7,12.12,M,40.30,M,7.0,0907*7B
2021:01:22:13:49:37.313000,1611319777.313,$GPGGA,124937.00,6339.816367,N,01048.163945,E,2,12,0.7,12.11,M,40.30,M,8.0,0907*7E
2021:01:22:13:49:39.310000,1611319779.31,$GPGGA,124939.00,6339.812714,N,01048.154247,E,2,12,0.7,12.10,M,40.30,M,10.0,0907*41
2021:01:22:13:49:40.310000,1611319780.31,$GPGGA,124940.00,6339.810885,N,01048.149473,E,2,12,0.7,12.09,M,40.30,M,11.0,0907*4E
2021:01:22:13:49:41.310000,1611319781.31,$GPGGA,124941.00,6339.809071,N,01048.144638,E,2,12,0.7,12.10,M,40.30,M,12.0,0907*4F
2021:01:22:13:49:43.310000,1611319783.31,$GPGGA,124943.00,6339.805439,N,01048.134915,E,2,12,0.7,12.05,M,40.30,M,8.0,0907*71
2021:01:22:13:49:44.310000,1611319784.31,$GPGGA,124944.00,6339.803631,N,01048.130072,E,2,12,0.7,12.07,M,40.30,M,4.0,0907*78
2021:01:22:13:49:45.310000,1611319785.31,$GPGGA,124945.00,6339.801813,N,01048.125236,E,2,12,0.7,12.09,M,40.30,M,5.0,0907*7C
2021:01:22:13:49:46.310000,1611319786.31,$GPGGA,124946.00,6339.800018,N,01048.120425,E,2,12,0.7,12.10,M,40.30,M,6.0,0907*77
2021:01:22:13:49:47.311000,1611319787.311,$GPGGA,124947.00,6339.798223,N,01048.115531,E,2,12,0.7,12.05,M,40.31,M,7.0,0907*74
2021:01:22:13:49:48.311000,1611319788.311,$GPGGA,124948.00,6339.796443,N,01048.110655,E,2,12,0.7,12.05,M,40.31,M,8.0,0907*7E
2021:01:22:13:49:49.311000,1611319789.311,$GPGGA,124949.00,6339.794618,N,01048.105883,E,2,12,0.7,12.02,M,40.31,M,9.0,0907*76
2021:01:22:13:49:51.311000,1611319791.311,$GPGGA,124951.00,6339.791023,N,01048.096151,E,2,12,0.7,12.05,M,40.31,M,6.0,0907*71
2021:01:22:13:49:52.311000,1611319792.311,$GPGGA,124952.00,6339.789277,N,01048.091264,E,2,12,0.7,12.07,M,40.31,M,7.0,0907*79
2021:01:22:13:49:53.310000,1611319793.31,$GPGGA,124953.00,6339.787478,N,01048.086380,E,2,12,0.7,12.06,M,40.31,M,8.0,0907*7C
2021:01:22:13:49:54.310000,1611319794.31,$GPGGA,124954.00,6339.785677,N,01048.081539,E,2,12,0.7,12.05,M,40.31,M,9.0,0907*75
2021:01:22:13:49:56.310000,1611319796.31,$GPGGA,124956.00,6339.782084,N,01048.071845,E,2,12,0.7,12.03,M,40.31,M,11.0,0907*4C
2021:01:22:13:49:57.310000,1611319797.31,$GPGGA,124957.00,6339.780303,N,01048.067036,E,2,12,0.7,12.04,M,40.31,M,12.0,0907*4C
2021:01:22:13:49:58.310000,1611319798.31,$GPGGA,124958.00,6339.778495,N,01048.062183,E,2,12,0.7,12.04,M,40.31,M,13.0,0907*47
2021:01:22:13:50:00.310000,1611319800.31,$GPGGA,125000.00,6339.774882,N,01048.052565,E,2,12,0.7,12.04,M,40.31,M,15.0,0907*4D
2021:01:22:13:50:01.310000,1611319801.31,$GPGGA,125001.00,6339.773076,N,01048.047693,E,2,12,0.7,12.13,M,40.31,M,9.0,0907*7D
2021:01:22:13:50:02.311000,1611319802.311,$GPGGA,125002.00,6339.771308,N,01048.042828,E,2,12,0.7,12.14,M,40.31,M,10.0,0907*42
2021:01:22:13:50:04.311000,1611319804.311,$GPGGA,125004.00,6339.767750,N,01048.033046,E,2,12,0.6,12.13,M,40.31,M,12.0,0907*48
2021:01:22:13:50:05.311000,1611319805.311,$GPGGA,125005.00,6339.765976,N,01048.028242,E,2,12,0.6,12.17,M,40.31,M,8.0,0907*72
2021:01:22:13:50:06.311000,1611319806.311,$GPGGA,125006.00,6339.764201,N,01048.023386,E,2,12,0.6,12.17,M,40.31,M,9.0,0907*78
2021:01:22:13:50:07.311000,1611319807.311,$GPGGA,125007.00,6339.762453,N,01048.018475,E,2,12,0.6,12.16,M,40.31,M,10.0,0907*44
2021:01:22:13:50:08.311000,1611319808.311,$GPGGA,125008.00,6339.760697,N,01048.013563,E,2,12,0.6,12.16,M,40.31,M,11.0,0907*4F
2021:01:22:13:50:09.311000,1611319809.311,$GPGGA,125009.00,6339.758892,N,01048.008755,E,2,12,0.6,12.16,M,40.31,M,12.0,0907*40
2021:01:22:13:50:10.311000,1611319810.311,$GPGGA,125010.00,6339.757116,N,01048.003945,E,2,12,0.6,12.18,M,40.31,M,13.0,0907*49
2021:01:22:13:50:11.311000,1611319811.311,$GPGGA,125011.00,6339.755357,N,01047.999058,E,2,12,0.6,12.19,M,40.31,M,8.0,0907*76
2021:01:22:13:50:12.311000,1611319812.311,$GPGGA,125012.00,6339.753563,N,01047.994235,E,2,12,0.6,12.19,M,40.31,M,9.0,0907*77
2021:01:22:13:50:13.311000,1611319813.311,$GPGGA,125013.00,6339.751750,N,01047.989413,E,2,12,0.6,12.17,M,40.31,M,10.0,0907*4E
2021:01:22:13:50:14.311000,1611319814.311,$GPGGA,125014.00,6339.749941,N,01047.984670,E,2,12,0.6,12.17,M,40.31,M,11.0,0907*45
2021:01:22:13:50:16.312000,1611319816.312,$GPGGA,125016.00,6339.746352,N,01047.975016,E,2,12,0.6,12.19,M,40.31,M,8.0,0907*7E
2021:01:22:13:50:17.312000,1611319817.312,$GPGGA,125017.00,6339.744577,N,01047.970162,E,2,12,0.6,12.18,M,40.31,M,9.0,0907*7B
2021:01:22:13:50:18.312000,1611319818.312,$GPGGA,125018.00,6339.742803,N,01047.965269,E,2,12,0.6,12.19,M,40.31,M,10.0,0907*49
2021:01:22:13:50:20.312000,1611319820.312,$GPGGA,125020.00,6339.739228,N,01047.955605,E,2,12,0.6,12.17,M,40.31,M,7.0,0907*78
2021:01:22:13:50:21.312000,1611319821.312,$GPGGA,125021.00,6339.737419,N,01047.950799,E,2,12,0.6,12.15,M,40.31,M,8.0,0907*7F
2021:01:22:13:50:22.312000,1611319822.312,$GPGGA,125022.00,6339.735637,N,01047.945939,E,2,12,0.6,12.15,M,40.31,M,9.0,0907*71
2021:01:22:13:50:23.312000,1611319823.312,$GPGGA,125023.00,6339.733828,N,01047.941105,E,2,12,0.6,12.15,M,40.31,M,10.0,0907*4D
2021:01:22:13:50:25.311000,1611319825.311,$GPGGA,125025.00,6339.730214,N,01047.931440,E,2,12,0.6,12.17,M,40.31,M,12.0,0907*4E
2021:01:22:13:50:26.311000,1611319826.311,$GPGGA,125026.00,6339.728431,N,01047.926567,E,2,12,0.6,12.17,M,40.31,M,13.0,0907*46
2021:01:22:13:50:27.311000,1611319827.311,$GPGGA,125027.00,6339.726677,N,01047.921622,E,2,12,0.6,12.17,M,40.31,M,14.0,0907*4B
2021:01:22:13:50:29.311000,1611319829.311,$GPGGA,125029.00,6339.723072,N,01047.911932,E,2,12,0.6,12.15,M,40.31,M,9.0,0907*70
2021:01:22:13:50:30.312000,1611319830.312,$GPGGA,125030.00,6339.721273,N,01047.907103,E,2,12,0.6,12.16,M,40.31,M,10.0,0907*4F
2021:01:22:13:50:31.312000,1611319831.312,$GPGGA,125031.00,6339.719506,N,01047.902225,E,2,12,0.6,12.17,M,40.31,M,11.0,0907*42
2021:01:22:13:50:33.312000,1611319833.312,$GPGGA,125033.00,6339.716016,N,01047.892334,E,2,12,0.6,12.16,M,40.31,M,9.0,0907*7A
2021:01:22:13:50:34.313000,1611319834.313,$GPGGA,125034.00,6339.714277,N,01047.887388,E,2,12,0.6,12.17,M,40.31,M,10.0,0907*40
2021:01:22:13:50:35.312000,1611319835.312,$GPGGA,125035.00,6339.712539,N,01047.882504,E,2,12,0.6,12.19,M,40.31,M,6.0,0907*74
2021:01:22:13:50:36.312000,1611319836.312,$GPGGA,125036.00,6339.710804,N,01047.877522,E,2,12,0.6,12.18,M,40.31,M,7.0,0907*78
2021:01:22:13:50:37.312000,1611319837.312,$GPGGA,125037.00,6339.709058,N,01047.872608,E,2,12,0.6,12.18,M,40.31,M,8.0,0907*71
2021:01:22:13:50:38.312000,1611319838.312,$GPGGA,125038.00,6339.707298,N,01047.867745,E,2,12,0.6,12.20,M,40.31,M,9.0,0907*78
2021:01:22:13:50:39.312000,1611319839.312,$GPGGA,125039.00,6339.705518,N,01047.862865,E,2,12,0.6,12.19,M,40.31,M,10.0,0907*4E
2021:01:22:13:50:41.312000,1611319841.312,$GPGGA,125041.00,6339.701989,N,01047.853128,E,2,12,0.6,12.19,M,40.31,M,12.0,0907*41
2021:01:22:13:50:42.312000,1611319842.312,$GPGGA,125042.00,6339.700236,N,01047.848208,E,2,12,0.6,12.19,M,40.31,M,8.0,0907*7C
2021:01:22:13:50:43.312000,1611319843.312,$GPGGA,125043.00,6339.698519,N,01047.843284,E,2,12,0.6,12.19,M,40.31,M,9.0,0907*79
2021:01:22:13:50:45.313000,1611319845.313,$GPGGA,125045.00,6339.695051,N,01047.833436,E,2,12,0.6,12.21,M,40.31,M,5.0,0907*74
2021:01:22:13:50:46.313000,1611319846.313,$GPGGA,125046.00,6339.693296,N,01047.828515,E,2,12,0.6,12.18,M,40.31,M,6.0,0907*7B
2021:01:22:13:50:47.313000,1611319847.313,$GPGGA,125047.00,6339.691555,N,01047.823645,E,2,12,0.6,12.19,M,40.31,M,7.0,0907*7D
2021:01:22:13:50:49.313000,1611319849.313,$GPGGA,125049.00,6339.688084,N,01047.813862,E,2,12,0.6,12.23,M,40.31,M,9.0,0907*7D
2021:01:22:13:50:50.313000,1611319850.313,$GPGGA,125050.00,6339.686322,N,01047.808949,E,2,12,0.6,12.19,M,40.31,M,10.0,0907*47
2021:01:22:13:50:51.313000,1611319851.313,$GPGGA,125051.00,6339.684577,N,01047.804095,E,2,12,0.6,12.22,M,40.31,M,11.0,0907*4F
2021:01:22:13:50:52.313000,1611319852.313,$GPGGA,125052.00,6339.682830,N,01047.799180,E,2,12,0.6,12.21,M,40.31,M,7.0,0907*7E
2021:01:22:13:50:54.313000,1611319854.313,$GPGGA,125054.00,6339.679354,N,01047.789372,E,2,12,0.6,12.19,M,40.31,M,9.0,0907*7E
2021:01:22:13:50:55.313000,1611319855.313,$GPGGA,125055.00,6339.677612,N,01047.784498,E,2,12,0.6,12.20,M,40.31,M,10.0,0907*4A
2021:01:22:13:50:56.313000,1611319856.313,$GPGGA,125056.00,6339.675859,N,01047.779580,E,2,12,0.6,12.15,M,40.31,M,6.0,0907*71
2021:01:22:13:50:58.312000,1611319858.312,$GPGGA,125058.00,6339.672353,N,01047.769871,E,2,12,0.6,12.19,M,40.31,M,8.0,0907*79
2021:01:22:13:50:59.313000,1611319859.313,$GPGGA,125059.00,6339.670622,N,01047.764906,E,2,12,0.6,12.17,M,40.31,M,9.0,0907*7A
2021:01:22:13:51:00.313000,1611319860.313,$GPGGA,125100.00,6339.668892,N,01047.759954,E,2,12,0.6,12.13,M,40.32,M,10.0,0907*4D
2021:01:22:13:51:01.313000,1611319861.313,$GPGGA,125101.00,6339.667175,N,01047.755016,E,2,12,0.6,12.17,M,40.32,M,11.0,0907*45
2021:01:22:13:51:02.313000,1611319862.313,$GPGGA,125102.00,6339.665423,N,01047.750103,E,2,12,0.6,12.15,M,40.32,M,7.0,0907*77
2021:01:22:13:51:03.313000,1611319863.313,$GPGGA,125103.00,6339.663727,N,01047.745154,E,2,12,0.6,12.20,M,40.32,M,8.0,0907*78
2021:01:22:13:51:04.313000,1611319864.313,$GPGGA,125104.00,6339.661996,N,01047.740173,E,2,12,0.6,12.19,M,40.32,M,9.0,0907*72
2021:01:22:13:51:06.313000,1611319866.313,$GPGGA,125106.00,6339.658554,N,01047.730270,E,2,12,0.6,12.17,M,40.32,M,6.0,0907*7E
2021:01:22:13:51:07.313000,1611319867.313,$GPGGA,125107.00,6339.656804,N,01047.725396,E,2,12,0.7,12.17,M,40.32,M,7.0,0907*74
2021:01:22:13:51:08.313000,1611319868.313,$GPGGA,125108.00,6339.655046,N,01047.720471,E,2,12,0.7,12.16,M,40.32,M,8.0,0907*73
2021:01:22:13:51:10.313000,1611319870.313,$GPGGA,125110.00,6339.651576,N,01047.710679,E,2,12,0.6,12.19,M,40.32,M,10.0,0907*46
2021:01:22:13:51:11.313000,1611319871.313,$GPGGA,125111.00,6339.649805,N,01047.705836,E,2,12,0.6,12.16,M,40.32,M,11.0,0907*48
2021:01:22:13:51:12.313000,1611319872.313,$GPGGA,125112.00,6339.648016,N,01047.700969,E,2,12,0.6,12.13,M,40.32,M,6.0,0907*7D
2021:01:22:13:51:13.314000,1611319873.314,$GPGGA,125113.00,6339.646258,N,01047.696113,E,2,12,0.6,12.17,M,40.32,M,7.0,0907*74
2021:01:22:13:51:14.314000,1611319874.314,$GPGGA,125114.00,6339.644483,N,01047.691280,E,2,12,0.6,12.18,M,40.32,M,8.0,0907*7F
2021:01:22:13:51:15.314000,1611319875.314,$GPGGA,125115.00,6339.642721,N,01047.686414,E,2,12,0.6,12.17,M,40.32,M,4.0,0907*7D
2021:01:22:13:51:16.314000,1611319876.314,$GPGGA,125116.00,6339.640964,N,01047.681515,E,2,12,0.6,12.14,M,40.32,M,5.0,0907*76
2021:01:22:13:51:18.314000,1611319878.314,$GPGGA,125118.00,6339.637422,N,01047.671855,E,2,12,0.6,12.12,M,40.32,M,7.0,0907*75
2021:01:22:13:51:19.314000,1611319879.314,$GPGGA,125119.00,6339.635695,N,01047.666949,E,2,12,0.6,12.13,M,40.32,M,8.0,0907*7C
2021:01:22:13:51:20.314000,1611319880.314,$GPGGA,125120.00,6339.633966,N,01047.662062,E,2,12,0.6,12.16,M,40.32,M,9.0,0907*73
2021:01:22:13:51:21.314000,1611319881.314,$GPGGA,125121.00,6339.632179,N,01047.657268,E,2,12,0.6,12.14,M,40.32,M,10.0,0907*41
2021:01:22:13:51:22.314000,1611319882.314,$GPGGA,125122.00,6339.630392,N,01047.652398,E,2,12,0.6,12.16,M,40.32,M,11.0,0907*4F
2021:01:22:13:51:23.314000,1611319883.314,$GPGGA,125123.00,6339.628640,N,01047.647558,E,2,12,0.6,12.19,M,40.32,M,12.0,0907*4F
2021:01:22:13:51:24.314000,1611319884.314,$GPGGA,125124.00,6339.626876,N,01047.642717,E,2,12,0.6,12.17,M,40.32,M,13.0,0907*4E
2021:01:22:13:51:26.314000,1611319886.314,$GPGGA,125126.00,6339.623372,N,01047.632992,E,2,12,0.6,12.20,M,40.32,M,10.0,0907*45
2021:01:22:13:51:27.314000,1611319887.314,$GPGGA,125127.00,6339.621606,N,01047.628146,E,2,12,0.6,12.18,M,40.32,M,11.0,0907*40
2021:01:22:13:51:28.314000,1611319888.314,$GPGGA,125128.00,6339.619880,N,01047.623287,E,2,12,0.6,12.19,M,40.32,M,12.0,0907*43
2021:01:22:13:51:29.314000,1611319889.314,$GPGGA,125129.00,6339.618191,N,01047.618370,E,2,12,0.6,12.19,M,40.32,M,8.0,0907*70
2021:01:22:13:51:31.314000,1611319891.314,$GPGGA,125131.00,6339.614778,N,01047.608508,E,2,12,0.6,12.20,M,40.32,M,10.0,0907*4F
2021:01:22:13:51:32.314000,1611319892.314,$GPGGA,125132.00,6339.613033,N,01047.603675,E,2,12,0.6,12.21,M,40.32,M,6.0,0907*77
2021:01:22:13:51:33.314000,1611319893.314,$GPGGA,125133.00,6339.611299,N,01047.598769,E,2,12,0.6,12.17,M,40.32,M,7.0,0907*7F
2021:01:22:13:51:35.314000,1611319895.314,$GPGGA,125135.00,6339.607909,N,01047.588884,E,2,12,0.6,12.19,M,40.32,M,9.0,0907*71
2021:01:22:13:51:36.314000,1611319896.314,$GPGGA,125136.00,6339.606155,N,01047.584039,E,2,12,0.6,12.15,M,40.32,M,10.0,0907*44
2021:01:22:13:51:37.314000,1611319897.314,$GPGGA,125137.00,6339.604480,N,01047.578993,E,2,12,0.6,12.17,M,40.32,M,11.0,0907*43
2021:01:22:13:51:38.314000,1611319898.314,$GPGGA,125138.00,6339.602803,N,01047.574093,E,2,12,0.6,12.17,M,40.32,M,12.0,0907*4B
2021:01:22:13:51:39.314000,1611319899.314,$GPGGA,125139.00,6339.601066,N,01047.569216,E,2,12,0.6,12.16,M,40.32,M,13.0,0907*41
2021:01:22:13:51:40.314000,1611319900.314,$GPGGA,125140.00,6339.599392,N,01047.564216,E,2,12,0.6,12.19,M,40.32,M,14.0,0907*40
2021:01:22:13:51:41.314000,1611319901.314,$GPGGA,125141.00,6339.597671,N,01047.559310,E,2,12,0.6,12.18,M,40.32,M,15.0,0907*4E
2021:01:22:13:51:43.315000,1611319903.315,$GPGGA,125143.00,6339.594193,N,01047.549574,E,2,12,0.6,12.20,M,40.32,M,6.0,0907*78
2021:01:22:13:51:44.315000,1611319904.315,$GPGGA,125144.00,6339.592444,N,01047.544699,E,2,12,0.6,12.20,M,40.32,M,7.0,0907*7A
2021:01:22:13:51:45.315000,1611319905.315,$GPGGA,125145.00,6339.590696,N,01047.539816,E,2,12,0.6,12.20,M,40.32,M,8.0,0907*78
2021:01:22:13:51:46.315000,1611319906.315,$GPGGA,125146.00,6339.588944,N,01047.534977,E,2,12,0.6,12.20,M,40.32,M,9.0,0907*78
2021:01:22:13:51:47.315000,1611319907.315,$GPGGA,125147.00,6339.587183,N,01047.530087,E,2,12,0.6,12.23,M,40.32,M,10.0,0907*4C
2021:01:22:13:51:48.315000,1611319908.315,$GPGGA,125148.00,6339.585400,N,01047.525218,E,2,12,0.6,12.22,M,40.32,M,11.0,0907*4F
2021:01:22:13:51:49.315000,1611319909.315,$GPGGA,125149.00,6339.583628,N,01047.520438,E,2,12,0.6,12.21,M,40.32,M,7.0,0907*75
2021:01:22:13:51:51.315000,1611319911.315,$GPGGA,125151.00,6339.580040,N,01047.510772,E,2,12,0.6,12.20,M,40.32,M,9.0,0907*76
2021:01:22:13:51:52.315000,1611319912.315,$GPGGA,125152.00,6339.578185,N,01047.506037,E,2,12,0.6,12.17,M,40.32,M,10.0,0907*47
2021:01:22:13:51:53.315000,1611319913.315,$GPGGA,125153.00,6339.576387,N,01047.501239,E,2,12,0.6,12.20,M,40.32,M,11.0,0907*46
2021:01:22:13:51:55.315000,1611319915.315,$GPGGA,125155.00,6339.572775,N,01047.491641,E,2,12,0.6,12.20,M,40.32,M,13.0,0907*4C
2021:01:22:13:51:56.316000,1611319916.316,$GPGGA,125156.00,6339.570940,N,01047.486785,E,2,12,0.6,12.16,M,40.32,M,8.0,0907*75
2021:01:22:13:51:57.315000,1611319917.315,$GPGGA,125157.00,6339.569131,N,01047.482023,E,2,12,0.6,12.18,M,40.32,M,9.0,0907*72
2021:01:22:13:51:58.316000,1611319918.316,$GPGGA,125158.00,6339.567339,N,01047.477186,E,2,12,0.6,12.18,M,40.32,M,5.0,0907*71
2021:01:22:13:52:00.315000,1611319920.315,$GPGGA,125200.00,6339.563700,N,01047.467586,E,2,12,0.6,12.19,M,40.32,M,7.0,0907*73
2021:01:22:13:52:01.315000,1611319921.315,$GPGGA,125201.00,6339.561886,N,01047.462789,E,2,12,0.6,12.20,M,40.32,M,8.0,0907*7C
2021:01:22:13:52:02.315000,1611319922.315,$GPGGA,125202.00,6339.560054,N,01047.458052,E,2,12,0.6,12.20,M,40.32,M,9.0,0907*70
2021:01:22:13:52:03.315000,1611319923.315,$GPGGA,125203.00,6339.558245,N,01047.453244,E,2,12,0.6,12.23,M,40.32,M,10.0,0907*4D
2021:01:22:13:52:04.315000,1611319924.315,$GPGGA,125204.00,6339.556443,N,01047.448426,E,2,12,0.6,12.22,M,40.32,M,11.0,0907*4C
2021:01:22:13:52:05.315000,1611319925.315,$GPGGA,125205.00,6339.554628,N,01047.443590,E,2,12,0.6,12.21,M,40.32,M,12.0,0907*47
2021:01:22:13:52:06.315000,1611319926.315,$GPGGA,125206.00,6339.552802,N,01047.438785,E,2,12,0.6,12.18,M,40.32,M,7.0,0907*70
2021:01:22:13:52:08.315000,1611319928.315,$GPGGA,125208.00,6339.549197,N,01047.429114,E,2,12,0.6,12.18,M,40.32,M,9.0,0907*71
2021:01:22:13:52:09.315000,1611319929.315,$GPGGA,125209.00,6339.547410,N,01047.424219,E,2,12,0.6,12.18,M,40.32,M,10.0,0907*4F
2021:01:22:13:52:10.315000,1611319930.315,$GPGGA,125210.00,6339.545641,N,01047.419369,E,2,12,0.6,12.19,M,40.32,M,6.0,0907*7D
2021:01:22:13:52:11.316000,1611319931.316,$GPGGA,125211.00,6339.543786,N,01047.414622,E,2,12,0.6,12.14,M,40.32,M,7.0,0907*7B
2021:01:22:13:52:12.316000,1611319932.316,$GPGGA,125212.00,6339.542049,N,01047.409662,E,2,12,0.6,12.17,M,40.32,M,8.0,0907*79
2021:01:22:13:52:13.316000,1611319933.316,$GPGGA,125213.00,6339.540277,N,01047.404796,E,2,12,0.6,12.20,M,40.33,M,9.0,0907*76
2021:01:22:13:52:14.316000,1611319934.316,$GPGGA,125214.00,6339.538493,N,01047.399990,E,2,12,0.6,12.18,M,40.33,M,10.0,0907*4A
2021:01:22:13:52:16.316000,1611319936.316,$GPGGA,125216.00,6339.534936,N,01047.390308,E,2,12,0.6,12.19,M,40.33,M,7.0,0907*73
2021:01:22:13:52:17.316000,1611319937.316,$GPGGA,125217.00,6339.533182,N,01047.385404,E,2,12,0.6,12.16,M,40.33,M,8.0,0907*7D
2021:01:22:13:52:18.316000,1611319938.316,$GPGGA,125218.00,6339.531434,N,01047.380504,E,2,12,0.6,12.15,M,40.33,M,9.0,0907*7E
2021:01:22:13:52:20.316000,1611319940.316,$GPGGA,125220.00,6339.527900,N,01047.370858,E,2,12,0.6,12.13,M,40.33,M,6.0,0907*7A
2021:01:22:13:52:21.316000,1611319941.316,$GPGGA,125221.00,6339.526135,N,01047.365953,E,2,12,0.6,12.15,M,40.33,M,7.0,0907*7D
2021:01:22:13:52:22.316000,1611319942.316,$GPGGA,125222.00,6339.524379,N,01047.361096,E,2,12,0.6,12.16,M,40.33,M,8.0,0907*7E
2021:01:22:13:52:23.316000,1611319943.316,$GPGGA,125223.00,6339.522605,N,01047.356265,E,2,12,0.6,12.17,M,40.33,M,9.0,0907*7D
2021:01:22:13:52:24.316000,1611319944.316,$GPGGA,125224.00,6339.520848,N,01047.351472,E,2,12,0.6,12.17,M,40.33,M,10.0,0907*40
2021:01:22:13:52:25.316000,1611319945.316,$GPGGA,125225.00,6339.519094,N,01047.346558,E,2,12,0.6,12.17,M,40.33,M,11.0,0907*4C
2021:01:22:13:52:26.317000,1611319946.317,$GPGGA,125226.00,6339.517365,N,01047.341670,E,2,12,0.6,12.20,M,40.33,M,6.0,0907*70
2021:01:22:13:52:28.317000,1611319948.317,$GPGGA,125228.00,6339.513854,N,01047.332016,E,2,12,0.6,12.22,M,40.33,M,8.0,0907*7D
2021:01:22:13:52:29.317000,1611319949.317,$GPGGA,125229.00,6339.512112,N,01047.327097,E,2,12,0.6,12.23,M,40.33,M,5.0,0907*77
2021:01:22:13:52:30.316000,1611319950.316,$GPGGA,125230.00,6339.510326,N,01047.322316,E,2,12,0.6,12.20,M,40.33,M,6.0,0907*77
2021:01:22:13:52:31.316000,1611319951.316,$GPGGA,125231.00,6339.508566,N,01047.317413,E,2,12,0.6,12.22,M,40.33,M,7.0,0907*7A
2021:01:22:13:52:33.316000,1611319953.316,$GPGGA,125233.00,6339.505051,N,01047.307735,E,2,12,0.6,12.25,M,40.33,M,9.0,0907*7B
2021:01:22:13:52:34.316000,1611319954.316,$GPGGA,125234.00,6339.503245,N,01047.302949,E,2,12,0.6,12.25,M,40.33,M,10.0,0907*45
2021:01:22:13:52:35.316000,1611319955.316,$GPGGA,125235.00,6339.501413,N,01047.298139,E,2,12,0.6,12.17,M,40.33,M,11.0,0907*4E
2021:01:22:13:52:36.316000,1611319956.316,$GPGGA,125236.00,6339.499653,N,01047.293225,E,2,12,0.6,12.20,M,40.33,M,6.0,0907*7C
2021:01:22:13:52:37.316000,1611319957.316,$GPGGA,125237.00,6339.497894,N,01047.288421,E,2,12,0.6,12.23,M,40.33,M,7.0,0907*7C
2021:01:22:13:52:38.316000,1611319958.316,$GPGGA,125238.00,6339.496108,N,01047.283617,E,2,12,0.6,12.23,M,40.33,M,8.0,0907*7D
2021:01:22:13:52:39.316000,1611319959.316,$GPGGA,125239.00,6339.494298,N,01047.278813,E,2,12,0.6,12.21,M,40.33,M,4.0,0907*74
2021:01:22:13:52:40.316000,1611319960.316,$GPGGA,125240.00,6339.492484,N,01047.273978,E,2,12,0.6,12.24,M,40.33,M,5.0,0907*74
2021:01:22:13:52:41.317000,1611319961.317,$GPGGA,125241.00,6339.490673,N,01047.269247,E,2,12,0.6,12.22,M,40.33,M,6.0,0907*74
2021:01:22:13:52:42.317000,1611319962.317,$GPGGA,125242.00,6339.488887,N,01047.264411,E,2,12,0.6,12.23,M,40.33,M,7.0,0907*73
2021:01:22:13:52:43.317000,1611319963.317,$GPGGA,125243.00,6339.487061,N,01047.259637,E,2,12,0.6,12.24,M,40.33,M,8.0,0907*7D
2021:01:22:13:52:45.317000,1611319965.317,$GPGGA,125245.00,6339.483406,N,01047.250094,E,2,12,0.6,12.18,M,40.33,M,5.0,0907*7E
2021:01:22:13:52:46.317000,1611319966.317,$GPGGA,125246.00,6339.481596,N,01047.245265,E,2,12,0.6,12.18,M,40.33,M,6.0,0907*7C
2021:01:22:13:52:47.317000,1611319967.317,$GPGGA,125247.00,6339.479787,N,01047.240463,E,2,12,0.6,12.16,M,40.33,M,7.0,0907*72
2021:01:22:13:52:48.317000,1611319968.317,$GPGGA,125248.00,6339.477996,N,01047.235610,E,2,12,0.6,12.17,M,40.33,M,8.0,0907*77
2021:01:22:13:52:49.317000,1611319969.317,$GPGGA,125249.00,6339.476152,N,01047.230892,E,2,12,0.6,12.15,M,40.33,M,9.0,0907*75
2021:01:22:13:52:50.317000,1611319970.317,$GPGGA,125250.00,6339.474315,N,01047.226111,E,2,12,0.6,12.15,M,40.33,M,10.0,0907*43
2021:01:22:13:52:51.317000,1611319971.317,$GPGGA,125251.00,6339.472462,N,01047.221379,E,2,12,0.6,12.14,M,40.33,M,11.0,0907*48
2021:01:22:13:52:53.317000,1611319973.317,$GPGGA,125253.00,6339.468803,N,01047.211808,E,2,12,0.6,12.13,M,40.33,M,7.0,0907*74
2021:01:22:13:52:54.317000,1611319974.317,$GPGGA,125254.00,6339.466967,N,01047.207073,E,2,12,0.6,12.11,M,40.33,M,8.0,0907*70
2021:01:22:13:52:55.318000,1611319975.318,$GPGGA,125255.00,6339.465129,N,01047.202263,E,2,12,0.6,12.10,M,40.33,M,9.0,0907*76
2021:01:22:13:52:56.318000,1611319976.318,$GPGGA,125256.00,6339.463313,N,01047.197507,E,2,12,0.6,12.12,M,40.33,M,10.0,0907*48
2021:01:22:13:52:58.318000,1611319978.318,$GPGGA,125258.00,6339.459615,N,01047.187994,E,2,12,0.6,12.08,M,40.33,M,12.0,0907*42
2021:01:22:13:52:59.317000,1611319979.317,$GPGGA,125259.00,6339.457766,N,01047.183229,E,2,12,0.6,12.14,M,40.33,M,8.0,0907*77
2021:01:22:13:53:01.317000,1611319981.317,$GPGGA,125301.00,6339.453975,N,01047.173947,E,2,12,0.6,12.13,M,40.33,M,10.0,0907*41
2021:01:22:13:53:02.317000,1611319982.317,$GPGGA,125302.00,6339.452120,N,01047.169140,E,2,12,0.6,12.11,M,40.33,M,11.0,0907*4C
2021:01:22:13:53:03.317000,1611319983.317,$GPGGA,125303.00,6339.450286,N,01047.164414,E,2,12,0.6,12.15,M,40.33,M,7.0,0907*7A
2021:01:22:13:53:04.317000,1611319984.317,$GPGGA,125304.00,6339.448397,N,01047.159738,E,2,12,0.6,12.12,M,40.33,M,8.0,0907*7E
2021:01:22:13:53:06.317000,1611319986.317,$GPGGA,125306.00,6339.444687,N,01047.150230,E,2,12,0.6,12.10,M,40.33,M,10.0,0907*4B
2021:01:22:13:53:07.317000,1611319987.317,$GPGGA,125307.00,6339.442809,N,01047.145548,E,2,12,0.6,12.10,M,40.33,M,11.0,0907*49
2021:01:22:13:53:08.317000,1611319988.317,$GPGGA,125308.00,6339.440930,N,01047.140786,E,2,12,0.6,12.08,M,40.33,M,12.0,0907*40
2021:01:22:13:53:10.318000,1611319990.318,$GPGGA,125310.00,6339.437260,N,01047.131244,E,2,12,0.6,12.06,M,40.33,M,8.0,0907*7F
2021:01:22:13:53:11.318000,1611319991.318,$GPGGA,125311.00,6339.435435,N,01047.126442,E,2,12,0.6,12.07,M,40.33,M,9.0,0907*7C
2021:01:22:13:53:12.318000,1611319992.318,$GPGGA,125312.00,6339.433578,N,01047.121693,E,2,12,0.6,12.05,M,40.33,M,10.0,0907*42
2021:01:22:13:53:13.318000,1611319993.318,$GPGGA,125313.00,6339.431751,N,01047.116895,E,2,12,0.6,12.11,M,40.33,M,6.0,0907*76
2021:01:22:13:53:14.318000,1611319994.318,$GPGGA,125314.00,6339.429908,N,01047.112138,E,2,12,0.6,12.08,M,40.33,M,7.0,0907*79
2021:01:22:13:53:15.318000,1611319995.318,$GPGGA,125315.00,6339.428083,N,01047.107341,E,2,12,0.6,12.07,M,40.33,M,8.0,0907*7B
2021:01:22:13:53:16.318000,1611319996.318,$GPGGA,125316.00,6339.426276,N,01047.102606,E,2,12,0.6,12.11,M,40.33,M,9.0,0907*7B
2021:01:22:13:53:18.318000,1611319998.318,$GPGGA,125318.00,6339.422705,N,01047.092858,E,2,12,0.6,12.12,M,40.33,M,11.0,0907*47
2021:01:22:13:53:19.318000,1611319999.318,$GPGGA,125319.00,6339.420919,N,01047.088045,E,2,12,0.6,12.13,M,40.33,M,12.0,0907*4A
2021:01:22:13:53:20.318000,1611320000.318,$GPGGA,125320.00,6339.419121,N,01047.083297,E,2,12,0.6,12.18,M,40.33,M,8.0,0907*7F
2021:01:22:13:53:21.318000,1611320001.318,$GPGGA,125321.00,6339.417326,N,01047.078505,E,2,12,0.6,12.19,M,40.33,M,9.0,0907*7D
2021:01:22:13:53:22.318000,1611320002.318,$GPGGA,125322.00,6339.415537,N,01047.073690,E,2,12,0.6,12.18,M,40.33,M,10.0,0907*47
2021:01:22:13:53:23.318000,1611320003.318,$GPGGA,125323.00,6339.413766,N,01047.068868,E,2,12,0.6,12.18,M,40.33,M,11.0,0907*44
2021:01:22:13:53:24.318000,1611320004.318,$GPGGA,125324.00,6339.412011,N,01047.064056,E,2,12,0.6,12.20,M,40.33,M,12.0,0907*44
2021:01:22:13:53:26.319000,1611320006.319,$GPGGA,125326.00,6339.408560,N,01047.054264,E,2,12,0.6,12.16,M,40.33,M,7.0,0907*7F
2021:01:22:13:53:27.319000,1611320007.319,$GPGGA,125327.00,6339.406811,N,01047.049352,E,2,12,0.6,12.15,M,40.34,M,8.0,0907*78
2021:01:22:13:53:28.319000,1611320008.319,$GPGGA,125328.00,6339.405028,N,01047.044577,E,2,12,0.6,12.14,M,40.34,M,9.0,0907*7A
2021:01:22:13:53:31.318000,1611320011.318,$GPGGA,125331.00,6339.399698,N,01047.030157,E,2,12,0.6,12.16,M,40.34,M,8.0,0907*7B
2021:01:22:13:53:32.318000,1611320012.318,$GPGGA,125332.00,6339.397916,N,01047.025347,E,2,12,0.6,12.17,M,40.34,M,9.0,0907*78
2021:01:22:13:53:33.318000,1611320013.318,$GPGGA,125333.00,6339.396155,N,01047.020488,E,2,12,0.6,12.16,M,40.34,M,10.0,0907*4F
2021:01:22:13:53:35.318000,1611320015.318,$GPGGA,125335.00,6339.392658,N,01047.010805,E,2,12,0.6,12.15,M,40.34,M,12.0,0907*4C
2021:01:22:13:53:36.318000,1611320016.318,$GPGGA,125336.00,6339.390908,N,01047.005937,E,2,12,0.6,12.14,M,40.34,M,7.0,0907*76
2021:01:22:13:53:37.318000,1611320017.318,$GPGGA,125337.00,6339.389138,N,01047.001120,E,2,12,0.6,12.15,M,40.34,M,8.0,0907*70
2021:01:22:13:53:38.318000,1611320018.318,$GPGGA,125338.00,6339.387351,N,01046.996282,E,2,12,0.6,12.14,M,40.34,M,9.0,0907*71
2021:01:22:13:53:39.318000,1611320019.318,$GPGGA,125339.00,6339.385600,N,01046.991453,E,2,12,0.6,12.16,M,40.34,M,10.0,0907*44
2021:01:22:13:53:40.319000,1611320020.319,$GPGGA,125340.00,6339.383835,N,01046.986648,E,2,12,0.6,12.18,M,40.34,M,6.0,0907*73
2021:01:22:13:53:41.319000,1611320021.319,$GPGGA,125341.00,6339.382042,N,01046.981783,E,2,12,0.6,12.14,M,40.34,M,7.0,0907*77
2021:01:22:13:53:43.319000,1611320023.319,$GPGGA,125343.00,6339.378469,N,01046.972152,E,2,12,0.6,12.12,M,40.34,M,9.0,0907*73
2021:01:22:13:53:44.319000,1611320024.319,$GPGGA,125344.00,6339.376651,N,01046.967412,E,2,12,0.6,12.13,M,40.34,M,10.0,0907*4F
2021:01:22:13:53:45.319000,1611320025.319,$GPGGA,125345.00,6339.374871,N,01046.962539,E,2,12,0.6,12.12,M,40.34,M,11.0,0907*4D
2021:01:22:13:53:46.319000,1611320026.319,$GPGGA,125346.00,6339.373076,N,01046.957672,E,2,12,0.6,12.08,M,40.34,M,7.0,0907*70
2021:01:22:13:53:47.319000,1611320027.319,$GPGGA,125347.00,6339.371271,N,01046.952883,E,2,12,0.6,12.09,M,40.34,M,8.0,0907*7D
2021:01:22:13:53:48.319000,1611320028.319,$GPGGA,125348.00,6339.369470,N,01046.948130,E,2,12,0.6,12.09,M,40.34,M,9.0,0907*77
2021:01:22:13:53:49.319000,1611320029.319,$GPGGA,125349.00,6339.367682,N,01046.943247,E,2,12,0.6,12.07,M,40.34,M,10.0,0907*49
2021:01:22:13:53:51.319000,1611320031.319,$GPGGA,125351.00,6339.364030,N,01046.933708,E,2,12,0.6,12.12,M,40.34,M,6.0,0907*76
2021:01:22:13:53:52.319000,1611320032.319,$GPGGA,125352.00,6339.362222,N,01046.928957,E,2,12,0.6,12.14,M,40.34,M,7.0,0907*7B
2021:01:22:13:53:53.319000,1611320033.319,$GPGGA,125353.00,6339.360405,N,01046.924201,E,2,12,0.6,12.14,M,40.34,M,8.0,0907*70
2021:01:22:13:53:55.320000,1611320035.32,$GPGGA,125355.00,6339.356792,N,01046.914560,E,2,12,0.6,12.14,M,40.34,M,10.0,0907*44
2021:01:22:13:53:56.320000,1611320036.32,$GPGGA,125356.00,6339.354990,N,01046.909756,E,2,12,0.6,12.17,M,40.34,M,11.0,0907*40
2021:01:22:13:53:57.320000,1611320037.32,$GPGGA,125357.00,6339.353187,N,01046.904920,E,2,12,0.6,12.18,M,40.34,M,7.0,0907*72
2021:01:22:13:53:58.320000,1611320038.32,$GPGGA,125358.00,6339.351358,N,01046.900179,E,2,12,0.6,12.18,M,40.34,M,8.0,0907*70
2021:01:22:13:54:00.320000,1611320040.32,$GPGGA,125400.00,6339.347712,N,01046.890571,E,2,12,0.6,12.18,M,40.34,M,10.0,0907*4A
2021:01:22:13:54:01.320000,1611320041.32,$GPGGA,125401.00,6339.345909,N,01046.885790,E,2,12,0.6,12.20,M,40.34,M,11.0,0907*4E
2021:01:22:13:54:03.319000,1611320043.319,$GPGGA,125403.00,6339.342301,N,01046.876059,E,2,12,0.6,12.15,M,40.34,M,7.0,0907*76
2021:01:22:13:54:04.319000,1611320044.319,$GPGGA,125404.00,6339.340506,N,01046.871270,E,2,12,0.6,12.19,M,40.34,M,8.0,0907*7F
2021:01:22:13:54:05.319000,1611320045.319,$GPGGA,125405.00,6339.338665,N,01046.866500,E,2,12,0.6,12.16,M,40.34,M,9.0,0907*7F
2021:01:22:13:54:06.319000,1611320046.319,$GPGGA,125406.00,6339.336868,N,01046.861605,E,2,12,0.6,12.17,M,40.34,M,10.0,0907*49
2021:01:22:13:54:08.319000,1611320048.319,$GPGGA,125408.00,6339.333220,N,01046.852052,E,2,12,0.6,12.14,M,40.34,M,7.0,0907*75
2021:01:22:13:54:09.319000,1611320049.319,$GPGGA,125409.00,6339.331405,N,01046.847188,E,2,12,0.6,12.14,M,40.34,M,8.0,0907*7A
2021:01:22:13:54:10.320000,1611320050.32,$GPGGA,125410.00,6339.329600,N,01046.842388,E,2,12,0.6,12.15,M,40.34,M,9.0,0907*7B
2021:01:22:13:54:11.320000,1611320051.32,$GPGGA,125411.00,6339.327790,N,01046.837524,E,2,12,0.6,12.12,M,40.34,M,10.0,0907*41
2021:01:22:13:54:12.320000,1611320052.32,$GPGGA,125412.00,6339.325978,N,01046.832708,E,2,12,0.6,12.12,M,40.34,M,11.0,0907*40
2021:01:22:13:54:13.320000,1611320053.32,$GPGGA,125413.00,6339.324163,N,01046.827905,E,2,12,0.6,12.14,M,40.34,M,7.0,0907*74
2021:01:22:13:54:14.320000,1611320054.32,$GPGGA,125414.00,6339.322340,N,01046.823075,E,2,12,0.6,12.12,M,40.34,M,8.0,0907*75
2021:01:22:13:54:16.320000,1611320056.32,$GPGGA,125416.00,6339.318724,N,01046.813389,E,2,12,0.6,12.11,M,40.34,M,10.0,0907*41
2021:01:22:13:54:17.320000,1611320057.32,$GPGGA,125417.00,6339.316920,N,01046.808548,E,2,12,0.6,12.11,M,40.34,M,11.0,0907*44
2021:01:22:13:54:18.320000,1611320058.32,$GPGGA,125418.00,6339.315111,N,01046.803723,E,2,12,0.6,12.11,M,40.34,M,12.0,0907*45
2021:01:22:13:54:20.320000,1611320060.32,$GPGGA,125420.00,6339.311515,N,01046.793974,E,2,12,0.6,12.11,M,40.34,M,14.0,0907*46
2021:01:22:13:54:21.320000,1611320061.32,$GPGGA,125421.00,6339.309736,N,01046.789104,E,2,12,0.6,12.16,M,40.34,M,15.0,0907*4F
2021:01:22:13:54:22.320000,1611320062.32,$GPGGA,125422.00,6339.307934,N,01046.784271,E,2,12,0.6,12.14,M,40.34,M,16.0,0907*43
2021:01:22:13:54:23.320000,1611320063.32,$GPGGA,125423.00,6339.306133,N,01046.779448,E,2,12,0.6,12.16,M,40.34,M,11.0,0907*47
2021:01:22:13:54:24.321000,1611320064.321,$GPGGA,125424.00,6339.304320,N,01046.774558,E,2,12,0.6,12.14,M,40.34,M,12.0,0907*4E
2021:01:22:13:54:25.321000,1611320065.321,$GPGGA,125425.00,6339.302536,N,01046.769703,E,2,12,0.6,12.14,M,40.34,M,13.0,0907*49
2021:01:22:13:54:26.321000,1611320066.321,$GPGGA,125426.00,6339.300716,N,01046.764902,E,2,12,0.6,12.17,M,40.34,M,14.0,0907*4E
2021:01:22:13:54:28.321000,1611320068.321,$GPGGA,125428.00,6339.297084,N,01046.755216,E,2,12,0.6,12.15,M,40.34,M,6.0,0907*7E
2021:01:22:13:54:29.321000,1611320069.321,$GPGGA,125429.00,6339.295261,N,01046.750450,E,2,12,0.6,12.17,M,40.34,M,7.0,0907*76
2021:01:22:13:54:30.321000,1611320070.321,$GPGGA,125430.00,6339.293416,N,01046.745653,E,2,12,0.6,12.14,M,40.34,M,8.0,0907*77
2021:01:22:13:54:31.321000,1611320071.321,$GPGGA,125431.00,6339.291614,N,01046.740815,E,2,12,0.6,12.14,M,40.34,M,9.0,0907*7C
2021:01:22:13:54:32.321000,1611320072.321,$GPGGA,125432.00,6339.289787,N,01046.736030,E,2,12,0.6,12.14,M,40.34,M,10.0,0907*4B
2021:01:22:13:54:33.321000,1611320073.321,$GPGGA,125433.00,6339.288006,N,01046.731195,E,2,12,0.6,12.17,M,40.34,M,11.0,0907*4E
2021:01:22:13:54:34.321000,1611320074.321,$GPGGA,125434.00,6339.286185,N,01046.726386,E,2,12,0.6,12.15,M,40.34,M,7.0,0907*7E
2021:01:22:13:54:35.320000,1611320075.32,$GPGGA,125435.00,6339.284418,N,01046.721466,E,2,12,0.6,12.14,M,40.34,M,8.0,0907*7C
2021:01:22:13:54:36.320000,1611320076.32,$GPGGA,125436.00,6339.282640,N,01046.716584,E,2,12,0.6,12.17,M,40.34,M,9.0,0907*7D
2021:01:22:13:54:37.320000,1611320077.32,$GPGGA,125437.00,6339.280820,N,01046.711851,E,2,12,0.6,12.17,M,40.34,M,10.0,0907*4C
2021:01:22:13:54:38.320000,1611320078.32,$GPGGA,125438.00,6339.279000,N,01046.707010,E,2,12,0.6,12.19,M,40.34,M,11.0,0907*4A
2021:01:22:13:54:39.321000,1611320079.321,$GPGGA,125439.00,6339.277190,N,01046.702181,E,2,12,0.6,12.15,M,40.34,M,12.0,0907*4E
2021:01:22:13:54:40.321000,1611320080.321,$GPGGA,125440.00,6339.275396,N,01046.697294,E,2,12,0.6,12.16,M,40.35,M,7.0,0907*7A
2021:01:22:13:54:41.321000,1611320081.321,$GPGGA,125441.00,6339.273590,N,01046.692542,E,2,12,0.6,12.18,M,40.35,M,8.0,0907*75
2021:01:22:13:54:42.321000,1611320082.321,$GPGGA,125442.00,6339.271776,N,01046.687669,E,2,12,0.6,12.20,M,40.35,M,9.0,0907*7A
2021:01:22:13:54:43.321000,1611320083.321,$GPGGA,125443.00,6339.269989,N,01046.682791,E,2,12,0.6,12.21,M,40.35,M,10.0,0907*46
2021:01:22:13:54:44.321000,1611320084.321,$GPGGA,125444.00,6339.268215,N,01046.677924,E,2,12,0.6,12.22,M,40.35,M,6.0,0907*70
2021:01:22:13:54:45.321000,1611320085.321,$GPGGA,125445.00,6339.266433,N,01046.673017,E,2,12,0.6,12.22,M,40.35,M,7.0,0907*71
2021:01:22:13:54:46.321000,1611320086.321,$GPGGA,125446.00,6339.264644,N,01046.668152,E,2,12,0.6,12.24,M,40.35,M,8.0,0907*71
2021:01:22:13:54:47.321000,1611320087.321,$GPGGA,125447.00,6339.262808,N,01046.663403,E,2,12,0.6,12.24,M,40.35,M,9.0,0907*7B
2021:01:22:13:54:48.321000,1611320088.321,$GPGGA,125448.00,6339.261019,N,01046.658547,E,2,12,0.6,12.27,M,40.35,M,10.0,0907*4D
2021:01:22:13:54:49.321000,1611320089.321,$GPGGA,125449.00,6339.259217,N,01046.653724,E,2,12,0.6,12.27,M,40.35,M,11.0,0907*46
2021:01:22:13:54:50.321000,1611320090.321,$GPGGA,125450.00,6339.257413,N,01046.648885,E,2,12,0.6,12.20,M,40.35,M,7.0,0907*7C
2021:01:22:13:54:51.321000,1611320091.321,$GPGGA,125451.00,6339.255641,N,01046.644052,E,2,12,0.6,12.24,M,40.35,M,8.0,0907*7F
2021:01:22:13:54:52.321000,1611320092.321,$GPGGA,125452.00,6339.253831,N,01046.639258,E,2,12,0.6,12.24,M,40.35,M,9.0,0907*70
2021:01:22:13:54:53.321000,1611320093.321,$GPGGA,125453.00,6339.252058,N,01046.634382,E,2,12,0.6,12.27,M,40.35,M,10.0,0907*47
2021:01:22:13:54:54.322000,1611320094.322,$GPGGA,125454.00,6339.250271,N,01046.629540,E,2,12,0.6,12.24,M,40.35,M,6.0,0907*7B
2021:01:22:13:54:55.322000,1611320095.322,$GPGGA,125455.00,6339.248476,N,01046.624740,E,2,12,0.6,12.23,M,40.35,M,7.0,0907*7B
2021:01:22:13:54:56.322000,1611320096.322,$GPGGA,125456.00,6339.246688,N,01046.619888,E,2,12,0.6,12.23,M,40.35,M,8.0,0907*7F
2021:01:22:13:54:57.322000,1611320097.322,$GPGGA,125457.00,6339.244859,N,01046.615146,E,2,12,0.6,12.23,M,40.35,M,9.0,0907*78
2021:01:22:13:54:58.322000,1611320098.322,$GPGGA,125458.00,6339.243027,N,01046.610363,E,2,12,0.6,12.22,M,40.35,M,10.0,0907*48
2021:01:22:13:54:59.322000,1611320099.322,$GPGGA,125459.00,6339.241248,N,01046.605521,E,2,12,0.6,12.21,M,40.35,M,11.0,0907*46
2021:01:22:13:55:00.322000,1611320100.322,$GPGGA,125500.00,6339.239464,N,01046.600701,E,2,12,0.6,12.20,M,40.35,M,7.0,0907*7F
2021:01:22:13:55:01.322000,1611320101.322,$GPGGA,125501.00,6339.237677,N,01046.595873,E,2,12,0.6,12.19,M,40.35,M,8.0,0907*70
2021:01:22:13:55:02.322000,1611320102.322,$GPGGA,125502.00,6339.235877,N,01046.591022,E,2,12,0.6,12.18,M,40.35,M,9.0,0907*77
2021:01:22:13:55:03.322000,1611320103.322,$GPGGA,125503.00,6339.234079,N,01046.586211,E,2,12,0.6,12.18,M,40.35,M,10.0,0907*4D
2021:01:22:13:55:04.322000,1611320104.322,$GPGGA,125504.00,6339.232295,N,01046.581407,E,2,12,0.6,12.21,M,40.35,M,5.0,0907*74
2021:01:22:13:55:06.321000,1611320106.321,$GPGGA,125506.00,6339.228720,N,01046.571645,E,2,12,0.6,12.18,M,40.35,M,7.0,0907*75
2021:01:22:13:55:07.321000,1611320107.321,$GPGGA,125507.00,6339.226938,N,01046.566755,E,2,12,0.6,12.17,M,40.35,M,8.0,0907*7B
2021:01:22:13:55:08.321000,1611320108.321,$GPGGA,125508.00,6339.225176,N,01046.561911,E,2,12,0.6,12.23,M,40.35,M,9.0,0907*7A
2021:01:22:13:55:10.322000,1611320110.322,$GPGGA,125510.00,6339.221572,N,01046.552112,E,2,12,0.6,12.14,M,40.35,M,11.0,0907*41
2021:01:22:13:55:11.322000,1611320111.322,$GPGGA,125511.00,6339.219812,N,01046.547203,E,2,12,0.6,12.17,M,40.35,M,7.0,0907*73
2021:01:22:13:55:12.322000,1611320112.322,$GPGGA,125512.00,6339.218010,N,01046.542475,E,2,12,0.6,12.19,M,40.35,M,8.0,0907*78
2021:01:22:13:55:13.322000,1611320113.322,$GPGGA,125513.00,6339.216198,N,01046.537610,E,2,12,0.6,12.19,M,40.35,M,4.0,0907*79
2021:01:22:13:55:14.322000,1611320114.322,$GPGGA,125514.00,6339.214449,N,01046.532625,E,2,12,0.6,12.20,M,40.35,M,5.0,0907*7D
2021:01:22:13:55:15.322000,1611320115.322,$GPGGA,125515.00,6339.212650,N,01046.527846,E,2,12,0.6,12.20,M,40.35,M,6.0,0907*7C
2021:01:22:13:55:16.322000,1611320116.322,$GPGGA,125516.00,6339.210852,N,01046.523048,E,2,12,0.6,12.23,M,40.35,M,7.0,0907*71
2021:01:22:13:55:18.322000,1611320118.322,$GPGGA,125518.00,6339.207265,N,01046.513272,E,2,12,0.6,12.23,M,40.35,M,9.0,0907*71
2021:01:22:13:55:19.322000,1611320119.322,$GPGGA,125519.00,6339.205464,N,01046.508445,E,2,12,0.6,12.22,M,40.35,M,10.0,0907*44
2021:01:22:13:55:20.322000,1611320120.322,$GPGGA,125520.00,6339.203675,N,01046.503606,E,2,12,0.6,12.24,M,40.35,M,11.0,0907*43
2021:01:22:13:55:21.322000,1611320121.322,$GPGGA,125521.00,6339.201869,N,01046.498786,E,2,12,0.6,12.24,M,40.35,M,7.0,0907*7E
2021:01:22:13:55:22.323000,1611320122.323,$GPGGA,125522.00,6339.200042,N,01046.494016,E,2,12,0.6,12.21,M,40.35,M,8.0,0907*75
2021:01:22:13:55:23.322000,1611320123.322,$GPGGA,125523.00,6339.198300,N,01046.489057,E,2,12,0.6,12.23,M,40.35,M,9.0,0907*79
2021:01:22:13:55:24.323000,1611320124.323,$GPGGA,125524.00,6339.196519,N,01046.484229,E,2,12,0.6,12.24,M,40.35,M,10.0,0907*47
2021:01:22:13:55:26.323000,1611320126.323,$GPGGA,125526.00,6339.192914,N,01046.474560,E,2,12,0.6,12.22,M,40.35,M,12.0,0907*41
2021:01:22:13:55:27.323000,1611320127.323,$GPGGA,125527.00,6339.191134,N,01046.469692,E,2,12,0.6,12.25,M,40.35,M,13.0,0907*4D
2021:01:22:13:55:28.323000,1611320128.323,$GPGGA,125528.00,6339.189360,N,01046.464864,E,2,12,0.6,12.26,M,40.35,M,14.0,0907*46
2021:01:22:13:55:30.323000,1611320130.323,$GPGGA,125530.00,6339.185735,N,01046.455234,E,2,12,0.6,12.23,M,40.35,M,16.0,0907*4D
2021:01:22:13:55:31.323000,1611320131.323,$GPGGA,125531.00,6339.183912,N,01046.450421,E,2,12,0.6,12.19,M,40.35,M,12.0,0907*4B
2021:01:22:13:55:32.323000,1611320132.323,$GPGGA,125532.00,6339.182143,N,01046.445614,E,2,12,0.6,12.23,M,40.35,M,13.0,0907*4D
2021:01:22:13:55:33.323000,1611320133.323,$GPGGA,125533.00,6339.180325,N,01046.440840,E,2,12,0.6,12.21,M,40.35,M,14.0,0907*43
2021:01:22:13:55:34.323000,1611320134.323,$GPGGA,125534.00,6339.178528,N,01046.435923,E,2,12,0.6,12.17,M,40.35,M,15.0,0907*4A
2021:01:22:13:55:35.323000,1611320135.323,$GPGGA,125535.00,6339.176749,N,01046.431078,E,2,12,0.6,12.20,M,40.35,M,10.0,0907*42
2021:01:22:13:55:36.322000,1611320136.322,$GPGGA,125536.00,6339.174902,N,01046.426360,E,2,12,0.6,12.20,M,40.35,M,11.0,0907*4F
2021:01:22:13:55:37.322000,1611320137.322,$GPGGA,125537.00,6339.173076,N,01046.421547,E,2,12,0.6,12.21,M,40.35,M,12.0,0907*45
2021:01:22:13:55:38.324000,1611320138.324,$GPGGA,125538.00,6339.171227,N,01046.416785,E,2,12,0.6,12.19,M,40.35,M,13.0,0907*4C
2021:01:22:13:55:39.323000,1611320139.323,$GPGGA,125539.00,6339.169397,N,01046.411990,E,2,12,0.6,12.18,M,40.35,M,14.0,0907*45
2021:01:22:13:55:40.323000,1611320140.323,$GPGGA,125540.00,6339.167600,N,01046.407159,E,2,12,0.6,12.18,M,40.35,M,15.0,0907*45
2021:01:22:13:55:41.323000,1611320141.323,$GPGGA,125541.00,6339.165784,N,01046.402371,E,2,12,0.6,12.20,M,40.35,M,11.0,0907*49
2021:01:22:13:55:42.323000,1611320142.323,$GPGGA,125542.00,6339.163943,N,01046.397600,E,2,12,0.6,12.20,M,40.35,M,12.0,0907*42
2021:01:22:13:55:43.323000,1611320143.323,$GPGGA,125543.00,6339.162118,N,01046.392777,E,2,12,0.6,12.19,M,40.35,M,13.0,0907*4B
2021:01:22:13:55:44.323000,1611320144.323,$GPGGA,125544.00,6339.160282,N,01046.388012,E,2,12,0.6,12.18,M,40.35,M,9.0,0907*7B
2021:01:22:13:55:45.323000,1611320145.323,$GPGGA,125545.00,6339.158494,N,01046.383114,E,2,12,0.6,12.18,M,40.35,M,10.0,0907*44
2021:01:22:13:55:46.323000,1611320146.323,$GPGGA,125546.00,6339.156685,N,01046.378331,E,2,12,0.6,12.18,M,40.35,M,11.0,0907*4B
2021:01:22:13:55:47.323000,1611320147.323,$GPGGA,125547.00,6339.154865,N,01046.373488,E,2,12,0.6,12.19,M,40.35,M,6.0,0907*71
2021:01:22:13:55:48.323000,1611320148.323,$GPGGA,125548.00,6339.153042,N,01046.368645,E,2,12,0.6,12.15,M,40.35,M,7.0,0907*70
2021:01:22:13:55:49.323000,1611320149.323,$GPGGA,125549.00,6339.151256,N,01046.363791,E,2,12,0.6,12.15,M,40.35,M,8.0,0907*78
2021:01:22:13:55:50.323000,1611320150.323,$GPGGA,125550.00,6339.149498,N,01046.358860,E,2,12,0.6,12.19,M,40.35,M,9.0,0907*79
2021:01:22:13:55:51.323000,1611320151.323,$GPGGA,125551.00,6339.147664,N,01046.354046,E,2,12,0.6,12.18,M,40.35,M,5.0,0907*7A
2021:01:22:13:55:52.323000,1611320152.323,$GPGGA,125552.00,6339.145868,N,01046.349158,E,2,12,0.6,12.17,M,40.35,M,6.0,0907*77
2021:01:22:13:55:53.324000,1611320153.324,$GPGGA,125553.00,6339.144039,N,01046.344390,E,2,12,0.6,12.18,M,40.35,M,7.0,0907*7E
2021:01:22:13:55:54.324000,1611320154.324,$GPGGA,125554.00,6339.142252,N,01046.339520,E,2,12,0.6,12.19,M,40.36,M,8.0,0907*7A
2021:01:22:13:55:55.324000,1611320155.324,$GPGGA,125555.00,6339.140443,N,01046.334666,E,2,12,0.6,12.18,M,40.36,M,9.0,0907*73
2021:01:22:13:55:56.324000,1611320156.324,$GPGGA,125556.00,6339.138642,N,01046.329789,E,2,12,0.6,12.19,M,40.36,M,10.0,0907*49
2021:01:22:13:55:57.324000,1611320157.324,$GPGGA,125557.00,6339.136801,N,01046.324997,E,2,12,0.6,12.17,M,40.36,M,11.0,0907*4C
2021:01:22:13:55:58.324000,1611320158.324,$GPGGA,125558.00,6339.134992,N,01046.320225,E,2,12,0.6,12.21,M,40.36,M,12.0,0907*4A
2021:01:22:13:55:59.324000,1611320159.324,$GPGGA,125559.00,6339.133182,N,01046.315358,E,2,12,0.6,12.20,M,40.36,M,13.0,0907*48
2021:01:22:13:56:00.324000,1611320160.324,$GPGGA,125600.00,6339.131346,N,01046.310541,E,2,12,0.6,12.17,M,40.36,M,9.0,0907*7B
2021:01:22:13:56:01.324000,1611320161.324,$GPGGA,125601.00,6339.129533,N,01046.305756,E,2,12,0.6,12.20,M,40.36,M,10.0,0907*4B
2021:01:22:13:56:02.324000,1611320162.324,$GPGGA,125602.00,6339.127681,N,01046.300999,E,2,12,0.6,12.18,M,40.36,M,11.0,0907*4E
2021:01:22:13:56:03.324000,1611320163.324,$GPGGA,125603.00,6339.125860,N,01046.296207,E,2,12,0.6,12.15,M,40.36,M,12.0,0907*40
2021:01:22:13:56:04.324000,1611320164.324,$GPGGA,125604.00,6339.124050,N,01046.291373,E,2,12,0.6,12.15,M,40.36,M,6.0,0907*7D
2021:01:22:13:56:05.324000,1611320165.324,$GPGGA,125605.00,6339.122228,N,01046.286537,E,2,12,0.6,12.14,M,40.36,M,7.0,0907*77
2021:01:22:13:56:06.324000,1611320166.324,$GPGGA,125606.00,6339.120418,N,01046.281718,E,2,12,0.6,12.14,M,40.36,M,8.0,0907*74
2021:01:22:13:56:08.324000,1611320168.324,$GPGGA,125608.00,6339.116723,N,01046.272202,E,2,12,0.6,12.19,M,40.36,M,5.0,0907*76
2021:01:22:13:56:09.324000,1611320169.324,$GPGGA,125609.00,6339.114862,N,01046.267463,E,2,12,0.6,12.20,M,40.36,M,6.0,0907*73
2021:01:22:13:56:10.324000,1611320170.324,$GPGGA,125610.00,6339.113040,N,01046.262615,E,2,12,0.6,12.15,M,40.36,M,7.0,0907*75
2021:01:22:13:56:11.324000,1611320171.324,$GPGGA,125611.00,6339.111239,N,01046.257735,E,2,12,0.6,12.12,M,40.36,M,8.0,0907*77
2021:01:22:13:56:12.324000,1611320172.324,$GPGGA,125612.00,6339.109470,N,01046.252865,E,2,12,0.6,12.16,M,40.36,M,9.0,0907*7C
2021:01:22:13:56:13.324000,1611320173.324,$GPGGA,125613.00,6339.107631,N,01046.248082,E,2,12,0.6,12.18,M,40.36,M,10.0,0907*48
2021:01:22:13:56:14.324000,1611320174.324,$GPGGA,125614.00,6339.105852,N,01046.243177,E,2,12,0.6,12.17,M,40.36,M,6.0,0907*7E
2021:01:22:13:56:16.324000,1611320176.324,$GPGGA,125616.00,6339.102273,N,01046.233481,E,2,12,0.6,12.14,M,40.36,M,8.0,0907*74
2021:01:22:13:56:17.324000,1611320177.324,$GPGGA,125617.00,6339.100470,N,01046.228647,E,2,12,0.6,12.15,M,40.36,M,9.0,0907*70
2021:01:22:13:56:18.324000,1611320178.324,$GPGGA,125618.00,6339.098664,N,01046.223808,E,2,12,0.6,12.14,M,40.36,M,10.0,0907*4F
2021:01:22:13:56:20.324000,1611320180.324,$GPGGA,125620.00,6339.095025,N,01046.214160,E,2,12,0.6,12.13,M,40.36,M,12.0,0907*4C
2021:01:22:13:56:21.324000,1611320181.324,$GPGGA,125621.00,6339.093228,N,01046.209322,E,2,12,0.6,12.20,M,40.36,M,7.0,0907*78
2021:01:22:13:56:22.325000,1611320182.325,$GPGGA,125622.00,6339.091425,N,01046.204462,E,2,12,0.6,12.16,M,40.36,M,8.0,0907*76
2021:01:22:13:56:23.325000,1611320183.325,$GPGGA,125623.00,6339.089625,N,01046.199639,E,2,12,0.6,12.15,M,40.36,M,9.0,0907*75
2021:01:22:13:56:24.325000,1611320184.325,$GPGGA,125624.00,6339.087809,N,01046.194823,E,2,12,0.6,12.16,M,40.36,M,10.0,0907*4F
2021:01:22:13:56:25.325000,1611320185.325,$GPGGA,125625.00,6339.085979,N,01046.190075,E,2,12,0.6,12.17,M,40.36,M,11.0,0907*45
2021:01:22:13:56:26.325000,1611320186.325,$GPGGA,125626.00,6339.084166,N,01046.185256,E,2,12,0.6,12.16,M,40.36,M,12.0,0907*44
2021:01:22:13:56:28.325000,1611320188.325,$GPGGA,125628.00,6339.080517,N,01046.175634,E,2,12,0.6,12.11,M,40.36,M,9.0,0907*7E
2021:01:22:13:56:29.325000,1611320189.325,$GPGGA,125629.00,6339.078692,N,01046.170883,E,2,12,0.6,12.13,M,40.36,M,10.0,0907*4B
2021:01:22:13:56:30.325000,1611320190.325,$GPGGA,125630.00,6339.076859,N,01046.166111,E,2,12,0.6,12.14,M,40.36,M,11.0,0907*47
2021:01:22:13:56:31.325000,1611320191.325,$GPGGA,125631.00,6339.075048,N,01046.161232,E,2,12,0.6,12.14,M,40.36,M,7.0,0907*7F
2021:01:22:13:56:32.325000,1611320192.325,$GPGGA,125632.00,6339.073255,N,01046.156369,E,2,12,0.6,12.12,M,40.36,M,8.0,0907*76
2021:01:22:13:56:33.325000,1611320193.325,$GPGGA,125633.00,6339.071476,N,01046.151527,E,2,12,0.6,12.15,M,40.36,M,9.0,0907*7F
2021:01:22:13:56:34.325000,1611320194.325,$GPGGA,125634.00,6339.069650,N,01046.146723,E,2,12,0.6,12.16,M,40.36,M,10.0,0907*4C
2021:01:22:13:56:36.325000,1611320196.325,$GPGGA,125636.00,6339.066002,N,01046.137134,E,2,12,0.6,12.15,M,40.36,M,12.0,0907*47
2021:01:22:13:56:37.326000,1611320197.326,$GPGGA,125637.00,6339.064181,N,01046.132379,E,2,12,0.6,12.16,M,40.36,M,7.0,0907*77
2021:01:22:13:56:38.326000,1611320198.326,$GPGGA,125638.00,6339.062395,N,01046.127524,E,2,12,0.6,12.19,M,40.36,M,8.0,0907*73
2021:01:22:13:56:39.326000,1611320199.326,$GPGGA,125639.00,6339.060556,N,01046.122771,E,2,12,0.6,12.14,M,40.36,M,9.0,0907*72
2021:01:22:13:56:40.325000,1611320200.325,$GPGGA,125640.00,6339.058722,N,01046.117990,E,2,12,0.6,12.15,M,40.36,M,10.0,0907*48
2021:01:22:13:56:41.325000,1611320201.325,$GPGGA,125641.00,6339.056884,N,01046.113229,E,2,12,0.6,12.14,M,40.36,M,11.0,0907*49
2021:01:22:13:56:42.325000,1611320202.325,$GPGGA,125642.00,6339.055081,N,01046.108436,E,2,12,0.6,12.13,M,40.36,M,12.0,0907*42
2021:01:22:13:56:43.325000,1611320203.325,$GPGGA,125643.00,6339.053311,N,01046.103516,E,2,12,0.6,12.15,M,40.36,M,13.0,0907*40
2021:01:22:13:56:44.325000,1611320204.325,$GPGGA,125644.00,6339.051510,N,01046.098709,E,2,12,0.6,12.18,M,40.36,M,14.0,0907*47
2021:01:22:13:56:45.325000,1611320205.325,$GPGGA,125645.00,6339.049708,N,01046.093893,E,2,12,0.6,12.20,M,40.36,M,5.0,0907*78
2021:01:22:13:56:46.325000,1611320206.325,$GPGGA,125646.00,6339.047930,N,01046.088999,E,2,12,0.6,12.20,M,40.36,M,6.0,0907*72
2021:01:22:13:56:47.325000,1611320207.325,$GPGGA,125647.00,6339.046163,N,01046.084113,E,2,12,0.6,12.19,M,40.36,M,7.0,0907*71
2021:01:22:13:56:48.325000,1611320208.325,$GPGGA,125648.00,6339.044394,N,01046.079280,E,2,12,0.6,12.19,M,40.36,M,8.0,0907*72
2021:01:22:13:56:49.325000,1611320209.325,$GPGGA,125649.00,6339.042630,N,01046.074396,E,2,12,0.6,12.20,M,40.36,M,9.0,0907*7E
2021:01:22:13:56:50.325000,1611320210.325,$GPGGA,125650.00,6339.040850,N,01046.069530,E,2,12,0.6,12.19,M,40.36,M,10.0,0907*48
2021:01:22:13:56:51.326000,1611320211.326,$GPGGA,125651.00,6339.039059,N,01046.064670,E,2,12,0.6,12.19,M,40.36,M,6.0,0907*7B
2021:01:22:13:56:52.326000,1611320212.326,$GPGGA,125652.00,6339.037297,N,01046.059821,E,2,12,0.6,12.19,M,40.36,M,7.0,0907*73
2021:01:22:13:56:53.326000,1611320213.326,$GPGGA,125653.00,6339.035507,N,01046.054984,E,2,12,0.6,12.17,M,40.36,M,8.0,0907*7C
2021:01:22:13:56:54.326000,1611320214.326,$GPGGA,125654.00,6339.033732,N,01046.050099,E,2,12,0.6,12.14,M,40.36,M,9.0,0907*7A
2021:01:22:13:56:55.326000,1611320215.326,$GPGGA,125655.00,6339.031939,N,01046.045322,E,2,12,0.6,12.12,M,40.36,M,5.0,0907*71
2021:01:22:13:56:56.326000,1611320216.326,$GPGGA,125656.00,6339.030146,N,01046.040523,E,2,12,0.6,12.12,M,40.36,M,6.0,0907*72
2021:01:22:13:56:57.326000,1611320217.326,$GPGGA,125657.00,6339.028376,N,01046.035617,E,2,12,0.6,12.12,M,40.36,M,7.0,0907*7C
2021:01:22:13:56:58.326000,1611320218.326,$GPGGA,125658.00,6339.026601,N,01046.030770,E,2,12,0.6,12.11,M,40.36,M,8.0,0907*71
2021:01:22:13:56:59.326000,1611320219.326,$GPGGA,125659.00,6339.024780,N,01046.026013,E,2,12,0.6,12.10,M,40.36,M,9.0,0907*7F
2021:01:22:13:57:00.326000,1611320220.326,$GPGGA,125700.00,6339.023004,N,01046.021211,E,2,12,0.6,12.10,M,40.36,M,10.0,0907*41
2021:01:22:13:57:01.326000,1611320221.326,$GPGGA,125701.00,6339.021193,N,01046.016410,E,2,12,0.6,12.14,M,40.36,M,5.0,0907*7E
2021:01:22:13:57:02.326000,1611320222.326,$GPGGA,125702.00,6339.019395,N,01046.011603,E,2,12,0.6,12.14,M,40.36,M,6.0,0907*76
2021:01:22:13:57:03.326000,1611320223.326,$GPGGA,125703.00,6339.017644,N,01046.006742,E,2,12,0.6,12.18,M,40.36,M,7.0,0907*7F
2021:01:22:13:57:04.326000,1611320224.326,$GPGGA,125704.00,6339.015862,N,01046.001916,E,2,12,0.6,12.17,M,40.36,M,8.0,0907*78
2021:01:22:13:57:06.327000,1611320226.327,$GPGGA,125706.00,6339.012332,N,01045.992245,E,2,12,0.6,12.18,M,40.36,M,10.0,0907*48
2021:01:22:13:57:07.327000,1611320227.327,$GPGGA,125707.00,6339.010572,N,01045.987388,E,2,12,0.6,12.20,M,40.36,M,11.0,0907*47
2021:01:22:13:57:08.326000,1611320228.326,$GPGGA,125708.00,6339.008809,N,01045.982541,E,2,12,0.6,12.21,M,40.37,M,7.0,0907*71
2021:01:22:13:57:10.326000,1611320230.326,$GPGGA,125710.00,6339.005244,N,01045.972911,E,2,12,0.6,12.21,M,40.37,M,9.0,0907*7E
2021:01:22:13:57:11.326000,1611320231.326,$GPGGA,125711.00,6339.003449,N,01045.968173,E,2,12,0.6,12.23,M,40.37,M,10.0,0907*4F
2021:01:22:13:57:12.326000,1611320232.326,$GPGGA,125712.00,6339.001662,N,01045.963364,E,2,12,0.6,12.23,M,40.37,M,6.0,0907*7D
2021:01:22:13:57:13.326000,1611320233.326,$GPGGA,125713.00,6338.999897,N,01045.958532,E,2,12,0.6,12.23,M,40.37,M,7.0,0907*7D
2021:01:22:13:57:14.326000,1611320234.326,$GPGGA,125714.00,6338.998128,N,01045.953672,E,2,12,0.6,12.22,M,40.37,M,8.0,0907*74
2021:01:22:13:57:15.326000,1611320235.326,$GPGGA,125715.00,6338.996359,N,01045.948846,E,2,12,0.6,12.24,M,40.37,M,9.0,0907*7B
2021:01:22:13:57:16.326000,1611320236.326,$GPGGA,125716.00,6338.994567,N,01045.944040,E,2,12,0.6,12.23,M,40.37,M,10.0,0907*4C
2021:01:22:13:57:18.326000,1611320238.326,$GPGGA,125718.00,6338.991010,N,01045.934437,E,2,12,0.6,12.21,M,40.37,M,7.0,0907*75
2021:01:22:13:57:19.326000,1611320239.326,$GPGGA,125719.00,6338.989272,N,01045.929557,E,2,12,0.6,12.22,M,40.37,M,8.0,0907*7C
2021:01:22:13:57:20.326000,1611320240.326,$GPGGA,125720.00,6338.987542,N,01045.924654,E,2,12,0.6,12.22,M,40.37,M,9.0,0907*70
2021:01:22:13:57:21.327000,1611320241.327,$GPGGA,125721.00,6338.985800,N,01045.919730,E,2,12,0.6,12.20,M,40.37,M,10.0,0907*4F
2021:01:22:13:57:22.327000,1611320242.327,$GPGGA,125722.00,6338.984054,N,01045.914907,E,2,12,0.6,12.20,M,40.37,M,11.0,0907*42
2021:01:22:13:57:23.327000,1611320243.327,$GPGGA,125723.00,6338.982298,N,01045.910055,E,2,12,0.6,12.21,M,40.37,M,12.0,0907*4F
2021:01:22:13:57:24.327000,1611320244.327,$GPGGA,125724.00,6338.980564,N,01045.905158,E,2,12,0.6,12.21,M,40.37,M,13.0,0907*47
2021:01:22:13:57:26.327000,1611320246.327,$GPGGA,125726.00,6338.977056,N,01045.895454,E,2,12,0.6,12.22,M,40.37,M,15.0,0907*4D
2021:01:22:13:57:27.327000,1611320247.327,$GPGGA,125727.00,6338.975297,N,01045.890628,E,2,12,0.6,12.21,M,40.37,M,16.0,0907*4D
2021:01:22:13:57:28.327000,1611320248.327,$GPGGA,125728.00,6338.973557,N,01045.885695,E,2,12,0.6,12.21,M,40.37,M,17.0,0907*4C
2021:01:22:13:57:30.327000,1611320250.327,$GPGGA,125730.00,6338.970117,N,01045.875982,E,2,12,0.6,12.26,M,40.37,M,19.0,0907*49
2021:01:22:13:57:31.327000,1611320251.327,$GPGGA,125731.00,6338.968366,N,01045.871088,E,2,12,0.6,12.24,M,40.37,M,20.0,0907*4A
2021:01:22:13:57:32.327000,1611320252.327,$GPGGA,125732.00,6338.966630,N,01045.866261,E,2,12,0.6,12.24,M,40.37,M,8.0,0907*78
2021:01:22:13:57:33.327000,1611320253.327,$GPGGA,125733.00,6338.964862,N,01045.861497,E,2,12,0.6,12.23,M,40.37,M,9.0,0907*7C
2021:01:22:13:57:34.327000,1611320254.327,$GPGGA,125734.00,6338.963089,N,01045.856746,E,2,12,0.6,12.23,M,40.37,M,10.0,0907*42
2021:01:22:13:57:35.328000,1611320255.328,$GPGGA,125735.00,6338.961331,N,01045.851985,E,2,12,0.6,12.22,M,40.37,M,6.0,0907*71
2021:01:22:13:57:36.328000,1611320256.328,$GPGGA,125736.00,6338.959568,N,01045.847179,E,2,12,0.6,12.21,M,40.37,M,7.0,0907*7D
2021:01:22:13:57:38.328000,1611320258.328,$GPGGA,125738.00,6338.956064,N,01045.837635,E,2,12,0.6,12.23,M,40.37,M,9.0,0907*71
2021:01:22:13:57:39.328000,1611320259.328,$GPGGA,125739.00,6338.954296,N,01045.832847,E,2,12,0.6,12.24,M,40.37,M,10.0,0907*4C
2021:01:22:13:57:40.328000,1611320260.328,$GPGGA,125740.00,6338.952519,N,01045.828062,E,2,12,0.6,12.23,M,40.37,M,11.0,0907*46
2021:01:22:13:57:41.327000,1611320261.327,$GPGGA,125741.00,6338.950756,N,01045.823328,E,2,12,0.6,12.23,M,40.37,M,12.0,0907*49
2021:01:22:13:57:42.327000,1611320262.327,$GPGGA,125742.00,6338.948977,N,01045.818609,E,2,12,0.6,12.24,M,40.37,M,8.0,0907*7C
2021:01:22:13:57:43.327000,1611320263.327,$GPGGA,125743.00,6338.947211,N,01045.813830,E,2,12,0.6,12.23,M,40.37,M,9.0,0907*70
2021:01:22:13:57:44.327000,1611320264.327,$GPGGA,125744.00,6338.945454,N,01045.809047,E,2,12,0.6,12.23,M,40.37,M,10.0,0907*49
2021:01:22:13:57:45.327000,1611320265.327,$GPGGA,125745.00,6338.943685,N,01045.804293,E,2,12,0.6,12.21,M,40.37,M,6.0,0907*73
2021:01:22:13:57:46.327000,1611320266.327,$GPGGA,125746.00,6338.941891,N,01045.799586,E,2,12,0.6,12.19,M,40.37,M,7.0,0907*7B
2021:01:22:13:57:47.327000,1611320267.327,$GPGGA,125747.00,6338.940121,N,01045.794820,E,2,12,0.6,12.18,M,40.37,M,8.0,0907*7B
2021:01:22:13:57:48.327000,1611320268.327,$GPGGA,125748.00,6338.938361,N,01045.790039,E,2,12,0.6,12.17,M,40.37,M,9.0,0907*77
2021:01:22:13:57:49.327000,1611320269.327,$GPGGA,125749.00,6338.936576,N,01045.785306,E,2,12,0.6,12.18,M,40.37,M,10.0,0907*44
2021:01:22:13:57:50.328000,1611320270.328,$GPGGA,125750.00,6338.934758,N,01045.780597,E,2,12,0.6,12.17,M,40.37,M,11.0,0907*45
2021:01:22:13:57:51.328000,1611320271.328,$GPGGA,125751.00,6338.932935,N,01045.775968,E,2,12,0.6,12.16,M,40.37,M,12.0,0907*43
2021:01:22:13:57:52.328000,1611320272.328,$GPGGA,125752.00,6338.931127,N,01045.771279,E,2,12,0.6,12.15,M,40.37,M,7.0,0907*70
2021:01:22:13:57:53.328000,1611320273.328,$GPGGA,125753.00,6338.929333,N,01045.766522,E,2,12,0.6,12.13,M,40.37,M,8.0,0907*79
2021:01:22:13:57:54.328000,1611320274.328,$GPGGA,125754.00,6338.927549,N,01045.761831,E,2,12,0.6,12.12,M,40.37,M,9.0,0907*73
2021:01:22:13:57:55.328000,1611320275.328,$GPGGA,125755.00,6338.925763,N,01045.757066,E,2,12,0.6,12.18,M,40.37,M,5.0,0907*73
2021:01:22:13:57:56.328000,1611320276.328,$GPGGA,125756.00,6338.923980,N,01045.752313,E,2,12,0.6,12.18,M,40.37,M,6.0,0907*72
2021:01:22:13:57:57.328000,1611320277.328,$GPGGA,125757.00,6338.922190,N,01045.747615,E,2,12,0.6,12.17,M,40.37,M,7.0,0907*72
2021:01:22:13:57:58.328000,1611320278.328,$GPGGA,125758.00,6338.920409,N,01045.742862,E,2,12,0.6,12.18,M,40.37,M,8.0,0907*71
2021:01:22:13:57:59.328000,1611320279.328,$GPGGA,125759.00,6338.918617,N,01045.738129,E,2,12,0.6,12.18,M,40.37,M,9.0,0907*7C
2021:01:22:13:58:00.328000,1611320280.328,$GPGGA,125800.00,6338.916824,N,01045.733437,E,2,12,0.6,12.22,M,40.37,M,10.0,0907*4F
2021:01:22:13:58:01.328000,1611320281.328,$GPGGA,125801.00,6338.915007,N,01045.728741,E,2,12,0.6,12.21,M,40.37,M,6.0,0907*78
2021:01:22:13:58:02.328000,1611320282.328,$GPGGA,125802.00,6338.913220,N,01045.723964,E,2,12,0.6,12.22,M,40.37,M,7.0,0907*7A
2021:01:22:13:58:03.328000,1611320283.328,$GPGGA,125803.00,6338.911450,N,01045.719204,E,2,12,0.6,12.22,M,40.37,M,8.0,0907*73
2021:01:22:13:58:04.329000,1611320284.329,$GPGGA,125804.00,6338.909664,N,01045.714465,E,2,12,0.6,12.21,M,40.37,M,9.0,0907*76
2021:01:22:13:58:05.329000,1611320285.329,$GPGGA,125805.00,6338.907890,N,01045.709695,E,2,12,0.6,12.19,M,40.37,M,10.0,0907*4E
2021:01:22:13:58:06.329000,1611320286.329,$GPGGA,125806.00,6338.906108,N,01045.704972,E,2,12,0.6,12.20,M,40.37,M,11.0,0907*44
2021:01:22:13:58:08.329000,1611320288.329,$GPGGA,125808.00,6338.902511,N,01045.695507,E,2,12,0.6,12.17,M,40.37,M,13.0,0907*43
2021:01:22:13:58:09.329000,1611320289.329,$GPGGA,125809.00,6338.900717,N,01045.690846,E,2,12,0.6,12.20,M,40.37,M,8.0,0907*77
2021:01:22:13:58:10.329000,1611320290.329,$GPGGA,125810.00,6338.898943,N,01045.686036,E,2,12,0.6,12.22,M,40.37,M,9.0,0907*7B
2021:01:22:13:58:11.328000,1611320291.328,$GPGGA,125811.00,6338.897194,N,01045.681201,E,2,12,0.6,12.23,M,40.37,M,5.0,0907*7B
2021:01:22:13:58:12.328000,1611320292.328,$GPGGA,125812.00,6338.895447,N,01045.676438,E,2,12,0.6,12.27,M,40.37,M,6.0,0907*72
2021:01:22:13:58:13.328000,1611320293.328,$GPGGA,125813.00,6338.893657,N,01045.671723,E,2,12,0.6,12.27,M,40.37,M,7.0,0907*79
2021:01:22:13:58:14.328000,1611320294.328,$GPGGA,125814.00,6338.891895,N,01045.666979,E,2,12,0.6,12.27,M,40.37,M,8.0,0907*74
2021:01:22:13:58:16.328000,1611320296.328,$GPGGA,125816.00,6338.888312,N,01045.657495,E,2,12,0.6,12.26,M,40.37,M,10.0,0907*4F
2021:01:22:13:58:17.328000,1611320297.328,$GPGGA,125817.00,6338.886537,N,01045.652760,E,2,12,0.6,12.23,M,40.37,M,11.0,0907*49
2021:01:22:13:58:18.328000,1611320298.328,$GPGGA,125818.00,6338.884760,N,01045.648047,E,2,12,0.6,12.23,M,40.37,M,12.0,0907*4E
2021:01:22:13:58:20.329000,1611320300.329,$GPGGA,125820.00,6338.881158,N,01045.638585,E,2,12,0.6,12.21,M,40.37,M,9.0,0907*79
2021:01:22:13:58:21.329000,1611320301.329,$GPGGA,125821.00,6338.879337,N,01045.633913,E,2,12,0.6,12.22,M,40.37,M,10.0,0907*47
2021:01:22:13:58:22.329000,1611320302.329,$GPGGA,125822.00,6338.877515,N,01045.629258,E,2,12,0.6,12.20,M,40.38,M,6.0,0907*79
2021:01:22:13:58:23.329000,1611320303.329,$GPGGA,125823.00,6338.875730,N,01045.624516,E,2,12,0.6,12.20,M,40.38,M,7.0,0907*7E
2021:01:22:13:58:24.329000,1611320304.329,$GPGGA,125824.00,6338.873896,N,01045.619829,E,2,12,0.6,12.19,M,40.38,M,8.0,0907*76
2021:01:22:13:58:25.329000,1611320305.329,$GPGGA,125825.00,6338.872057,N,01045.615216,E,2,12,0.6,12.20,M,40.38,M,4.0,0907*7F
2021:01:22:13:58:26.329000,1611320306.329,$GPGGA,125826.00,6338.870220,N,01045.610595,E,2,12,0.6,12.18,M,40.38,M,5.0,0907*7F
2021:01:22:13:58:28.329000,1611320308.329,$GPGGA,125828.00,6338.866642,N,01045.601075,E,2,12,0.6,12.16,M,40.38,M,7.0,0907*71
2021:01:22:13:58:29.329000,1611320309.329,$GPGGA,125829.00,6338.864827,N,01045.596382,E,2,12,0.6,12.18,M,40.38,M,8.0,0907*78
2021:01:22:13:58:30.329000,1611320310.329,$GPGGA,125830.00,6338.862969,N,01045.591731,E,2,12,0.6,12.16,M,40.38,M,9.0,0907*79
2021:01:22:13:58:32.329000,1611320312.329,$GPGGA,125832.00,6338.859332,N,01045.582324,E,2,12,0.6,12.17,M,40.38,M,11.0,0907*4D
2021:01:22:13:58:33.329000,1611320313.329,$GPGGA,125833.00,6338.857541,N,01045.577485,E,2,12,0.6,12.16,M,40.38,M,12.0,0907*44
2021:01:22:13:58:34.330000,1611320314.33,$GPGGA,125834.00,6338.855739,N,01045.572722,E,2,12,0.6,12.15,M,40.38,M,13.0,0907*45
2021:01:22:13:58:36.330000,1611320316.33,$GPGGA,125836.00,6338.852103,N,01045.563323,E,2,12,0.6,12.21,M,40.38,M,8.0,0907*77
2021:01:22:13:58:37.330000,1611320317.33,$GPGGA,125837.00,6338.850327,N,01045.558509,E,2,12,0.6,12.19,M,40.38,M,9.0,0907*7C
2021:01:22:13:58:38.330000,1611320318.33,$GPGGA,125838.00,6338.848538,N,01045.553707,E,2,12,0.6,12.18,M,40.38,M,10.0,0907*4C
2021:01:22:13:58:40.330000,1611320320.33,$GPGGA,125840.00,6338.844914,N,01045.544300,E,2,12,0.6,12.24,M,40.38,M,12.0,0907*45
2021:01:22:13:58:41.330000,1611320321.33,$GPGGA,125841.00,6338.843115,N,01045.539518,E,2,12,0.6,12.22,M,40.38,M,13.0,0907*48
2021:01:22:13:58:42.330000,1611320322.33,$GPGGA,125842.00,6338.841304,N,01045.534768,E,2,12,0.6,12.22,M,40.38,M,4.0,0907*75
2021:01:22:13:58:43.329000,1611320323.329,$GPGGA,125843.00,6338.839479,N,01045.530028,E,2,12,0.6,12.23,M,40.38,M,5.0,0907*71
2021:01:22:13:58:44.329000,1611320324.329,$GPGGA,125844.00,6338.837688,N,01045.525245,E,2,12,0.6,12.22,M,40.38,M,6.0,0907*7B
2021:01:22:13:58:45.329000,1611320325.329,$GPGGA,125845.00,6338.835900,N,01045.520449,E,2,12,0.6,12.22,M,40.38,M,7.0,0907*79
2021:01:22:13:58:46.329000,1611320326.329,$GPGGA,125846.00,6338.834086,N,01045.515726,E,2,12,0.6,12.24,M,40.38,M,8.0,0907*79
2021:01:22:13:58:47.329000,1611320327.329,$GPGGA,125847.00,6338.832252,N,01045.511007,E,2,12,0.6,12.22,M,40.38,M,9.0,0907*72
2021:01:22:13:58:48.329000,1611320328.329,$GPGGA,125848.00,6338.830431,N,01045.506277,E,2,12,0.6,12.21,M,40.38,M,10.0,0907*44
2021:01:22:13:58:49.330000,1611320329.33,$GPGGA,125849.00,6338.828604,N,01045.501555,E,2,12,0.6,12.21,M,40.38,M,11.0,0907*49
2021:01:22:13:58:50.330000,1611320330.33,$GPGGA,125850.00,6338.826763,N,01045.496842,E,2,12,0.6,12.23,M,40.38,M,12.0,0907*4A
2021:01:22:13:58:51.330000,1611320331.33,$GPGGA,125851.00,6338.824910,N,01045.492186,E,2,12,0.6,12.21,M,40.38,M,13.0,0907*45
2021:01:22:13:58:52.330000,1611320332.33,$GPGGA,125852.00,6338.823088,N,01045.487498,E,2,12,0.6,12.19,M,40.38,M,8.0,0907*76
2021:01:22:13:58:53.330000,1611320333.33,$GPGGA,125853.00,6338.821282,N,01045.482736,E,2,12,0.6,12.20,M,40.38,M,9.0,0907*74
2021:01:22:13:58:54.330000,1611320334.33,$GPGGA,125854.00,6338.819495,N,01045.477918,E,2,12,0.6,12.22,M,40.38,M,10.0,0907*4A
2021:01:22:13:58:55.330000,1611320335.33,$GPGGA,125855.00,6338.817716,N,01045.473151,E,2,12,0.6,12.24,M,40.38,M,11.0,0907*4B
2021:01:22:13:58:56.330000,1611320336.33,$GPGGA,125856.00,6338.815909,N,01045.468394,E,2,12,0.6,12.27,M,40.38,M,7.0,0907*7F
2021:01:22:13:58:57.330000,1611320337.33,$GPGGA,125857.00,6338.814097,N,01045.463644,E,2,12,0.6,12.24,M,40.38,M,8.0,0907*7E
2021:01:22:13:58:58.330000,1611320338.33,$GPGGA,125858.00,6338.812305,N,01045.458858,E,2,12,0.6,12.26,M,40.38,M,9.0,0907*77
2021:01:22:13:58:59.330000,1611320339.33,$GPGGA,125859.00,6338.810512,N,01045.454051,E,2,12,0.6,12.28,M,40.38,M,10.0,0907*4F
2021:01:22:13:59:00.330000,1611320340.33,$GPGGA,125900.00,6338.808726,N,01045.449288,E,2,12,0.6,12.27,M,40.38,M,11.0,0907*4A
2021:01:22:13:59:01.330000,1611320341.33,$GPGGA,125901.00,6338.806931,N,01045.444560,E,2,12,0.6,12.29,M,40.38,M,12.0,0907*4C
2021:01:22:13:59:02.330000,1611320342.33,$GPGGA,125902.00,6338.805149,N,01045.439761,E,2,12,0.6,12.29,M,40.38,M,7.0,0907*76
2021:01:22:13:59:03.330000,1611320343.33,$GPGGA,125903.00,6338.803390,N,01045.434895,E,2,12,0.6,12.24,M,40.38,M,8.0,0907*7C
2021:01:22:13:59:04.331000,1611320344.331,$GPGGA,125904.00,6338.801620,N,01045.430092,E,2,12,0.6,12.24,M,40.38,M,9.0,0907*7D
2021:01:22:13:59:05.331000,1611320345.331,$GPGGA,125905.00,6338.799803,N,01045.425345,E,2,12,0.6,12.25,M,40.38,M,10.0,0907*49
2021:01:22:13:59:06.331000,1611320346.331,$GPGGA,125906.00,6338.798025,N,01045.420608,E,2,12,0.6,12.23,M,40.38,M,6.0,0907*7F
2021:01:22:13:59:07.331000,1611320347.331,$GPGGA,125907.00,6338.796249,N,01045.415829,E,2,12,0.6,12.23,M,40.38,M,7.0,0907*72
2021:01:22:13:59:08.331000,1611320348.331,$GPGGA,125908.00,6338.794460,N,01045.411023,E,2,12,0.6,12.22,M,40.38,M,8.0,0907*7A
2021:01:22:13:59:10.331000,1611320350.331,$GPGGA,125910.00,6338.790858,N,01045.401527,E,2,12,0.6,12.23,M,40.38,M,10.0,0907*48
2021:01:22:13:59:11.331000,1611320351.331,$GPGGA,125911.00,6338.789078,N,01045.396720,E,2,12,0.6,12.22,M,40.38,M,11.0,0907*47
2021:01:22:13:59:12.331000,1611320352.331,$GPGGA,125912.00,6338.787314,N,01045.391897,E,2,12,0.6,12.21,M,40.38,M,7.0,0907*73
2021:01:22:13:59:13.331000,1611320353.331,$GPGGA,125913.00,6338.785560,N,01045.387038,E,2,12,0.6,12.21,M,40.38,M,8.0,0907*70
2021:01:22:13:59:14.330000,1611320354.33,$GPGGA,125914.00,6338.783808,N,01045.382155,E,2,12,0.6,12.20,M,40.38,M,9.0,0907*7D
2021:01:22:13:59:15.330000,1611320355.33,$GPGGA,125915.00,6338.782044,N,01045.377331,E,2,12,0.6,12.19,M,40.38,M,10.0,0907*45
2021:01:22:13:59:16.330000,1611320356.33,$GPGGA,125916.00,6338.780290,N,01045.372502,E,2,12,0.6,12.18,M,40.38,M,11.0,0907*4C
2021:01:22:13:59:18.330000,1611320358.33,$GPGGA,125918.00,6338.776749,N,01045.362808,E,2,12,0.6,12.18,M,40.38,M,13.0,0907*4E
2021:01:22:13:59:19.331000,1611320359.331,$GPGGA,125919.00,6338.774945,N,01045.358019,E,2,12,0.6,12.21,M,40.38,M,8.0,0907*7E
2021:01:22:13:59:20.331000,1611320360.331,$GPGGA,125920.00,6338.773169,N,01045.353210,E,2,12,0.6,12.21,M,40.38,M,9.0,0907*74
2021:01:22:13:59:22.331000,1611320362.331,$GPGGA,125922.00,6338.769673,N,01045.343364,E,2,12,0.6,12.25,M,40.38,M,11.0,0907*4F
2021:01:22:13:59:23.331000,1611320363.331,$GPGGA,125923.00,6338.767953,N,01045.338440,E,2,12,0.6,12.26,M,40.38,M,12.0,0907*40
2021:01:22:13:59:24.331000,1611320364.331,$GPGGA,125924.00,6338.766192,N,01045.333579,E,2,12,0.6,12.25,M,40.38,M,13.0,0907*41
2021:01:22:13:59:26.331000,1611320366.331,$GPGGA,125926.00,6338.762584,N,01045.324078,E,2,12,0.6,12.27,M,40.38,M,9.0,0907*7F
2021:01:22:13:59:27.331000,1611320367.331,$GPGGA,125927.00,6338.760800,N,01045.319261,E,2,12,0.6,12.27,M,40.38,M,10.0,0907*41
2021:01:22:13:59:28.331000,1611320368.331,$GPGGA,125928.00,6338.759030,N,01045.314437,E,2,12,0.6,12.26,M,40.38,M,11.0,0907*47
2021:01:22:13:59:30.331000,1611320370.331,$GPGGA,125930.00,6338.755502,N,01045.304764,E,2,12,0.6,12.30,M,40.38,M,9.0,0907*7C
2021:01:22:13:59:31.331000,1611320371.331,$GPGGA,125931.00,6338.753712,N,01045.299919,E,2,12,0.6,12.28,M,40.38,M,10.0,0907*48
2021:01:22:13:59:32.331000,1611320372.331,$GPGGA,125932.00,6338.751939,N,01045.295096,E,2,12,0.6,12.29,M,40.38,M,11.0,0907*4C
2021:01:22:13:59:33.331000,1611320373.331,$GPGGA,125933.00,6338.750165,N,01045.290255,E,2,12,0.6,12.28,M,40.38,M,6.0,0907*72
2021:01:22:13:59:34.332000,1611320374.332,$GPGGA,125934.00,6338.748363,N,01045.285505,E,2,12,0.6,12.29,M,40.38,M,7.0,0907*7E
2021:01:22:13:59:35.332000,1611320375.332,$GPGGA,125935.00,6338.746548,N,01045.280750,E,2,12,0.6,12.26,M,40.38,M,8.0,0907*79
2021:01:22:13:59:36.332000,1611320376.332,$GPGGA,125936.00,6338.744762,N,01045.275943,E,2,12,0.6,12.24,M,40.39,M,9.0,0907*76
2021:01:22:13:59:38.332000,1611320378.332,$GPGGA,125938.00,6338.741194,N,01045.266362,E,2,12,0.6,12.27,M,40.39,M,11.0,0907*43
2021:01:22:13:59:39.332000,1611320379.332,$GPGGA,125939.00,6338.739410,N,01045.261593,E,2,12,0.6,12.26,M,40.39,M,12.0,0907*49
2021:01:22:13:59:40.332000,1611320380.332,$GPGGA,125940.00,6338.737598,N,01045.256873,E,2,12,0.6,12.29,M,40.39,M,13.0,0907*41
2021:01:22:13:59:42.332000,1611320382.332,$GPGGA,125942.00,6338.733980,N,01045.247398,E,2,12,0.6,12.28,M,40.39,M,15.0,0907*4B
2021:01:22:13:59:43.332000,1611320383.332,$GPGGA,125943.00,6338.732168,N,01045.242679,E,2,12,0.6,12.29,M,40.39,M,16.0,0907*48
2021:01:22:13:59:44.331000,1611320384.331,$GPGGA,125944.00,6338.730360,N,01045.237926,E,2,12,0.6,12.30,M,40.39,M,17.0,0907*49
2021:01:22:13:59:45.332000,1611320385.332,$GPGGA,125945.00,6338.728559,N,01045.233162,E,2,12,0.6,12.29,M,40.39,M,18.0,0907*46
2021:01:22:13:59:46.331000,1611320386.331,$GPGGA,125946.00,6338.726768,N,01045.228418,E,2,12,0.6,12.30,M,40.39,M,14.0,0907*4D
2021:01:22:13:59:47.331000,1611320387.331,$GPGGA,125947.00,6338.724978,N,01045.223637,E,2,12,0.6,12.29,M,40.39,M,15.0,0907*4C
2021:01:22:13:59:48.331000,1611320388.331,$GPGGA,125948.00,6338.723172,N,01045.218864,E,2,12,0.6,12.29,M,40.39,M,16.0,0907*45
2021:01:22:13:59:49.332000,1611320389.332,$GPGGA,125949.00,6338.721370,N,01045.214128,E,2,12,0.6,12.26,M,40.39,M,9.0,0907*7A
2021:01:22:13:59:50.332000,1611320390.332,$GPGGA,125950.00,6338.719544,N,01045.209429,E,2,12,0.6,12.26,M,40.39,M,10.0,0907*48
2021:01:22:13:59:51.332000,1611320391.332,$GPGGA,125951.00,6338.717702,N,01045.204747,E,2,12,0.6,12.26,M,40.39,M,11.0,0907*40
2021:01:22:13:59:52.332000,1611320392.332,$GPGGA,125952.00,6338.715883,N,01045.199971,E,2,12,0.6,12.24,M,40.39,M,12.0,0907*4A
2021:01:22:13:59:53.332000,1611320393.332,$GPGGA,125953.00,6338.714081,N,01045.195189,E,2,12,0.6,12.20,M,40.39,M,8.0,0907*7C
2021:01:22:13:59:54.332000,1611320394.332,$GPGGA,125954.00,6338.712260,N,01045.190462,E,2,12,0.6,12.23,M,40.39,M,9.0,0907*77
2021:01:22:13:59:55.332000,1611320395.332,$GPGGA,125955.00,6338.710428,N,01045.185715,E,2,12,0.6,12.24,M,40.39,M,10.0,0907*46
2021:01:22:13:59:56.332000,1611320396.332,$GPGGA,125956.00,6338.708609,N,01045.180923,E,2,12,0.6,12.21,M,40.39,M,6.0,0907*71
2021:01:22:13:59:57.332000,1611320397.332,$GPGGA,125957.00,6338.706816,N,01045.176189,E,2,12,0.6,12.23,M,40.39,M,7.0,0907*7C
2021:01:22:13:59:58.332000,1611320398.332,$GPGGA,125958.00,6338.704976,N,01045.171428,E,2,12,0.6,12.21,M,40.39,M,8.0,0907*72
2021:01:22:13:59:59.332000,1611320399.332,$GPGGA,125959.00,6338.703156,N,01045.166654,E,2,12,0.6,12.19,M,40.39,M,9.0,0907*7B
2021:01:22:14:00:00.332000,1611320400.332,$GPGGA,130000.00,6338.701352,N,01045.161901,E,2,12,0.6,12.23,M,40.39,M,5.0,0907*73
2021:01:22:14:00:01.332000,1611320401.332,$GPGGA,130001.00,6338.699537,N,01045.157143,E,2,12,0.6,12.23,M,40.39,M,6.0,0907*7F
2021:01:22:14:00:02.332000,1611320402.332,$GPGGA,130002.00,6338.697734,N,01045.152389,E,2,12,0.6,12.24,M,40.39,M,7.0,0907*74
2021:01:22:14:00:03.332000,1611320403.332,$GPGGA,130003.00,6338.695939,N,01045.147587,E,2,12,0.6,12.24,M,40.39,M,8.0,0907*77
2021:01:22:14:00:04.333000,1611320404.333,$GPGGA,130004.00,6338.694148,N,01045.142762,E,2,12,0.6,12.22,M,40.39,M,9.0,0907*74
2021:01:22:14:00:05.333000,1611320405.333,$GPGGA,130005.00,6338.692367,N,01045.137986,E,2,12,0.6,12.24,M,40.39,M,10.0,0907*44
2021:01:22:14:00:06.333000,1611320406.333,$GPGGA,130006.00,6338.690586,N,01045.133178,E,2,12,0.6,12.26,M,40.39,M,6.0,0907*74
2021:01:22:14:00:07.333000,1611320407.333,$GPGGA,130007.00,6338.688815,N,01045.128366,E,2,12,0.6,12.27,M,40.39,M,7.0,0907*7C
2021:01:22:14:00:08.333000,1611320408.333,$GPGGA,130008.00,6338.687029,N,01045.123583,E,2,12,0.6,12.26,M,40.39,M,8.0,0907*73
2021:01:22:14:00:09.333000,1611320409.333,$GPGGA,130009.00,6338.685266,N,01045.118726,E,2,12,0.6,12.23,M,40.39,M,9.0,0907*78
2021:01:22:14:00:10.333000,1611320410.333,$GPGGA,130010.00,6338.683514,N,01045.113895,E,2,12,0.6,12.23,M,40.39,M,10.0,0907*40
2021:01:22:14:00:12.333000,1611320412.333,$GPGGA,130012.00,6338.679962,N,01045.104260,E,2,12,0.6,12.24,M,40.39,M,6.0,0907*7C
2021:01:22:14:00:13.333000,1611320413.333,$GPGGA,130013.00,6338.678189,N,01045.099400,E,2,12,0.6,12.22,M,40.39,M,7.0,0907*73
2021:01:22:14:00:14.333000,1611320414.333,$GPGGA,130014.00,6338.676406,N,01045.094598,E,2,12,0.6,12.23,M,40.39,M,8.0,0907*7B
2021:01:22:14:00:16.333000,1611320416.333,$GPGGA,130016.00,6338.672810,N,01045.084972,E,2,12,0.6,12.26,M,40.39,M,5.0,0907*77
2021:01:22:14:00:17.332000,1611320417.332,$GPGGA,130017.00,6338.671051,N,01045.080109,E,2,12,0.6,12.27,M,40.39,M,6.0,0907*7A
2021:01:22:14:00:18.332000,1611320418.332,$GPGGA,130018.00,6338.669289,N,01045.075222,E,2,12,0.6,12.27,M,40.39,M,7.0,0907*7A
2021:01:22:14:00:20.333000,1611320420.333,$GPGGA,130020.00,6338.665747,N,01045.065504,E,2,12,0.6,12.29,M,40.39,M,9.0,0907*78
2021:01:22:14:00:21.333000,1611320421.333,$GPGGA,130021.00,6338.663959,N,01045.060715,E,2,12,0.6,12.31,M,40.39,M,10.0,0907*48
2021:01:22:14:00:22.333000,1611320422.333,$GPGGA,130022.00,6338.662178,N,01045.055895,E,2,12,0.6,12.29,M,40.39,M,11.0,0907*48
2021:01:22:14:00:23.333000,1611320423.333,$GPGGA,130023.00,6338.660394,N,01045.051048,E,2,12,0.6,12.27,M,40.39,M,6.0,0907*7F
2021:01:22:14:00:24.333000,1611320424.333,$GPGGA,130024.00,6338.658609,N,01045.046241,E,2,12,0.6,12.28,M,40.39,M,7.0,0907*71
2021:01:22:14:00:25.333000,1611320425.333,$GPGGA,130025.00,6338.656844,N,01045.041424,E,2,12,0.6,12.30,M,40.39,M,8.0,0907*7D
2021:01:22:14:00:26.333000,1611320426.333,$GPGGA,130026.00,6338.655093,N,01045.036517,E,2,12,0.6,12.28,M,40.39,M,4.0,0907*7B
2021:01:22:14:00:28.333000,1611320428.333,$GPGGA,130028.00,6338.651606,N,01045.026755,E,2,12,0.6,12.29,M,40.39,M,6.0,0907*7D
2021:01:22:14:00:29.333000,1611320429.333,$GPGGA,130029.00,6338.649879,N,01045.021854,E,2,12,0.6,12.30,M,40.39,M,7.0,0907*73
2021:01:22:14:00:30.333000,1611320430.333,$GPGGA,130030.00,6338.648127,N,01045.016974,E,2,12,0.6,12.31,M,40.39,M,8.0,0907*71
2021:01:22:14:00:32.333000,1611320432.333,$GPGGA,130032.00,6338.644594,N,01045.007305,E,2,12,0.6,12.32,M,40.39,M,10.0,0907*45
2021:01:22:14:00:33.334000,1611320433.334,$GPGGA,130033.00,6338.642828,N,01045.002486,E,2,12,0.6,12.29,M,40.39,M,6.0,0907*7C
2021:01:22:14:00:34.334000,1611320434.334,$GPGGA,130034.00,6338.641045,N,01044.997697,E,2,12,0.6,12.32,M,40.39,M,7.0,0907*76
2021:01:22:14:00:36.334000,1611320436.334,$GPGGA,130036.00,6338.637513,N,01044.987973,E,2,12,0.6,12.26,M,40.39,M,9.0,0907*7C
2021:01:22:14:00:37.334000,1611320437.334,$GPGGA,130037.00,6338.635713,N,01044.983237,E,2,12,0.6,12.29,M,40.39,M,10.0,0907*45
2021:01:22:14:00:38.334000,1611320438.334,$GPGGA,130038.00,6338.633893,N,01044.978490,E,2,12,0.6,12.30,M,40.39,M,11.0,0907*4D
2021:01:22:14:00:40.334000,1611320440.334,$GPGGA,130040.00,6338.630292,N,01044.968981,E,2,12,0.6,12.23,M,40.39,M,8.0,0907*7C
2021:01:22:14:00:41.334000,1611320441.334,$GPGGA,130041.00,6338.628485,N,01044.964216,E,2,12,0.6,12.27,M,40.39,M,9.0,0907*78
2021:01:22:14:00:42.334000,1611320442.334,$GPGGA,130042.00,6338.626704,N,01044.959431,E,2,12,0.6,12.26,M,40.39,M,10.0,0907*4B
2021:01:22:14:00:43.334000,1611320443.334,$GPGGA,130043.00,6338.624931,N,01044.954631,E,2,12,0.6,12.25,M,40.39,M,11.0,0907*4D
2021:01:22:14:00:44.334000,1611320444.334,$GPGGA,130044.00,6338.623155,N,01044.949820,E,2,12,0.6,12.25,M,40.39,M,12.0,0907*46
2021:01:22:14:00:45.334000,1611320445.334,$GPGGA,130045.00,6338.621387,N,01044.944979,E,2,12,0.6,12.26,M,40.39,M,13.0,0907*4A
2021:01:22:14:00:46.334000,1611320446.334,$GPGGA,130046.00,6338.619604,N,01044.940163,E,2,12,0.6,12.28,M,40.39,M,14.0,0907*42
2021:01:22:14:00:48.335000,1611320448.335,$GPGGA,130048.00,6338.616044,N,01044.930558,E,2,12,0.6,12.29,M,40.39,M,10.0,0907*4F
2021:01:22:14:00:49.335000,1611320449.335,$GPGGA,130049.00,6338.614266,N,01044.925734,E,2,12,0.6,12.25,M,40.39,M,6.0,0907*79
2021:01:22:14:00:50.334000,1611320450.334,$GPGGA,130050.00,6338.612488,N,01044.920906,E,2,12,0.6,12.26,M,40.40,M,7.0,0907*77
2021:01:22:14:00:51.334000,1611320451.334,$GPGGA,130051.00,6338.610732,N,01044.916066,E,2,12,0.6,12.25,M,40.40,M,8.0,0907*70
2021:01:22:14:00:52.334000,1611320452.334,$GPGGA,130052.00,6338.608971,N,01044.911217,E,2,12,0.6,12.25,M,40.40,M,9.0,0907*71
2021:01:22:14:00:53.334000,1611320453.334,$GPGGA,130053.00,6338.607177,N,01044.906421,E,2,12,0.6,12.25,M,40.40,M,5.0,0907*78
2021:01:22:14:00:54.334000,1611320454.334,$GPGGA,130054.00,6338.605381,N,01044.901634,E,2,12,0.6,12.23,M,40.40,M,6.0,0907*72
2021:01:22:14:00:55.334000,1611320455.334,$GPGGA,130055.00,6338.603597,N,01044.896810,E,2,12,0.6,12.23,M,40.40,M,7.0,0907*72
2021:01:22:14:00:56.334000,1611320456.334,$GPGGA,130056.00,6338.601805,N,01044.891990,E,2,12,0.6,12.23,M,40.40,M,8.0,0907*74
2021:01:22:14:00:57.334000,1611320457.334,$GPGGA,130057.00,6338.600018,N,01044.887170,E,2,12,0.6,12.25,M,40.40,M,9.0,0907*76
2021:01:22:14:00:58.334000,1611320458.334,$GPGGA,130058.00,6338.598225,N,01044.882381,E,2,12,0.6,12.26,M,40.40,M,10.0,0907*45
2021:01:22:14:00:59.334000,1611320459.334,$GPGGA,130059.00,6338.596437,N,01044.877591,E,2,12,0.6,12.27,M,40.40,M,11.0,0907*42
2021:01:22:14:01:00.334000,1611320460.334,$GPGGA,130100.00,6338.594639,N,01044.872736,E,2,12,0.6,12.24,M,40.40,M,12.0,0907*4B
2021:01:22:14:01:01.334000,1611320461.334,$GPGGA,130101.00,6338.592856,N,01044.867958,E,2,12,0.6,12.27,M,40.40,M,8.0,0907*71
2021:01:22:14:01:02.334000,1611320462.334,$GPGGA,130102.00,6338.591059,N,01044.863187,E,2,12,0.6,12.27,M,40.40,M,9.0,0907*79
2021:01:22:14:01:03.335000,1611320463.335,$GPGGA,130103.00,6338.589274,N,01044.858312,E,2,12,0.6,12.22,M,40.40,M,4.0,0907*72
2021:01:22:14:01:04.335000,1611320464.335,$GPGGA,130104.00,6338.587498,N,01044.853501,E,2,12,0.6,12.22,M,40.40,M,5.0,0907*71
2021:01:22:14:01:05.335000,1611320465.335,$GPGGA,130105.00,6338.585708,N,01044.848674,E,2,12,0.6,12.25,M,40.40,M,6.0,0907*77
2021:01:22:14:01:06.335000,1611320466.335,$GPGGA,130106.00,6338.583939,N,01044.843807,E,2,12,0.6,12.24,M,40.40,M,7.0,0907*7F
2021:01:22:14:01:07.335000,1611320467.335,$GPGGA,130107.00,6338.582175,N,01044.838921,E,2,12,0.6,12.21,M,40.40,M,8.0,0907*7C
2021:01:22:14:01:08.335000,1611320468.335,$GPGGA,130108.00,6338.580397,N,01044.834085,E,2,12,0.6,12.23,M,40.40,M,9.0,0907*77
2021:01:22:14:01:09.335000,1611320469.335,$GPGGA,130109.00,6338.578594,N,01044.829281,E,2,12,0.6,12.25,M,40.40,M,10.0,0907*40
2021:01:22:14:01:10.335000,1611320470.335,$GPGGA,130110.00,6338.576825,N,01044.824441,E,2,12,0.6,12.26,M,40.40,M,6.0,0907*72
2021:01:22:14:01:11.335000,1611320471.335,$GPGGA,130111.00,6338.575062,N,01044.819568,E,2,12,0.6,12.25,M,40.40,M,7.0,0907*7D
2021:01:22:14:01:12.335000,1611320472.335,$GPGGA,130112.00,6338.573276,N,01044.814752,E,2,12,0.6,12.26,M,40.40,M,8.0,0907*75
2021:01:22:14:01:13.335000,1611320473.335,$GPGGA,130113.00,6338.571478,N,01044.809983,E,2,12,0.6,12.26,M,40.40,M,4.0,0907*7C
2021:01:22:14:01:14.335000,1611320474.335,$GPGGA,130114.00,6338.569672,N,01044.805165,E,2,12,0.6,12.24,M,40.40,M,5.0,0907*75
2021:01:22:14:01:15.335000,1611320475.335,$GPGGA,130115.00,6338.567890,N,01044.800376,E,2,12,0.6,12.24,M,40.40,M,6.0,0907*7E
2021:01:22:14:01:16.335000,1611320476.335,$GPGGA,130116.00,6338.566104,N,01044.795567,E,2,12,0.6,12.26,M,40.40,M,7.0,0907*7E
2021:01:22:14:01:18.336000,1611320478.336,$GPGGA,130118.00,6338.562535,N,01044.785939,E,2,12,0.6,12.23,M,40.40,M,9.0,0907*7F
2021:01:22:14:01:19.335000,1611320479.335,$GPGGA,130119.00,6338.560745,N,01044.781091,E,2,12,0.6,12.23,M,40.40,M,10.0,0907*4E
2021:01:22:14:01:20.335000,1611320480.335,$GPGGA,130120.00,6338.558957,N,01044.776281,E,2,12,0.6,12.23,M,40.40,M,11.0,0907*48
2021:01:22:14:01:22.335000,1611320482.335,$GPGGA,130122.00,6338.555375,N,01044.766683,E,2,12,0.6,12.22,M,40.40,M,13.0,0907*49
2021:01:22:14:01:23.335000,1611320483.335,$GPGGA,130123.00,6338.553577,N,01044.761891,E,2,12,0.6,12.21,M,40.40,M,14.0,0907*44
2021:01:22:14:01:24.335000,1611320484.335,$GPGGA,130124.00,6338.551756,N,01044.757145,E,2,12,0.6,12.23,M,40.40,M,10.0,0907*43
2021:01:22:14:01:26.335000,1611320486.335,$GPGGA,130126.00,6338.548116,N,01044.747599,E,2,12,0.6,12.22,M,40.40,M,6.0,0907*79
2021:01:22:14:01:27.335000,1611320487.335,$GPGGA,130127.00,6338.546303,N,01044.742822,E,2,12,0.6,12.23,M,40.40,M,7.0,0907*78
2021:01:22:14:01:28.335000,1611320488.335,$GPGGA,130128.00,6338.544479,N,01044.738073,E,2,12,0.6,12.25,M,40.40,M,8.0,0907*77
2021:01:22:14:01:30.335000,1611320490.335,$GPGGA,130130.00,6338.540802,N,01044.728512,E,2,12,0.6,12.21,M,40.40,M,5.0,0907*70
2021:01:22:14:01:31.335000,1611320491.335,$GPGGA,130131.00,6338.538978,N,01044.723758,E,2,12,0.6,12.21,M,40.40,M,6.0,0907*76
2021:01:22:14:01:32.335000,1611320492.335,$GPGGA,130132.00,6338.537163,N,01044.718977,E,2,12,0.6,12.22,M,40.40,M,7.0,0907*71
2021:01:22:14:01:34.336000,1611320494.336,$GPGGA,130134.00,6338.533506,N,01044.709346,E,2,12,0.6,12.17,M,40.40,M,9.0,0907*74
2021:01:22:14:01:35.336000,1611320495.336,$GPGGA,130135.00,6338.531667,N,01044.704640,E,2,12,0.6,12.18,M,40.40,M,10.0,0907*4A
2021:01:22:14:01:36.336000,1611320496.336,$GPGGA,130136.00,6338.529826,N,01044.699876,E,2,12,0.6,12.18,M,40.40,M,11.0,0907*44
2021:01:22:14:01:38.336000,1611320498.336,$GPGGA,130138.00,6338.526202,N,01044.690220,E,2,12,0.6,12.18,M,40.40,M,8.0,0907*71
2021:01:22:14:01:39.336000,1611320499.336,$GPGGA,130139.00,6338.524369,N,01044.685416,E,2,12,0.6,12.19,M,40.40,M,9.0,0907*79
2021:01:22:14:01:40.336000,1611320500.336,$GPGGA,130140.00,6338.522558,N,01044.680586,E,2,12,0.6,12.17,M,40.40,M,10.0,0907*4E
2021:01:22:14:01:42.336000,1611320502.336,$GPGGA,130142.00,6338.518956,N,01044.670901,E,2,12,0.6,12.19,M,40.40,M,12.0,0907*47
2021:01:22:14:01:43.336000,1611320503.336,$GPGGA,130143.00,6338.517136,N,01044.666060,E,2,12,0.6,12.18,M,40.40,M,13.0,0907*4E
2021:01:22:14:01:44.336000,1611320504.336,$GPGGA,130144.00,6338.515338,N,01044.661230,E,2,12,0.6,12.20,M,40.40,M,9.0,0907*77
2021:01:22:14:01:46.336000,1611320506.336,$GPGGA,130146.00,6338.511739,N,01044.651562,E,2,12,0.6,12.23,M,40.40,M,11.0,0907*4D
2021:01:22:14:01:47.336000,1611320507.336,$GPGGA,130147.00,6338.509952,N,01044.646691,E,2,12,0.6,12.24,M,40.40,M,7.0,0907*7F
2021:01:22:14:01:48.337000,1611320508.337,$GPGGA,130148.00,6338.508149,N,01044.641859,E,2,12,0.6,12.23,M,40.40,M,8.0,0907*76
2021:01:22:14:01:50.336000,1611320510.336,$GPGGA,130150.00,6338.504510,N,01044.632242,E,2,12,0.6,12.23,M,40.40,M,10.0,0907*46
2021:01:22:14:01:51.336000,1611320511.336,$GPGGA,130151.00,6338.502676,N,01044.627467,E,2,12,0.6,12.23,M,40.40,M,11.0,0907*46
2021:01:22:14:01:52.336000,1611320512.336,$GPGGA,130152.00,6338.500853,N,01044.622713,E,2,12,0.6,12.25,M,40.40,M,12.0,0907*4E
2021:01:22:14:01:53.336000,1611320513.336,$GPGGA,130153.00,6338.499023,N,01044.617947,E,2,12,0.6,12.25,M,40.40,M,8.0,0907*73
2021:01:22:14:01:54.336000,1611320514.336,$GPGGA,130154.00,6338.497210,N,01044.613159,E,2,12,0.6,12.25,M,40.40,M,9.0,0907*7A
2021:01:22:14:01:55.336000,1611320515.336,$GPGGA,130155.00,6338.495374,N,01044.608351,E,2,12,0.6,12.25,M,40.40,M,10.0,0907*42
2021:01:22:14:01:56.336000,1611320516.336,$GPGGA,130156.00,6338.493569,N,01044.603569,E,2,12,0.6,12.28,M,40.40,M,11.0,0907*47
2021:01:22:14:01:57.336000,1611320517.336,$GPGGA,130157.00,6338.491768,N,01044.598793,E,2,12,0.6,12.29,M,40.40,M,6.0,0907*76
2021:01:22:14:01:58.336000,1611320518.336,$GPGGA,130158.00,6338.489936,N,01044.594010,E,2,12,0.6,12.27,M,40.40,M,7.0,0907*7A
2021:01:22:14:01:59.336000,1611320519.336,$GPGGA,130159.00,6338.488094,N,01044.589279,E,2,12,0.6,12.25,M,40.40,M,8.0,0907*77
2021:01:22:14:02:00.336000,1611320520.336,$GPGGA,130200.00,6338.486260,N,01044.584539,E,2,12,0.6,12.26,M,40.40,M,9.0,0907*73
2021:01:22:14:02:01.336000,1611320521.336,$GPGGA,130201.00,6338.484448,N,01044.579748,E,2,12,0.6,12.27,M,40.40,M,5.0,0907*77
2021:01:22:14:02:02.336000,1611320522.336,$GPGGA,130202.00,6338.482656,N,01044.574970,E,2,12,0.6,12.29,M,40.40,M,6.0,0907*7A
2021:01:22:14:02:03.337000,1611320523.337,$GPGGA,130203.00,6338.480857,N,01044.570113,E,2,12,0.6,12.28,M,40.40,M,7.0,0907*7F
2021:01:22:14:02:04.337000,1611320524.337,$GPGGA,130204.00,6338.479057,N,01044.565244,E,2,12,0.6,12.26,M,40.41,M,8.0,0907*73
2021:01:22:14:02:05.337000,1611320525.337,$GPGGA,130205.00,6338.477259,N,01044.560470,E,2,12,0.6,12.29,M,40.41,M,9.0,0907*7A
2021:01:22:14:02:06.337000,1611320526.337,$GPGGA,130206.00,6338.475437,N,01044.555697,E,2,12,0.6,12.30,M,40.41,M,10.0,0907*48
2021:01:22:14:02:07.337000,1611320527.337,$GPGGA,130207.00,6338.473648,N,01044.550846,E,2,12,0.6,12.27,M,40.41,M,6.0,0907*73
2021:01:22:14:02:08.337000,1611320528.337,$GPGGA,130208.00,6338.471861,N,01044.545996,E,2,12,0.6,12.26,M,40.41,M,7.0,0907*73
2021:01:22:14:02:09.337000,1611320529.337,$GPGGA,130209.00,6338.470071,N,01044.541167,E,2,12,0.6,12.29,M,40.41,M,8.0,0907*78
2021:01:22:14:02:10.337000,1611320530.337,$GPGGA,130210.00,6338.468303,N,01044.536305,E,2,12,0.6,12.31,M,40.41,M,9.0,0907*71
2021:01:22:14:02:11.337000,1611320531.337,$GPGGA,130211.00,6338.466525,N,01044.531408,E,2,12,0.6,12.31,M,40.41,M,10.0,0907*49
2021:01:22:14:02:12.337000,1611320532.337,$GPGGA,130212.00,6338.464735,N,01044.526543,E,2,12,0.6,12.29,M,40.41,M,11.0,0907*4B
2021:01:22:14:02:13.337000,1611320533.337,$GPGGA,130213.00,6338.462917,N,01044.521752,E,2,12,0.6,12.27,M,40.41,M,6.0,0907*7F
2021:01:22:14:02:14.337000,1611320534.337,$GPGGA,130214.00,6338.461103,N,01044.516951,E,2,12,0.6,12.29,M,40.41,M,7.0,0907*70
2021:01:22:14:02:15.337000,1611320535.337,$GPGGA,130215.00,6338.459310,N,01044.512119,E,2,12,0.6,12.28,M,40.41,M,8.0,0907*74
2021:01:22:14:02:16.337000,1611320536.337,$GPGGA,130216.00,6338.457503,N,01044.507258,E,2,12,0.6,12.25,M,40.41,M,9.0,0907*73
2021:01:22:14:02:17.337000,1611320537.337,$GPGGA,130217.00,6338.455706,N,01044.502448,E,2,12,0.6,12.28,M,40.41,M,10.0,0907*40
2021:01:22:14:02:18.338000,1611320538.338,$GPGGA,130218.00,6338.453893,N,01044.497671,E,2,12,0.6,12.29,M,40.41,M,11.0,0907*4F
2021:01:22:14:02:20.338000,1611320540.338,$GPGGA,130220.00,6338.450297,N,01044.487985,E,2,12,0.6,12.28,M,40.41,M,13.0,0907*4F
2021:01:22:14:02:21.337000,1611320541.337,$GPGGA,130221.00,6338.448511,N,01044.483164,E,2,12,0.6,12.27,M,40.41,M,9.0,0907*79
2021:01:22:14:02:22.337000,1611320542.337,$GPGGA,130222.00,6338.446716,N,01044.478330,E,2,12,0.6,12.29,M,40.41,M,10.0,0907*40
2021:01:22:14:02:24.337000,1611320544.337,$GPGGA,130224.00,6338.443140,N,01044.468671,E,2,12,0.6,12.29,M,40.41,M,7.0,0907*71
2021:01:22:14:02:25.337000,1611320545.337,$GPGGA,130225.00,6338.441359,N,01044.463829,E,2,12,0.6,12.29,M,40.41,M,8.0,0907*7F
2021:01:22:14:02:26.337000,1611320546.337,$GPGGA,130226.00,6338.439591,N,01044.458958,E,2,12,0.6,12.31,M,40.41,M,9.0,0907*76
2021:01:22:14:02:28.337000,1611320548.337,$GPGGA,130228.00,6338.436061,N,01044.449249,E,2,12,0.6,12.32,M,40.41,M,5.0,0907*79
2021:01:22:14:02:29.338000,1611320549.338,$GPGGA,130229.00,6338.434300,N,01044.444366,E,2,12,0.6,12.30,M,40.41,M,6.0,0907*7E
2021:01:22:14:02:30.337000,1611320550.337,$GPGGA,130230.00,6338.432526,N,01044.439510,E,2,12,0.6,12.30,M,40.41,M,7.0,0907*7E
2021:01:22:14:02:32.337000,1611320552.337,$GPGGA,130232.00,6338.429006,N,01044.429759,E,2,12,0.6,12.32,M,40.41,M,9.0,0907*73
2021:01:22:14:02:33.338000,1611320553.338,$GPGGA,130233.00,6338.427249,N,01044.424890,E,2,12,0.6,12.32,M,40.41,M,10.0,0907*4A
2021:01:22:14:02:34.338000,1611320554.338,$GPGGA,130234.00,6338.425464,N,01044.420055,E,2,12,0.6,12.28,M,40.41,M,6.0,0907*7F
2021:01:22:14:02:36.338000,1611320556.338,$GPGGA,130236.00,6338.421908,N,01044.410410,E,2,12,0.6,12.30,M,40.41,M,8.0,0907*7F
2021:01:22:14:02:37.338000,1611320557.338,$GPGGA,130237.00,6338.420125,N,01044.405570,E,2,12,0.6,12.28,M,40.41,M,9.0,0907*73
2021:01:22:14:02:38.338000,1611320558.338,$GPGGA,130238.00,6338.418328,N,01044.400759,E,2,12,0.6,12.28,M,40.41,M,10.0,0907*4C
2021:01:22:14:02:40.338000,1611320560.338,$GPGGA,130240.00,6338.414746,N,01044.391169,E,2,12,0.6,12.28,M,40.41,M,6.0,0907*7E
2021:01:22:14:02:41.338000,1611320561.338,$GPGGA,130241.00,6338.412937,N,01044.386383,E,2,12,0.6,12.28,M,40.41,M,7.0,0907*70
2021:01:22:14:02:42.338000,1611320562.338,$GPGGA,130242.00,6338.411128,N,01044.381578,E,2,12,0.6,12.25,M,40.41,M,8.0,0907*71
2021:01:22:14:02:44.338000,1611320564.338,$GPGGA,130244.00,6338.407518,N,01044.372036,E,2,12,0.6,12.26,M,40.41,M,5.0,0907*7A
2021:01:22:14:02:45.338000,1611320565.338,$GPGGA,130245.00,6338.405698,N,01044.367237,E,2,12,0.6,12.24,M,40.41,M,6.0,0907*74
2021:01:22:14:02:46.338000,1611320566.338,$GPGGA,130246.00,6338.403901,N,01044.362463,E,2,12,0.6,12.24,M,40.41,M,7.0,0907*7D
2021:01:22:14:02:48.339000,1611320568.339,$GPGGA,130248.00,6338.400301,N,01044.352846,E,2,12,0.6,12.27,M,40.41,M,9.0,0907*7F
2021:01:22:14:02:49.339000,1611320569.339,$GPGGA,130249.00,6338.398509,N,01044.347990,E,2,12,0.6,12.27,M,40.41,M,10.0,0907*40
2021:01:22:14:02:50.339000,1611320570.339,$GPGGA,130250.00,6338.396708,N,01044.343165,E,2,12,0.6,12.26,M,40.41,M,5.0,0907*76
2021:01:22:14:02:52.338000,1611320572.338,$GPGGA,130252.00,6338.393094,N,01044.333512,E,2,12,0.6,12.27,M,40.41,M,7.0,0907*73
2021:01:22:14:02:53.338000,1611320573.338,$GPGGA,130253.00,6338.391313,N,01044.328640,E,2,12,0.6,12.26,M,40.41,M,8.0,0907*7C
2021:01:22:14:02:54.338000,1611320574.338,$GPGGA,130254.00,6338.389533,N,01044.323748,E,2,12,0.6,12.25,M,40.41,M,4.0,0907*7B
2021:01:22:14:02:55.338000,1611320575.338,$GPGGA,130255.00,6338.387723,N,01044.318929,E,2,12,0.6,12.26,M,40.41,M,5.0,0907*74
2021:01:22:14:02:56.338000,1611320576.338,$GPGGA,130256.00,6338.385911,N,01044.314096,E,2,12,0.6,12.25,M,40.41,M,6.0,0907*7B
2021:01:22:14:02:57.338000,1611320577.338,$GPGGA,130257.00,6338.384110,N,01044.309231,E,2,12,0.6,12.25,M,40.41,M,7.0,0907*70
2021:01:22:14:02:58.338000,1611320578.338,$GPGGA,130258.00,6338.382290,N,01044.304427,E,2,12,0.6,12.28,M,40.41,M,8.0,0907*7C
2021:01:22:14:02:59.338000,1611320579.338,$GPGGA,130259.00,6338.380449,N,01044.299640,E,2,12,0.6,12.26,M,40.41,M,9.0,0907*74
2021:01:22:14:03:00.338000,1611320580.338,$GPGGA,130300.00,6338.378630,N,01044.294820,E,2,12,0.6,12.25,M,40.41,M,10.0,0907*4C
2021:01:22:14:03:01.338000,1611320581.338,$GPGGA,130301.00,6338.376800,N,01044.289978,E,2,12,0.6,12.25,M,40.41,M,11.0,0907*4F
2021:01:22:14:03:02.339000,1611320582.339,$GPGGA,130302.00,6338.374954,N,01044.285227,E,2,12,0.6,12.27,M,40.41,M,7.0,0907*76
2021:01:22:14:03:03.339000,1611320583.339,$GPGGA,130303.00,6338.373128,N,01044.280459,E,2,12,0.6,12.27,M,40.41,M,8.0,0907*76
2021:01:22:14:03:04.339000,1611320584.339,$GPGGA,130304.00,6338.371314,N,01044.275617,E,2,12,0.6,12.24,M,40.41,M,4.0,0907*73
2021:01:22:14:03:05.339000,1611320585.339,$GPGGA,130305.00,6338.369502,N,01044.270784,E,2,12,0.6,12.24,M,40.41,M,5.0,0907*75
2021:01:22:14:03:06.339000,1611320586.339,$GPGGA,130306.00,6338.367693,N,01044.265954,E,2,12,0.6,12.26,M,40.41,M,6.0,0907*75
2021:01:22:14:03:07.339000,1611320587.339,$GPGGA,130307.00,6338.365884,N,01044.261163,E,2,12,0.6,12.26,M,40.41,M,7.0,0907*77
2021:01:22:14:03:08.339000,1611320588.339,$GPGGA,130308.00,6338.364039,N,01044.256376,E,2,12,0.6,12.25,M,40.41,M,8.0,0907*79
2021:01:22:14:03:09.339000,1611320589.339,$GPGGA,130309.00,6338.362197,N,01044.251635,E,2,12,0.6,12.24,M,40.41,M,9.0,0907*7E
2021:01:22:14:03:10.339000,1611320590.339,$GPGGA,130310.00,6338.360392,N,01044.246823,E,2,12,0.6,12.24,M,40.41,M,10.0,0907*44
2021:01:22:14:03:11.339000,1611320591.339,$GPGGA,130311.00,6338.358600,N,01044.241960,E,2,12,0.6,12.24,M,40.41,M,5.0,0907*75
2021:01:22:14:03:12.339000,1611320592.339,$GPGGA,130312.00,6338.356789,N,01044.237126,E,2,12,0.6,12.25,M,40.41,M,6.0,0907*71
2021:01:22:14:03:13.339000,1611320593.339,$GPGGA,130313.00,6338.354973,N,01044.232329,E,2,12,0.6,12.25,M,40.41,M,7.0,0907*70
2021:01:22:14:03:14.339000,1611320594.339,$GPGGA,130314.00,6338.353203,N,01044.227486,E,2,12,0.6,12.27,M,40.41,M,8.0,0907*77
2021:01:22:14:03:15.339000,1611320595.339,$GPGGA,130315.00,6338.351457,N,01044.222542,E,2,12,0.6,12.28,M,40.41,M,9.0,0907*71
2021:01:22:14:03:16.339000,1611320596.339,$GPGGA,130316.00,6338.349695,N,01044.217623,E,2,12,0.6,12.28,M,40.41,M,10.0,0907*4D
2021:01:22:14:03:17.340000,1611320597.34,$GPGGA,130317.00,6338.347906,N,01044.212792,E,2,12,0.6,12.29,M,40.41,M,6.0,0907*7F
2021:01:22:14:03:18.340000,1611320598.34,$GPGGA,130318.00,6338.346131,N,01044.207951,E,2,12,0.6,12.30,M,40.42,M,7.0,0907*72
2021:01:22:14:03:19.340000,1611320599.34,$GPGGA,130319.00,6338.344381,N,01044.203069,E,2,12,0.6,12.30,M,40.42,M,8.0,0907*71
2021:01:22:14:03:20.340000,1611320600.34,$GPGGA,130320.00,6338.342602,N,01044.198218,E,2,12,0.6,12.29,M,40.42,M,9.0,0907*7F
2021:01:22:14:03:22.340000,1611320602.34,$GPGGA,130322.00,6338.339084,N,01044.188520,E,2,12,0.6,12.30,M,40.42,M,11.0,0907*45
2021:01:22:14:03:23.339000,1611320603.339,$GPGGA,130323.00,6338.337313,N,01044.183631,E,2,12,0.6,12.27,M,40.42,M,12.0,0907*4A
2021:01:22:14:03:24.339000,1611320604.339,$GPGGA,130324.00,6338.335547,N,01044.178822,E,2,12,0.6,12.26,M,40.42,M,13.0,0907*40
2021:01:22:14:03:26.339000,1611320606.339,$GPGGA,130326.00,6338.332030,N,01044.169119,E,2,12,0.6,12.27,M,40.42,M,15.0,0907*46
2021:01:22:14:03:27.339000,1611320607.339,$GPGGA,130327.00,6338.330251,N,01044.164294,E,2,12,0.6,12.25,M,40.42,M,6.0,0907*7B
2021:01:22:14:03:28.339000,1611320608.339,$GPGGA,130328.00,6338.328456,N,01044.159498,E,2,12,0.6,12.26,M,40.42,M,7.0,0907*7A
2021:01:22:14:03:30.339000,1611320610.339,$GPGGA,130330.00,6338.324891,N,01044.149856,E,2,12,0.6,12.26,M,40.42,M,9.0,0907*79
2021:01:22:14:03:31.339000,1611320611.339,$GPGGA,130331.00,6338.323103,N,01044.145058,E,2,12,0.6,12.28,M,40.42,M,10.0,0907*41
2021:01:22:14:03:32.340000,1611320612.34,$GPGGA,130332.00,6338.321291,N,01044.140291,E,2,12,0.6,12.26,M,40.42,M,11.0,0907*45
2021:01:22:14:03:34.340000,1611320614.34,$GPGGA,130334.00,6338.317675,N,01044.130708,E,2,12,0.6,12.26,M,40.42,M,13.0,0907*48
2021:01:22:14:03:35.340000,1611320615.34,$GPGGA,130335.00,6338.315849,N,01044.125930,E,2,12,0.6,12.28,M,40.42,M,8.0,0907*7F
2021:01:22:14:03:36.340000,1611320616.34,$GPGGA,130336.00,6338.314033,N,01044.121176,E,2,12,0.6,12.28,M,40.42,M,9.0,0907*77
2021:01:22:14:03:38.340000,1611320618.34,$GPGGA,130338.00,6338.310401,N,01044.111580,E,2,12,0.6,12.29,M,40.42,M,11.0,0907*4E
2021:01:22:14:03:39.340000,1611320619.34,$GPGGA,130339.00,6338.308608,N,01044.106767,E,2,12,0.6,12.29,M,40.42,M,12.0,0907*43
2021:01:22:14:03:40.340000,1611320620.34,$GPGGA,130340.00,6338.306815,N,01044.101897,E,2,12,0.6,12.28,M,40.42,M,13.0,0907*46
2021:01:22:14:03:42.340000,1611320622.34,$GPGGA,130342.00,6338.303187,N,01044.092333,E,2,12,0.6,12.30,M,40.42,M,15.0,0907*42
2021:01:22:14:03:43.340000,1611320623.34,$GPGGA,130343.00,6338.301403,N,01044.087493,E,2,12,0.6,12.30,M,40.42,M,16.0,0907*42
2021:01:22:14:03:44.340000,1611320624.34,$GPGGA,130344.00,6338.299626,N,01044.082609,E,2,12,0.6,12.24,M,40.42,M,10.0,0907*47
2021:01:22:14:03:46.340000,1611320626.34,$GPGGA,130346.00,6338.296021,N,01044.073033,E,2,12,0.6,12.28,M,40.42,M,8.0,0907*7F
2021:01:22:14:03:47.341000,1611320627.341,$GPGGA,130347.00,6338.294278,N,01044.068109,E,2,12,0.6,12.26,M,40.42,M,9.0,0907*7F
2021:01:22:14:03:48.341000,1611320628.341,$GPGGA,130348.00,6338.292554,N,01044.063137,E,2,12,0.6,12.24,M,40.42,M,10.0,0907*43
2021:01:22:14:03:50.341000,1611320630.341,$GPGGA,130350.00,6338.289012,N,01044.053417,E,2,12,0.6,12.28,M,40.42,M,12.0,0907*4D
2021:01:22:14:03:51.341000,1611320631.341,$GPGGA,130351.00,6338.287253,N,01044.048546,E,2,12,0.6,12.27,M,40.42,M,8.0,0907*7E
2021:01:22:14:03:52.341000,1611320632.341,$GPGGA,130352.00,6338.285473,N,01044.043656,E,2,12,0.6,12.25,M,40.42,M,9.0,0907*71
2021:01:22:14:03:53.340000,1611320633.34,$GPGGA,130353.00,6338.283694,N,01044.038794,E,2,12,0.6,12.25,M,40.42,M,10.0,0907*46
2021:01:22:14:03:54.340000,1611320634.34,$GPGGA,130354.00,6338.281913,N,01044.033985,E,2,12,0.6,12.28,M,40.42,M,5.0,0907*7F
2021:01:22:14:03:55.340000,1611320635.34,$GPGGA,130355.00,6338.280121,N,01044.029105,E,2,12,0.6,12.25,M,40.42,M,6.0,0907*73
2021:01:22:14:03:56.340000,1611320636.34,$GPGGA,130356.00,6338.278340,N,01044.024233,E,2,12,0.6,12.25,M,40.42,M,7.0,0907*78
2021:01:22:14:03:57.340000,1611320637.34,$GPGGA,130357.00,6338.276568,N,01044.019413,E,2,12,0.6,12.29,M,40.42,M,8.0,0907*72
2021:01:22:14:03:58.340000,1611320638.34,$GPGGA,130358.00,6338.274766,N,01044.014515,E,2,12,0.6,12.27,M,40.42,M,9.0,0907*76
2021:01:22:14:03:59.340000,1611320639.34,$GPGGA,130359.00,6338.272964,N,01044.009692,E,2,12,0.6,12.25,M,40.42,M,10.0,0907*47
2021:01:22:14:04:00.340000,1611320640.34,$GPGGA,130400.00,6338.271153,N,01044.004914,E,2,12,0.6,12.27,M,40.42,M,11.0,0907*4C
2021:01:22:14:04:01.340000,1611320641.34,$GPGGA,130401.00,6338.269336,N,01044.000065,E,2,12,0.6,12.27,M,40.42,M,12.0,0907*4D
2021:01:22:14:04:02.341000,1611320642.341,$GPGGA,130402.00,6338.267533,N,01043.995277,E,2,12,0.6,12.23,M,40.42,M,7.0,0907*70
2021:01:22:14:04:03.341000,1611320643.341,$GPGGA,130403.00,6338.265705,N,01043.990476,E,2,12,0.6,12.22,M,40.42,M,8.0,0907*78
2021:01:22:14:04:04.341000,1611320644.341,$GPGGA,130404.00,6338.263899,N,01043.985659,E,2,12,0.6,12.24,M,40.42,M,4.0,0907*72
2021:01:22:14:04:05.341000,1611320645.341,$GPGGA,130405.00,6338.262110,N,01043.980803,E,2,12,0.6,12.24,M,40.42,M,5.0,0907*7F
2021:01:22:14:04:06.341000,1611320646.341,$GPGGA,130406.00,6338.260329,N,01043.975890,E,2,12,0.6,12.23,M,40.42,M,6.0,0907*72
2021:01:22:14:04:07.341000,1611320647.341,$GPGGA,130407.00,6338.258543,N,01043.971045,E,2,12,0.6,12.23,M,40.42,M,7.0,0907*77
2021:01:22:14:04:08.341000,1611320648.341,$GPGGA,130408.00,6338.256751,N,01043.966221,E,2,12,0.6,12.25,M,40.42,M,8.0,0907*78
2021:01:22:14:04:09.341000,1611320649.341,$GPGGA,130409.00,6338.254938,N,01043.961378,E,2,12,0.6,12.25,M,40.42,M,9.0,0907*71
2021:01:22:14:04:10.341000,1611320650.341,$GPGGA,130410.00,6338.253146,N,01043.956535,E,2,12,0.6,12.24,M,40.42,M,10.0,0907*4D
2021:01:22:14:04:11.341000,1611320651.341,$GPGGA,130411.00,6338.251345,N,01043.951689,E,2,12,0.6,12.22,M,40.42,M,11.0,0907*4B
2021:01:22:14:04:12.341000,1611320652.341,$GPGGA,130412.00,6338.249562,N,01043.946823,E,2,12,0.6,12.23,M,40.42,M,7.0,0907*7C
2021:01:22:14:04:13.341000,1611320653.341,$GPGGA,130413.00,6338.247776,N,01043.941983,E,2,12,0.6,12.25,M,40.42,M,8.0,0907*71
2021:01:22:14:04:14.341000,1611320654.341,$GPGGA,130414.00,6338.245990,N,01043.937094,E,2,12,0.6,12.26,M,40.42,M,9.0,0907*7E
2021:01:22:14:04:15.341000,1611320655.341,$GPGGA,130415.00,6338.244220,N,01043.932219,E,2,12,0.6,12.26,M,40.42,M,10.0,0907*44
2021:01:22:14:04:16.341000,1611320656.341,$GPGGA,130416.00,6338.242454,N,01043.927307,E,2,12,0.6,12.24,M,40.42,M,11.0,0907*4D
2021:01:22:14:04:17.342000,1611320657.342,$GPGGA,130417.00,6338.240676,N,01043.922448,E,2,12,0.6,12.24,M,40.42,M,12.0,0907*46
2021:01:22:14:04:18.342000,1611320658.342,$GPGGA,130418.00,6338.238881,N,01043.917622,E,2,12,0.6,12.26,M,40.42,M,7.0,0907*7E
2021:01:22:14:04:19.342000,1611320659.342,$GPGGA,130419.00,6338.237102,N,01043.912753,E,2,12,0.6,12.27,M,40.42,M,8.0,0907*7E
2021:01:22:14:04:20.342000,1611320660.342,$GPGGA,130420.00,6338.235321,N,01043.907908,E,2,12,0.6,12.26,M,40.42,M,9.0,0907*71
2021:01:22:14:04:21.342000,1611320661.342,$GPGGA,130421.00,6338.233536,N,01043.903056,E,2,12,0.6,12.27,M,40.42,M,10.0,0907*49
2021:01:22:14:04:22.342000,1611320662.342,$GPGGA,130422.00,6338.231734,N,01043.898227,E,2,12,0.6,12.30,M,40.42,M,6.0,0907*7E
2021:01:22:14:04:24.342000,1611320664.342,$GPGGA,130424.00,6338.228136,N,01043.888594,E,2,12,0.6,12.32,M,40.42,M,8.0,0907*76
2021:01:22:14:04:25.341000,1611320665.341,$GPGGA,130425.00,6338.226315,N,01043.883802,E,2,12,0.6,12.32,M,40.42,M,9.0,0907*72
2021:01:22:14:04:26.341000,1611320666.341,$GPGGA,130426.00,6338.224489,N,01043.879015,E,2,12,0.6,12.30,M,40.42,M,10.0,0907*40
2021:01:22:14:04:27.341000,1611320667.341,$GPGGA,130427.00,6338.222652,N,01043.874265,E,2,12,0.6,12.31,M,40.42,M,11.0,0907*4B
2021:01:22:14:04:28.341000,1611320668.341,$GPGGA,130428.00,6338.220820,N,01043.869533,E,2,12,0.6,12.28,M,40.42,M,7.0,0907*7A
2021:01:22:14:04:29.341000,1611320669.341,$GPGGA,130429.00,6338.218987,N,01043.864772,E,2,12,0.6,12.27,M,40.42,M,8.0,0907*76
2021:01:22:14:04:30.341000,1611320670.341,$GPGGA,130430.00,6338.217182,N,01043.859980,E,2,12,0.6,12.28,M,40.42,M,9.0,0907*7F
2021:01:22:14:04:32.342000,1611320672.342,$GPGGA,130432.00,6338.213602,N,01043.850284,E,2,12,0.6,12.25,M,40.43,M,11.0,0907*45
2021:01:22:14:04:33.342000,1611320673.342,$GPGGA,130433.00,6338.211782,N,01043.845497,E,2,12,0.6,12.25,M,40.43,M,12.0,0907*4C
2021:01:22:14:04:34.342000,1611320674.342,$GPGGA,130434.00,6338.209962,N,01043.840692,E,2,12,0.6,12.23,M,40.43,M,13.0,0907*47
2021:01:22:14:04:36.342000,1611320676.342,$GPGGA,130436.00,6338.206390,N,01043.831012,E,2,12,0.6,12.20,M,40.43,M,9.0,0907*7D
2021:01:22:14:04:37.342000,1611320677.342,$GPGGA,130437.00,6338.204599,N,01043.826138,E,2,12,0.6,12.18,M,40.43,M,10.0,0907*4D
2021:01:22:14:04:38.342000,1611320678.342,$GPGGA,130438.00,6338.202850,N,01043.821236,E,2,12,0.6,12.18,M,40.43,M,11.0,0907*47
2021:01:22:14:04:40.342000,1611320680.342,$GPGGA,130440.00,6338.199321,N,01043.811442,E,2,12,0.6,12.20,M,40.43,M,13.0,0907*4B
2021:01:22:14:04:41.342000,1611320681.342,$GPGGA,130441.00,6338.197540,N,01043.806620,E,2,12,0.6,12.23,M,40.43,M,9.0,0907*7D
2021:01:22:14:04:42.342000,1611320682.342,$GPGGA,130442.00,6338.195772,N,01043.801745,E,2,12,0.6,12.24,M,40.43,M,10.0,0907*45
2021:01:22:14:04:44.342000,1611320684.342,$GPGGA,130444.00,6338.192192,N,01043.792036,E,2,12,0.6,12.21,M,40.43,M,12.0,0907*4D
2021:01:22:14:04:45.342000,1611320685.342,$GPGGA,130445.00,6338.190397,N,01043.787271,E,2,12,0.6,12.24,M,40.43,M,13.0,0907*48
2021:01:22:14:04:46.342000,1611320686.342,$GPGGA,130446.00,6338.188620,N,01043.782437,E,2,12,0.6,12.24,M,40.43,M,14.0,0907*4D
2021:01:22:14:04:47.343000,1611320687.343,$GPGGA,130447.00,6338.186858,N,01043.777550,E,2,12,0.6,12.21,M,40.43,M,15.0,0907*4D
2021:01:22:14:04:48.343000,1611320688.343,$GPGGA,130448.00,6338.185068,N,01043.772718,E,2,12,0.6,12.21,M,40.43,M,16.0,0907*42
2021:01:22:14:04:49.343000,1611320689.343,$GPGGA,130449.00,6338.183260,N,01043.767918,E,2,12,0.6,12.25,M,40.43,M,7.0,0907*71
2021:01:22:14:04:50.343000,1611320690.343,$GPGGA,130450.00,6338.181488,N,01043.763071,E,2,12,0.6,12.26,M,40.43,M,8.0,0907*75
2021:01:22:14:04:52.343000,1611320692.343,$GPGGA,130452.00,6338.177954,N,01043.753349,E,2,12,0.6,12.23,M,40.43,M,10.0,0907*45
2021:01:22:14:04:53.343000,1611320693.343,$GPGGA,130453.00,6338.176150,N,01043.748540,E,2,12,0.6,12.22,M,40.43,M,11.0,0907*4C
2021:01:22:14:04:54.343000,1611320694.343,$GPGGA,130454.00,6338.174366,N,01043.743764,E,2,12,0.6,12.24,M,40.43,M,12.0,0907*44
2021:01:22:14:04:55.342000,1611320695.342,$GPGGA,130455.00,6338.172607,N,01043.738882,E,2,12,0.6,12.25,M,40.43,M,8.0,0907*70
2021:01:22:14:04:56.343000,1611320696.343,$GPGGA,130456.00,6338.170874,N,01043.733951,E,2,12,0.6,12.23,M,40.43,M,9.0,0907*78
2021:01:22:14:04:57.342000,1611320697.342,$GPGGA,130457.00,6338.169119,N,01043.729087,E,2,12,0.6,12.24,M,40.43,M,10.0,0907*45
2021:01:22:14:04:58.342000,1611320698.342,$GPGGA,130458.00,6338.167344,N,01043.724249,E,2,12,0.6,12.27,M,40.43,M,11.0,0907*41
2021:01:22:14:04:59.342000,1611320699.342,$GPGGA,130459.00,6338.165566,N,01043.719398,E,2,12,0.6,12.25,M,40.43,M,12.0,0907*46
2021:01:22:14:05:00.342000,1611320700.342,$GPGGA,130500.00,6338.163793,N,01043.714548,E,2,12,0.6,12.24,M,40.43,M,13.0,0907*43
2021:01:22:14:05:01.342000,1611320701.342,$GPGGA,130501.00,6338.162013,N,01043.709710,E,2,12,0.6,12.25,M,40.43,M,14.0,0907*49
2021:01:22:14:05:02.343000,1611320702.343,$GPGGA,130502.00,6338.160234,N,01043.704868,E,2,12,0.6,12.28,M,40.43,M,10.0,0907*4B
2021:01:22:14:05:03.343000,1611320703.343,$GPGGA,130503.00,6338.158426,N,01043.700071,E,2,12,0.6,12.27,M,40.43,M,11.0,0907*4E
2021:01:22:14:05:04.343000,1611320704.343,$GPGGA,130504.00,6338.156623,N,01043.695295,E,2,12,0.6,12.28,M,40.43,M,12.0,0907*49
2021:01:22:14:05:05.343000,1611320705.343,$GPGGA,130505.00,6338.154824,N,01043.690477,E,2,12,0.6,12.27,M,40.43,M,7.0,0907*77
2021:01:22:14:05:06.343000,1611320706.343,$GPGGA,130506.00,6338.153022,N,01043.685615,E,2,12,0.6,12.24,M,40.43,M,8.0,0907*73
2021:01:22:14:05:07.343000,1611320707.343,$GPGGA,130507.00,6338.151250,N,01043.680814,E,2,12,0.6,12.25,M,40.43,M,9.0,0907*7D
2021:01:22:14:05:08.343000,1611320708.343,$GPGGA,130508.00,6338.149455,N,01043.676018,E,2,12,0.6,12.24,M,40.43,M,5.0,0907*78
2021:01:22:14:05:09.343000,1611320709.343,$GPGGA,130509.00,6338.147636,N,01043.671211,E,2,12,0.6,12.21,M,40.43,M,6.0,0907*7A
2021:01:22:14:05:10.343000,1611320710.343,$GPGGA,130510.00,6338.145787,N,01043.666449,E,2,12,0.6,12.19,M,40.43,M,7.0,0907*7C
2021:01:22:14:05:11.343000,1611320711.343,$GPGGA,130511.00,6338.143937,N,01043.661758,E,2,12,0.6,12.21,M,40.43,M,8.0,0907*7E
2021:01:22:14:05:12.343000,1611320712.343,$GPGGA,130512.00,6338.142118,N,01043.656992,E,2,12,0.6,12.21,M,40.43,M,9.0,0907*74
2021:01:22:14:05:13.343000,1611320713.343,$GPGGA,130513.00,6338.140305,N,01043.652199,E,2,12,0.6,12.20,M,40.43,M,10.0,0907*47
2021:01:22:14:05:14.343000,1611320714.343,$GPGGA,130514.00,6338.138470,N,01043.647406,E,2,12,0.6,12.20,M,40.43,M,11.0,0907*4C
2021:01:22:14:05:15.343000,1611320715.343,$GPGGA,130515.00,6338.136634,N,01043.642636,E,2,12,0.6,12.23,M,40.43,M,7.0,0907*71
2021:01:22:14:05:16.343000,1611320716.343,$GPGGA,130516.00,6338.134819,N,01043.637865,E,2,12,0.6,12.24,M,40.43,M,8.0,0907*73
2021:01:22:14:05:17.344000,1611320717.344,$GPGGA,130517.00,6338.133003,N,01043.633039,E,2,12,0.6,12.23,M,40.43,M,9.0,0907*75
2021:01:22:14:05:18.344000,1611320718.344,$GPGGA,130518.00,6338.131197,N,01043.628202,E,2,12,0.6,12.23,M,40.43,M,10.0,0907*4C
2021:01:22:14:05:19.344000,1611320719.344,$GPGGA,130519.00,6338.129369,N,01043.623398,E,2,12,0.6,12.24,M,40.43,M,6.0,0907*7E
2021:01:22:14:05:20.344000,1611320720.344,$GPGGA,130520.00,6338.127556,N,01043.618596,E,2,12,0.6,12.25,M,40.43,M,7.0,0907*70
2021:01:22:14:05:21.344000,1611320721.344,$GPGGA,130521.00,6338.125740,N,01043.613790,E,2,12,0.6,12.25,M,40.43,M,8.0,0907*76
2021:01:22:14:05:22.344000,1611320722.344,$GPGGA,130522.00,6338.123925,N,01043.608939,E,2,12,0.6,12.24,M,40.43,M,9.0,0907*79
2021:01:22:14:05:23.344000,1611320723.344,$GPGGA,130523.00,6338.122119,N,01043.604090,E,2,12,0.6,12.24,M,40.43,M,10.0,0907*40
2021:01:22:14:05:24.344000,1611320724.344,$GPGGA,130524.00,6338.120327,N,01043.599245,E,2,12,0.6,12.24,M,40.43,M,11.0,0907*46
2021:01:22:14:05:26.344000,1611320726.344,$GPGGA,130526.00,6338.116693,N,01043.589596,E,2,12,0.6,12.24,M,40.43,M,13.0,0907*41
2021:01:22:14:05:27.344000,1611320727.344,$GPGGA,130527.00,6338.114882,N,01043.584777,E,2,12,0.6,12.23,M,40.43,M,14.0,0907*4C
2021:01:22:14:05:28.343000,1611320728.343,$GPGGA,130528.00,6338.113054,N,01043.579997,E,2,12,0.6,12.24,M,40.43,M,4.0,0907*73
2021:01:22:14:05:30.343000,1611320730.343,$GPGGA,130530.00,6338.109369,N,01043.570452,E,2,12,0.6,12.24,M,40.43,M,6.0,0907*73
2021:01:22:14:05:31.343000,1611320731.343,$GPGGA,130531.00,6338.107539,N,01043.565627,E,2,12,0.6,12.25,M,40.43,M,7.0,0907*7B
2021:01:22:14:05:32.344000,1611320732.344,$GPGGA,130532.00,6338.105734,N,01043.560822,E,2,12,0.6,12.28,M,40.43,M,8.0,0907*79
2021:01:22:14:05:34.344000,1611320734.344,$GPGGA,130534.00,6338.102132,N,01043.551136,E,2,12,0.6,12.29,M,40.43,M,10.0,0907*4E
2021:01:22:14:05:35.344000,1611320735.344,$GPGGA,130535.00,6338.100332,N,01043.546285,E,2,12,0.6,12.30,M,40.43,M,11.0,0907*4B
2021:01:22:14:05:36.344000,1611320736.344,$GPGGA,130536.00,6338.098508,N,01043.541450,E,2,12,0.6,12.28,M,40.43,M,7.0,0907*70
2021:01:22:14:05:37.344000,1611320737.344,$GPGGA,130537.00,6338.096680,N,01043.536663,E,2,12,0.6,12.25,M,40.43,M,8.0,0907*7C
2021:01:22:14:05:38.344000,1611320738.344,$GPGGA,130538.00,6338.094864,N,01043.531908,E,2,12,0.6,12.27,M,40.43,M,9.0,0907*73
2021:01:22:14:05:39.344000,1611320739.344,$GPGGA,130539.00,6338.093068,N,01043.527069,E,2,12,0.6,12.26,M,40.43,M,10.0,0907*41
2021:01:22:14:05:40.344000,1611320740.344,$GPGGA,130540.00,6338.091275,N,01043.522179,E,2,12,0.6,12.24,M,40.43,M,11.0,0907*45
2021:01:22:14:05:42.344000,1611320742.344,$GPGGA,130542.00,6338.087659,N,01043.512516,E,2,12,0.6,12.23,M,40.43,M,7.0,0907*74
2021:01:22:14:05:43.344000,1611320743.344,$GPGGA,130543.00,6338.085871,N,01043.507704,E,2,12,0.6,12.25,M,40.43,M,8.0,0907*7F
2021:01:22:14:05:44.344000,1611320744.344,$GPGGA,130544.00,6338.084060,N,01043.502849,E,2,12,0.6,12.23,M,40.43,M,9.0,0907*75
2021:01:22:14:05:46.345000,1611320746.345,$GPGGA,130546.00,6338.080400,N,01043.493259,E,2,12,0.6,12.22,M,40.44,M,6.0,0907*7A
2021:01:22:14:05:47.345000,1611320747.345,$GPGGA,130547.00,6338.078577,N,01043.488505,E,2,12,0.6,12.26,M,40.44,M,7.0,0907*7C
2021:01:22:14:05:48.345000,1611320748.345,$GPGGA,130548.00,6338.076760,N,01043.483677,E,2,12,0.6,12.25,M,40.44,M,8.0,0907*78
2021:01:22:14:05:50.345000,1611320750.345,$GPGGA,130550.00,6338.073109,N,01043.474092,E,2,12,0.6,12.23,M,40.44,M,10.0,0907*47
2021:01:22:14:05:51.345000,1611320751.345,$GPGGA,130551.00,6338.071289,N,01043.469332,E,2,12,0.6,12.25,M,40.44,M,11.0,0907*4D
2021:01:22:14:05:52.345000,1611320752.345,$GPGGA,130552.00,6338.069457,N,01043.464563,E,2,12,0.6,12.23,M,40.44,M,12.0,0907*48
2021:01:22:14:05:54.345000,1611320754.345,$GPGGA,130554.00,6338.065827,N,01043.454937,E,2,12,0.6,12.22,M,40.44,M,14.0,0907*40
2021:01:22:14:05:55.345000,1611320755.345,$GPGGA,130555.00,6338.063978,N,01043.450187,E,2,12,0.6,12.21,M,40.44,M,10.0,0907*4C
2021:01:22:14:05:56.345000,1611320756.345,$GPGGA,130556.00,6338.062162,N,01043.445414,E,2,12,0.6,12.24,M,40.44,M,6.0,0907*74
2021:01:22:14:05:57.345000,1611320757.345,$GPGGA,130557.00,6338.060357,N,01043.440571,E,2,12,0.6,12.22,M,40.44,M,7.0,0907*73
2021:01:22:14:05:58.344000,1611320758.344,$GPGGA,130558.00,6338.058547,N,01043.435758,E,2,12,0.6,12.21,M,40.44,M,8.0,0907*77
2021:01:22:14:05:59.345000,1611320759.345,$GPGGA,130559.00,6338.056722,N,01043.430953,E,2,12,0.6,12.21,M,40.44,M,9.0,0907*78
2021:01:22:14:06:00.344000,1611320760.344,$GPGGA,130600.00,6338.054915,N,01043.426140,E,2,12,0.6,12.21,M,40.44,M,10.0,0907*4A
2021:01:22:14:06:01.345000,1611320761.345,$GPGGA,130601.00,6338.053115,N,01043.421308,E,2,12,0.6,12.21,M,40.44,M,11.0,0907*4C
2021:01:22:14:06:02.345000,1611320762.345,$GPGGA,130602.00,6338.051311,N,01043.416449,E,2,12,0.6,12.20,M,40.44,M,12.0,0907*4F
2021:01:22:14:06:03.345000,1611320763.345,$GPGGA,130603.00,6338.049499,N,01043.411636,E,2,12,0.6,12.24,M,40.44,M,7.0,0907*7D
2021:01:22:14:06:04.345000,1611320764.345,$GPGGA,130604.00,6338.047692,N,01043.406808,E,2,12,0.6,12.27,M,40.44,M,8.0,0907*74
2021:01:22:14:06:05.345000,1611320765.345,$GPGGA,130605.00,6338.045875,N,01043.401987,E,2,12,0.6,12.28,M,40.44,M,4.0,0907*72
2021:01:22:14:06:06.345000,1611320766.345,$GPGGA,130606.00,6338.044044,N,01043.397190,E,2,12,0.6,12.26,M,40.44,M,5.0,0907*73
2021:01:22:14:06:07.345000,1611320767.345,$GPGGA,130607.00,6338.042227,N,01043.392389,E,2,12,0.6,12.28,M,40.44,M,6.0,0907*71
2021:01:22:14:06:08.345000,1611320768.345,$GPGGA,130608.00,6338.040420,N,01043.387521,E,2,12,0.6,12.28,M,40.44,M,7.0,0907*7C
2021:01:22:14:06:09.345000,1611320769.345,$GPGGA,130609.00,6338.038601,N,01043.382718,E,2,12,0.6,12.28,M,40.44,M,8.0,0907*71
2021:01:22:14:06:10.345000,1611320770.345,$GPGGA,130610.00,6338.036780,N,01043.377946,E,2,12,0.6,12.30,M,40.44,M,9.0,0907*78
2021:01:22:14:06:11.345000,1611320771.345,$GPGGA,130611.00,6338.034961,N,01043.373130,E,2,12,0.6,12.28,M,40.44,M,10.0,0907*46
2021:01:22:14:06:12.345000,1611320772.345,$GPGGA,130612.00,6338.033160,N,01043.368309,E,2,12,0.6,12.27,M,40.44,M,11.0,0907*47
2021:01:22:14:06:13.345000,1611320773.345,$GPGGA,130613.00,6338.031348,N,01043.363468,E,2,12,0.6,12.24,M,40.44,M,7.0,0907*73
2021:01:22:14:06:14.345000,1611320774.345,$GPGGA,130614.00,6338.029541,N,01043.358667,E,2,12,0.6,12.27,M,40.44,M,8.0,0907*7B
2021:01:22:14:06:15.345000,1611320775.345,$GPGGA,130615.00,6338.027738,N,01043.353879,E,2,12,0.6,12.28,M,40.44,M,4.0,0907*71
2021:01:22:14:06:16.346000,1611320776.346,$GPGGA,130616.00,6338.025973,N,01043.349031,E,2,12,0.6,12.28,M,40.44,M,5.0,0907*7F
2021:01:22:14:06:17.346000,1611320777.346,$GPGGA,130617.00,6338.024204,N,01043.344142,E,2,12,0.6,12.27,M,40.44,M,6.0,0907*70
2021:01:22:14:06:18.346000,1611320778.346,$GPGGA,130618.00,6338.022407,N,01043.339255,E,2,12,0.6,12.25,M,40.44,M,7.0,0907*70
2021:01:22:14:06:19.346000,1611320779.346,$GPGGA,130619.00,6338.020633,N,01043.334439,E,2,12,0.6,12.29,M,40.44,M,8.0,0907*74
2021:01:22:14:06:20.346000,1611320780.346,$GPGGA,130620.00,6338.018857,N,01043.329583,E,2,12,0.6,12.30,M,40.44,M,9.0,0907*7C
2021:01:22:14:06:21.346000,1611320781.346,$GPGGA,130621.00,6338.017087,N,01043.324712,E,2,12,0.6,12.26,M,40.44,M,10.0,0907*4F
2021:01:22:14:06:22.346000,1611320782.346,$GPGGA,130622.00,6338.015288,N,01043.319901,E,2,12,0.6,12.25,M,40.44,M,11.0,0907*43
2021:01:22:14:06:23.346000,1611320783.346,$GPGGA,130623.00,6338.013465,N,01043.315117,E,2,12,0.6,12.25,M,40.44,M,6.0,0907*74
2021:01:22:14:06:24.346000,1611320784.346,$GPGGA,130624.00,6338.011656,N,01043.310348,E,2,12,0.6,12.24,M,40.44,M,7.0,0907*7E
2021:01:22:14:06:25.346000,1611320785.346,$GPGGA,130625.00,6338.009865,N,01043.305562,E,2,12,0.6,12.24,M,40.44,M,8.0,0907*7D
2021:01:22:14:06:26.346000,1611320786.346,$GPGGA,130626.00,6338.008065,N,01043.300733,E,2,12,0.6,12.23,M,40.44,M,9.0,0907*72
2021:01:22:14:06:27.346000,1611320787.346,$GPGGA,130627.00,6338.006243,N,01043.295915,E,2,12,0.6,12.21,M,40.44,M,10.0,0907*46
2021:01:22:14:06:28.346000,1611320788.346,$GPGGA,130628.00,6338.004434,N,01043.291169,E,2,12,0.6,12.21,M,40.44,M,11.0,0907*4B
2021:01:22:14:06:29.345000,1611320789.345,$GPGGA,130629.00,6338.002617,N,01043.286398,E,2,12,0.6,12.21,M,40.44,M,7.0,0907*72
2021:01:22:14:06:30.345000,1611320790.345,$GPGGA,130630.00,6338.000798,N,01043.281555,E,2,12,0.6,12.18,M,40.44,M,8.0,0907*7B
2021:01:22:14:06:32.346000,1611320792.346,$GPGGA,130632.00,6337.997185,N,01043.271918,E,2,12,0.6,12.16,M,40.44,M,10.0,0907*46
2021:01:22:14:06:33.346000,1611320793.346,$GPGGA,130633.00,6337.995389,N,01043.267098,E,2,12,0.6,12.19,M,40.44,M,6.0,0907*75
2021:01:22:14:06:34.346000,1611320794.346,$GPGGA,130634.00,6337.993577,N,01043.262242,E,2,12,0.6,12.18,M,40.44,M,7.0,0907*73
2021:01:22:14:06:36.346000,1611320796.346,$GPGGA,130636.00,6337.989922,N,01043.252660,E,2,12,0.6,12.16,M,40.44,M,9.0,0907*71
2021:01:22:14:06:37.346000,1611320797.346,$GPGGA,130637.00,6337.988102,N,01043.247836,E,2,12,0.6,12.15,M,40.44,M,10.0,0907*49
2021:01:22:14:06:38.346000,1611320798.346,$GPGGA,130638.00,6337.986281,N,01043.243036,E,2,12,0.6,12.16,M,40.44,M,11.0,0907*4E
2021:01:22:14:06:40.346000,1611320800.346,$GPGGA,130640.00,6337.982651,N,01043.233404,E,2,12,0.6,12.21,M,40.44,M,8.0,0907*72
2021:01:22:14:06:41.346000,1611320801.346,$GPGGA,130641.00,6337.980832,N,01043.228571,E,2,12,0.6,12.19,M,40.44,M,9.0,0907*79
2021:01:22:14:06:42.346000,1611320802.346,$GPGGA,130642.00,6337.978990,N,01043.223827,E,2,12,0.6,12.19,M,40.44,M,10.0,0907*49
2021:01:22:14:06:44.346000,1611320804.346,$GPGGA,130644.00,6337.975255,N,01043.214277,E,2,12,0.6,12.21,M,40.44,M,12.0,0907*42
2021:01:22:14:06:45.346000,1611320805.346,$GPGGA,130645.00,6337.973431,N,01043.209499,E,2,12,0.6,12.23,M,40.44,M,13.0,0907*48
2021:01:22:14:06:46.347000,1611320806.347,$GPGGA,130646.00,6337.971610,N,01043.204649,E,2,12,0.6,12.23,M,40.44,M,9.0,0907*71
2021:01:22:14:06:47.347000,1611320807.347,$GPGGA,130647.00,6337.969782,N,01043.199793,E,2,12,0.6,12.23,M,40.44,M,10.0,0907*4A
2021:01:22:14:06:48.347000,1611320808.347,$GPGGA,130648.00,6337.967932,N,01043.194998,E,2,12,0.6,12.25,M,40.44,M,11.0,0907*41
2021:01:22:14:06:49.347000,1611320809.347,$GPGGA,130649.00,6337.966095,N,01043.190196,E,2,12,0.6,12.26,M,40.44,M,12.0,0907*47
2021:01:22:14:06:50.347000,1611320810.347,$GPGGA,130650.00,6337.964289,N,01043.185339,E,2,12,0.6,12.27,M,40.44,M,7.0,0907*74
2021:01:22:14:06:52.347000,1611320812.347,$GPGGA,130652.00,6337.960663,N,01043.175611,E,2,12,0.6,12.26,M,40.44,M,9.0,0907*7D
2021:01:22:14:06:53.347000,1611320813.347,$GPGGA,130653.00,6337.958811,N,01043.170831,E,2,12,0.6,12.27,M,40.44,M,10.0,0907*4C
2021:01:22:14:06:54.347000,1611320814.347,$GPGGA,130654.00,6337.956981,N,01043.165990,E,2,12,0.6,12.27,M,40.44,M,11.0,0907*42
2021:01:22:14:06:56.347000,1611320816.347,$GPGGA,130656.00,6337.953389,N,01043.156172,E,2,12,0.6,12.24,M,40.44,M,8.0,0907*78
2021:01:22:14:06:57.347000,1611320817.347,$GPGGA,130657.00,6337.951588,N,01043.151294,E,2,12,0.6,12.26,M,40.44,M,9.0,0907*73
2021:01:22:14:06:58.347000,1611320818.347,$GPGGA,130658.00,6337.949743,N,01043.146459,E,2,12,0.6,12.27,M,40.45,M,10.0,0907*49
2021:01:22:14:07:00.347000,1611320820.347,$GPGGA,130700.00,6337.946114,N,01043.136691,E,2,12,0.6,12.25,M,40.45,M,7.0,0907*7B
2021:01:22:14:07:01.347000,1611320821.347,$GPGGA,130701.00,6337.944305,N,01043.131830,E,2,12,0.6,12.28,M,40.45,M,8.0,0907*7A
2021:01:22:14:07:02.347000,1611320822.347,$GPGGA,130702.00,6337.942474,N,01043.126964,E,2,12,0.6,12.29,M,40.45,M,9.0,0907*78
2021:01:22:14:07:03.347000,1611320823.347,$GPGGA,130703.00,6337.940646,N,01043.122141,E,2,12,0.6,12.26,M,40.45,M,10.0,0907*44
2021:01:22:14:07:04.347000,1611320824.347,$GPGGA,130704.00,6337.938823,N,01043.117305,E,2,12,0.6,12.27,M,40.45,M,11.0,0907*45
2021:01:22:14:07:05.347000,1611320825.347,$GPGGA,130705.00,6337.936983,N,01043.112460,E,2,12,0.6,12.28,M,40.45,M,12.0,0907*4C
2021:01:22:14:07:06.347000,1611320826.347,$GPGGA,130706.00,6337.935140,N,01043.107641,E,2,12,0.6,12.26,M,40.45,M,7.0,0907*74
2021:01:22:14:07:07.347000,1611320827.347,$GPGGA,130707.00,6337.933299,N,01043.102756,E,2,12,0.6,12.24,M,40.45,M,8.0,0907*7B
2021:01:22:14:07:08.347000,1611320828.347,$GPGGA,130708.00,6337.931484,N,01043.097915,E,2,12,0.6,12.24,M,40.45,M,9.0,0907*79
2021:01:22:14:07:09.347000,1611320829.347,$GPGGA,130709.00,6337.929674,N,01043.093042,E,2,12,0.6,12.21,M,40.45,M,5.0,0907*7A
2021:01:22:14:07:10.347000,1611320830.347,$GPGGA,130710.00,6337.927855,N,01043.088138,E,2,12,0.6,12.20,M,40.45,M,6.0,0907*75
2021:01:22:14:07:11.347000,1611320831.347,$GPGGA,130711.00,6337.926052,N,01043.083244,E,2,12,0.6,12.19,M,40.45,M,7.0,0907*72
2021:01:22:14:07:12.347000,1611320832.347,$GPGGA,130712.00,6337.924233,N,01043.078359,E,2,12,0.6,12.19,M,40.45,M,8.0,0907*70
2021:01:22:14:07:13.347000,1611320833.347,$GPGGA,130713.00,6337.922417,N,01043.073484,E,2,12,0.6,12.19,M,40.45,M,9.0,0907*7A
2021:01:22:14:07:14.347000,1611320834.347,$GPGGA,130714.00,6337.920601,N,01043.068622,E,2,12,0.6,12.20,M,40.45,M,10.0,0907*4C
2021:01:22:14:07:15.347000,1611320835.347,$GPGGA,130715.00,6337.918771,N,01043.063778,E,2,12,0.6,12.19,M,40.45,M,11.0,0907*4E
2021:01:22:14:07:16.348000,1611320836.348,$GPGGA,130716.00,6337.916944,N,01043.058946,E,2,12,0.6,12.23,M,40.45,M,7.0,0907*7E
2021:01:22:14:07:17.348000,1611320837.348,$GPGGA,130717.00,6337.915128,N,01043.054059,E,2,12,0.6,12.22,M,40.45,M,8.0,0907*7B
2021:01:22:14:07:18.348000,1611320838.348,$GPGGA,130718.00,6337.913318,N,01043.049207,E,2,12,0.6,12.23,M,40.45,M,9.0,0907*76
2021:01:22:14:07:19.348000,1611320839.348,$GPGGA,130719.00,6337.911488,N,01043.044402,E,2,12,0.6,12.25,M,40.45,M,5.0,0907*7F
2021:01:22:14:07:20.348000,1611320840.348,$GPGGA,130720.00,6337.909633,N,01043.039581,E,2,12,0.6,12.24,M,40.45,M,6.0,0907*7C
2021:01:22:14:07:21.348000,1611320841.348,$GPGGA,130721.00,6337.907791,N,01043.034772,E,2,12,0.6,12.23,M,40.45,M,7.0,0907*7F
2021:01:22:14:07:22.348000,1611320842.348,$GPGGA,130722.00,6337.905958,N,01043.029970,E,2,12,0.6,12.23,M,40.45,M,8.0,0907*7A
2021:01:22:14:07:23.348000,1611320843.348,$GPGGA,130723.00,6337.904110,N,01043.025128,E,2,12,0.6,12.24,M,40.45,M,9.0,0907*71
2021:01:22:14:07:24.348000,1611320844.348,$GPGGA,130724.00,6337.902279,N,01043.020272,E,2,12,0.6,12.24,M,40.45,M,10.0,0907*4D
2021:01:22:14:07:25.348000,1611320845.348,$GPGGA,130725.00,6337.900477,N,01043.015425,E,2,12,0.6,12.28,M,40.45,M,11.0,0907*49
2021:01:22:14:07:26.348000,1611320846.348,$GPGGA,130726.00,6337.898645,N,01043.010545,E,2,12,0.6,12.28,M,40.45,M,12.0,0907*48
2021:01:22:14:07:27.348000,1611320847.348,$GPGGA,130727.00,6337.896812,N,01043.005709,E,2,12,0.6,12.26,M,40.45,M,7.0,0907*7F
2021:01:22:14:07:28.348000,1611320848.348,$GPGGA,130728.00,6337.894974,N,01043.000887,E,2,12,0.6,12.27,M,40.45,M,8.0,0907*71
2021:01:22:14:07:30.349000,1611320850.349,$GPGGA,130730.00,6337.891351,N,01042.991197,E,2,12,0.6,12.26,M,40.45,M,5.0,0907*74
2021:01:22:14:07:31.348000,1611320851.348,$GPGGA,130731.00,6337.889486,N,01042.986347,E,2,12,0.6,12.23,M,40.45,M,6.0,0907*7E
2021:01:22:14:07:32.348000,1611320852.348,$GPGGA,130732.00,6337.887596,N,01042.981588,E,2,12,0.6,12.23,M,40.45,M,7.0,0907*70
2021:01:22:14:07:34.348000,1611320854.348,$GPGGA,130734.00,6337.883934,N,01042.971971,E,2,12,0.6,12.29,M,40.45,M,9.0,0907*77
2021:01:22:14:07:35.348000,1611320855.348,$GPGGA,130735.00,6337.882145,N,01042.967058,E,2,12,0.6,12.26,M,40.45,M,10.0,0907*4B
2021:01:22:14:07:36.348000,1611320856.348,$GPGGA,130736.00,6337.880315,N,01042.962143,E,2,12,0.6,12.24,M,40.45,M,11.0,0907*40
2021:01:22:14:07:37.348000,1611320857.348,$GPGGA,130737.00,6337.878502,N,01042.957280,E,2,12,0.6,12.23,M,40.45,M,7.0,0907*7C
2021:01:22:14:07:38.348000,1611320858.348,$GPGGA,130738.00,6337.876714,N,01042.952417,E,2,12,0.6,12.27,M,40.45,M,8.0,0907*7E
2021:01:22:14:07:39.348000,1611320859.348,$GPGGA,130739.00,6337.874956,N,01042.947490,E,2,12,0.6,12.27,M,40.45,M,9.0,0907*7F
2021:01:22:14:07:40.348000,1611320860.348,$GPGGA,130740.00,6337.873173,N,01042.942597,E,2,12,0.6,12.27,M,40.45,M,10.0,0907*42
2021:01:22:14:07:41.348000,1611320861.348,$GPGGA,130741.00,6337.871334,N,01042.937768,E,2,12,0.6,12.27,M,40.45,M,11.0,0907*41
2021:01:22:14:07:42.348000,1611320862.348,$GPGGA,130742.00,6337.869501,N,01042.932937,E,2,12,0.6,12.26,M,40.45,M,12.0,0907*48
2021:01:22:14:07:43.348000,1611320863.348,$GPGGA,130743.00,6337.867727,N,01042.928060,E,2,12,0.6,12.25,M,40.45,M,7.0,0907*76
2021:01:22:14:07:44.348000,1611320864.348,$GPGGA,130744.00,6337.865985,N,01042.923107,E,2,12,0.6,12.25,M,40.45,M,8.0,0907*71
2021:01:22:14:07:46.349000,1611320866.349,$GPGGA,130746.00,6337.862487,N,01042.913176,E,2,12,0.6,12.23,M,40.45,M,10.0,0907*41
2021:01:22:14:07:47.349000,1611320867.349,$GPGGA,130747.00,6337.860714,N,01042.908257,E,2,12,0.6,12.23,M,40.45,M,11.0,0907*40
2021:01:22:14:07:48.349000,1611320868.349,$GPGGA,130748.00,6337.858951,N,01042.903321,E,2,12,0.6,12.21,M,40.45,M,12.0,0907*41
2021:01:22:14:07:50.349000,1611320870.349,$GPGGA,130750.00,6337.855471,N,01042.893420,E,2,12,0.6,12.21,M,40.45,M,9.0,0907*7E
2021:01:22:14:07:51.349000,1611320871.349,$GPGGA,130751.00,6337.853693,N,01042.888501,E,2,12,0.6,12.19,M,40.45,M,10.0,0907*4C
2021:01:22:14:07:52.349000,1611320872.349,$GPGGA,130752.00,6337.851921,N,01042.883589,E,2,12,0.6,12.17,M,40.45,M,11.0,0907*4F
2021:01:22:14:07:54.349000,1611320874.349,$GPGGA,130754.00,6337.848430,N,01042.873734,E,2,12,0.6,12.18,M,40.45,M,8.0,0907*70
2021:01:22:14:07:55.349000,1611320875.349,$GPGGA,130755.00,6337.846678,N,01042.868803,E,2,12,0.6,12.20,M,40.45,M,9.0,0907*7A
2021:01:22:14:07:56.349000,1611320876.349,$GPGGA,130756.00,6337.844908,N,01042.863915,E,2,12,0.6,12.24,M,40.45,M,5.0,0907*76
2021:01:22:14:07:57.349000,1611320877.349,$GPGGA,130757.00,6337.843132,N,01042.859014,E,2,12,0.6,12.23,M,40.45,M,6.0,0907*74
2021:01:22:14:07:58.349000,1611320878.349,$GPGGA,130758.00,6337.841372,N,01042.854115,E,2,12,0.6,12.24,M,40.45,M,7.0,0907*74
2021:01:22:14:07:59.349000,1611320879.349,$GPGGA,130759.00,6337.839593,N,01042.849217,E,2,12,0.6,12.24,M,40.45,M,8.0,0907*71
2021:01:22:14:08:00.350000,1611320880.35,$GPGGA,130800.00,6337.837835,N,01042.844301,E,2,12,0.6,12.23,M,40.45,M,9.0,0907*70
2021:01:22:14:08:02.350000,1611320882.35,$GPGGA,130802.00,6337.834339,N,01042.834452,E,2,12,0.6,12.26,M,40.45,M,11.0,0907*4C
2021:01:22:14:08:03.349000,1611320883.349,$GPGGA,130803.00,6337.832583,N,01042.829508,E,2,12,0.6,12.23,M,40.45,M,12.0,0907*48
2021:01:22:14:08:04.349000,1611320884.349,$GPGGA,130804.00,6337.830822,N,01042.824641,E,2,12,0.6,12.25,M,40.45,M,7.0,0907*7A
2021:01:22:14:08:05.349000,1611320885.349,$GPGGA,130805.00,6337.829046,N,01042.819735,E,2,12,0.6,12.26,M,40.45,M,8.0,0907*79
2021:01:22:14:08:06.349000,1611320886.349,$GPGGA,130806.00,6337.827310,N,01042.814826,E,2,12,0.6,12.26,M,40.45,M,9.0,0907*75
2021:01:22:14:08:07.349000,1611320887.349,$GPGGA,130807.00,6337.825556,N,01042.809918,E,2,12,0.6,12.26,M,40.45,M,10.0,0907*4A
2021:01:22:14:08:08.349000,1611320888.349,$GPGGA,130808.00,6337.823769,N,01042.805015,E,2,12,0.6,12.23,M,40.45,M,11.0,0907*41
2021:01:22:14:08:09.349000,1611320889.349,$GPGGA,130809.00,6337.821991,N,01042.800152,E,2,12,0.6,12.22,M,40.45,M,12.0,0907*4E
2021:01:22:14:08:10.349000,1611320890.349,$GPGGA,130810.00,6337.820212,N,01042.795318,E,2,12,0.6,12.23,M,40.45,M,6.0,0907*7C
2021:01:22:14:08:11.349000,1611320891.349,$GPGGA,130811.00,6337.818438,N,01042.790411,E,2,12,0.6,12.22,M,40.46,M,7.0,0907*70
2021:01:22:14:08:12.349000,1611320892.349,$GPGGA,130812.00,6337.816671,N,01042.785506,E,2,12,0.6,12.19,M,40.46,M,8.0,0907*76
2021:01:22:14:08:13.349000,1611320893.349,$GPGGA,130813.00,6337.814865,N,01042.780693,E,2,12,0.6,12.20,M,40.46,M,9.0,0907*7F
2021:01:22:14:08:14.349000,1611320894.349,$GPGGA,130814.00,6337.813046,N,01042.775883,E,2,12,0.6,12.21,M,40.46,M,7.0,0907*7C
2021:01:22:14:08:15.350000,1611320895.35,$GPGGA,130815.00,6337.811244,N,01042.771027,E,2,12,0.6,12.20,M,40.46,M,8.0,0907*73
2021:01:22:14:08:16.350000,1611320896.35,$GPGGA,130816.00,6337.809458,N,01042.766184,E,2,12,0.6,12.20,M,40.46,M,9.0,0907*7D
2021:01:22:14:08:17.350000,1611320897.35,$GPGGA,130817.00,6337.807651,N,01042.761341,E,2,12,0.6,12.21,M,40.46,M,10.0,0907*4C
2021:01:22:14:08:18.350000,1611320898.35,$GPGGA,130818.00,6337.805847,N,01042.756505,E,2,12,0.6,12.18,M,40.46,M,11.0,0907*41
2021:01:22:14:08:19.350000,1611320899.35,$GPGGA,130819.00,6337.804028,N,01042.751700,E,2,12,0.6,12.17,M,40.46,M,12.0,0907*4C
2021:01:22:14:08:20.350000,1611320900.35,$GPGGA,130820.00,6337.802215,N,01042.746885,E,2,12,0.6,12.19,M,40.46,M,7.0,0907*72
2021:01:22:14:08:21.350000,1611320901.35,$GPGGA,130821.00,6337.800409,N,01042.742050,E,2,12,0.6,12.20,M,40.46,M,8.0,0907*7B
2021:01:22:14:08:22.350000,1611320902.35,$GPGGA,130822.00,6337.798607,N,01042.737206,E,2,12,0.6,12.19,M,40.46,M,9.0,0907*72
2021:01:22:14:08:23.350000,1611320903.35,$GPGGA,130823.00,6337.796827,N,01042.732367,E,2,12,0.6,12.20,M,40.46,M,10.0,0907*40
2021:01:22:14:08:24.350000,1611320904.35,$GPGGA,130824.00,6337.795036,N,01042.727505,E,2,12,0.6,12.21,M,40.46,M,6.0,0907*7C
2021:01:22:14:08:25.350000,1611320905.35,$GPGGA,130825.00,6337.793234,N,01042.722669,E,2,12,0.6,12.20,M,40.46,M,7.0,0907*77
2021:01:22:14:08:26.350000,1611320906.35,$GPGGA,130826.00,6337.791423,N,01042.717827,E,2,12,0.6,12.20,M,40.46,M,8.0,0907*7B
2021:01:22:14:08:27.350000,1611320907.35,$GPGGA,130827.00,6337.789633,N,01042.712980,E,2,12,0.6,12.20,M,40.46,M,9.0,0907*78
2021:01:22:14:08:28.350000,1611320908.35,$GPGGA,130828.00,6337.787878,N,01042.708124,E,2,12,0.6,12.22,M,40.46,M,10.0,0907*4F
2021:01:22:14:08:29.350000,1611320909.35,$GPGGA,130829.00,6337.786093,N,01042.703195,E,2,12,0.6,12.19,M,40.46,M,11.0,0907*4A
2021:01:22:14:08:30.351000,1611320910.351,$GPGGA,130830.00,6337.784319,N,01042.698290,E,2,12,0.6,12.17,M,40.46,M,7.0,0907*7D
2021:01:22:14:08:32.351000,1611320912.351,$GPGGA,130832.00,6337.780731,N,01042.688627,E,2,12,0.6,12.20,M,40.46,M,9.0,0907*76
2021:01:22:14:08:33.351000,1611320913.351,$GPGGA,130833.00,6337.778949,N,01042.683773,E,2,12,0.6,12.22,M,40.46,M,4.0,0907*75
2021:01:22:14:08:34.350000,1611320914.35,$GPGGA,130834.00,6337.777160,N,01042.678935,E,2,12,0.6,12.20,M,40.46,M,5.0,0907*75
2021:01:22:14:08:35.350000,1611320915.35,$GPGGA,130835.00,6337.775350,N,01042.674147,E,2,12,0.6,12.19,M,40.46,M,6.0,0907*7F
2021:01:22:14:08:36.350000,1611320916.35,$GPGGA,130836.00,6337.773530,N,01042.669352,E,2,12,0.6,12.21,M,40.46,M,7.0,0907*7A
2021:01:22:14:08:37.350000,1611320917.35,$GPGGA,130837.00,6337.771704,N,01042.664567,E,2,12,0.6,12.23,M,40.46,M,8.0,0907*7C
2021:01:22:14:08:38.350000,1611320918.35,$GPGGA,130838.00,6337.769887,N,01042.659785,E,2,12,0.6,12.23,M,40.46,M,9.0,0907*7F
2021:01:22:14:08:39.350000,1611320919.35,$GPGGA,130839.00,6337.768062,N,01042.655026,E,2,12,0.6,12.24,M,40.46,M,10.0,0907*41
2021:01:22:14:08:40.350000,1611320920.35,$GPGGA,130840.00,6337.766232,N,01042.650264,E,2,12,0.6,12.24,M,40.46,M,6.0,0907*70
2021:01:22:14:08:41.350000,1611320921.35,$GPGGA,130841.00,6337.764403,N,01042.645490,E,2,12,0.6,12.23,M,40.46,M,7.0,0907*78
2021:01:22:14:08:42.350000,1611320922.35,$GPGGA,130842.00,6337.762577,N,01042.640717,E,2,12,0.6,12.25,M,40.46,M,8.0,0907*7F
2021:01:22:14:08:44.350000,1611320924.35,$GPGGA,130844.00,6337.758929,N,01042.631175,E,2,12,0.6,12.25,M,40.46,M,5.0,0907*7E
2021:01:22:14:08:45.351000,1611320925.351,$GPGGA,130845.00,6337.757097,N,01042.626395,E,2,12,0.6,12.26,M,40.46,M,6.0,0907*76
2021:01:22:14:08:46.351000,1611320926.351,$GPGGA,130846.00,6337.755276,N,01042.621596,E,2,12,0.6,12.24,M,40.46,M,7.0,0907*7B
2021:01:22:14:08:47.351000,1611320927.351,$GPGGA,130847.00,6337.753461,N,01042.616804,E,2,12,0.6,12.25,M,40.46,M,8.0,0907*70
2021:01:22:14:08:48.351000,1611320928.351,$GPGGA,130848.00,6337.751647,N,01042.611976,E,2,12,0.6,12.25,M,40.46,M,9.0,0907*79
2021:01:22:14:08:49.351000,1611320929.351,$GPGGA,130849.00,6337.749840,N,01042.607150,E,2,12,0.6,12.23,M,40.46,M,10.0,0907*4D
2021:01:22:14:08:50.351000,1611320930.351,$GPGGA,130850.00,6337.748032,N,01042.602342,E,2,12,0.6,12.24,M,40.46,M,11.0,0907*4B
2021:01:22:14:08:52.351000,1611320932.351,$GPGGA,130852.00,6337.744431,N,01042.592700,E,2,12,0.6,12.22,M,40.46,M,8.0,0907*74
2021:01:22:14:08:53.351000,1611320933.351,$GPGGA,130853.00,6337.742624,N,01042.587842,E,2,12,0.6,12.20,M,40.46,M,4.0,0907*76
2021:01:22:14:08:54.351000,1611320934.351,$GPGGA,130854.00,6337.740830,N,01042.583055,E,2,12,0.6,12.21,M,40.46,M,5.0,0907*72
2021:01:22:14:08:56.351000,1611320936.351,$GPGGA,130856.00,6337.737272,N,01042.573330,E,2,12,0.6,12.20,M,40.46,M,7.0,0907*70
2021:01:22:14:08:57.351000,1611320937.351,$GPGGA,130857.00,6337.735458,N,01042.568519,E,2,12,0.6,12.19,M,40.46,M,8.0,0907*7F
2021:01:22:14:08:58.351000,1611320938.351,$GPGGA,130858.00,6337.733639,N,01042.563737,E,2,12,0.6,12.20,M,40.46,M,9.0,0907*7D
2021:01:22:14:08:59.351000,1611320939.351,$GPGGA,130859.00,6337.731823,N,01042.558937,E,2,12,0.6,12.20,M,40.46,M,10.0,0907*45
2021:01:22:14:09:00.352000,1611320940.352,$GPGGA,130900.00,6337.730017,N,01042.554143,E,2,12,0.6,12.20,M,40.46,M,11.0,0907*40
2021:01:22:14:09:01.352000,1611320941.352,$GPGGA,130901.00,6337.728204,N,01042.549303,E,2,12,0.6,12.18,M,40.46,M,12.0,0907*4A
2021:01:22:14:09:02.352000,1611320942.352,$GPGGA,130902.00,6337.726388,N,01042.544531,E,2,12,0.6,12.18,M,40.46,M,13.0,0907*49
2021:01:22:14:09:04.352000,1611320944.352,$GPGGA,130904.00,6337.722714,N,01042.534996,E,2,12,0.6,12.20,M,40.46,M,9.0,0907*7C
2021:01:22:14:09:05.351000,1611320945.351,$GPGGA,130905.00,6337.720899,N,01042.530237,E,2,12,0.6,12.21,M,40.46,M,10.0,0907*48
2021:01:22:14:09:06.351000,1611320946.351,$GPGGA,130906.00,6337.719068,N,01042.525475,E,2,12,0.6,12.22,M,40.46,M,11.0,0907*41
2021:01:22:14:09:07.351000,1611320947.351,$GPGGA,130907.00,6337.717217,N,01042.520688,E,2,12,0.6,12.22,M,40.46,M,7.0,0907*76
2021:01:22:14:09:08.351000,1611320948.351,$GPGGA,130908.00,6337.715398,N,01042.515920,E,2,12,0.6,12.21,M,40.46,M,8.0,0907*7A
2021:01:22:14:09:09.351000,1611320949.351,$GPGGA,130909.00,6337.713571,N,01042.511135,E,2,12,0.6,12.23,M,40.46,M,9.0,0907*77
2021:01:22:14:09:10.351000,1611320950.351,$GPGGA,130910.00,6337.711751,N,01042.506315,E,2,12,0.6,12.24,M,40.46,M,10.0,0907*44
2021:01:22:14:09:11.351000,1611320951.351,$GPGGA,130911.00,6337.709944,N,01042.501472,E,2,12,0.6,12.22,M,40.46,M,11.0,0907*40
2021:01:22:14:09:12.351000,1611320952.351,$GPGGA,130912.00,6337.708134,N,01042.496640,E,2,12,0.6,12.21,M,40.46,M,12.0,0907*41
2021:01:22:14:09:13.351000,1611320953.351,$GPGGA,130913.00,6337.706338,N,01042.491827,E,2,12,0.6,12.23,M,40.46,M,13.0,0907*4B
2021:01:22:14:09:14.351000,1611320954.351,$GPGGA,130914.00,6337.704515,N,01042.486982,E,2,12,0.6,12.23,M,40.46,M,8.0,0907*75
2021:01:22:14:09:15.352000,1611320955.352,$GPGGA,130915.00,6337.702708,N,01042.482140,E,2,12,0.6,12.22,M,40.46,M,9.0,0907*7E
2021:01:22:14:09:16.352000,1611320956.352,$GPGGA,130916.00,6337.700915,N,01042.477277,E,2,12,0.6,12.21,M,40.46,M,10.0,0907*4B
2021:01:22:14:09:17.352000,1611320957.352,$GPGGA,130917.00,6337.699140,N,01042.472418,E,2,12,0.6,12.23,M,40.46,M,11.0,0907*4A
2021:01:22:14:09:18.352000,1611320958.352,$GPGGA,130918.00,6337.697338,N,01042.467552,E,2,12,0.6,12.22,M,40.46,M,12.0,0907*4F
2021:01:22:14:09:19.352000,1611320959.352,$GPGGA,130919.00,6337.695523,N,01042.462712,E,2,12,0.6,12.20,M,40.46,M,13.0,0907*40
2021:01:22:14:09:20.352000,1611320960.352,$GPGGA,130920.00,6337.693719,N,01042.457903,E,2,12,0.6,12.21,M,40.46,M,8.0,0907*74
2021:01:22:14:09:21.352000,1611320961.352,$GPGGA,130921.00,6337.691913,N,01042.453058,E,2,12,0.6,12.23,M,40.46,M,9.0,0907*73
2021:01:22:14:09:22.352000,1611320962.352,$GPGGA,130922.00,6337.690107,N,01042.448213,E,2,12,0.6,12.22,M,40.46,M,10.0,0907*42
2021:01:22:14:09:23.352000,1611320963.352,$GPGGA,130923.00,6337.688283,N,01042.443438,E,2,12,0.6,12.24,M,40.46,M,11.0,0907*46
2021:01:22:14:09:24.352000,1611320964.352,$GPGGA,130924.00,6337.686449,N,01042.438640,E,2,12,0.6,12.26,M,40.46,M,7.0,0907*7B
2021:01:22:14:09:25.352000,1611320965.352,$GPGGA,130925.00,6337.684632,N,01042.433819,E,2,12,0.6,12.26,M,40.47,M,8.0,0907*71
2021:01:22:14:09:26.352000,1611320966.352,$GPGGA,130926.00,6337.682799,N,01042.429016,E,2,12,0.6,12.26,M,40.47,M,9.0,0907*79
2021:01:22:14:09:27.352000,1611320967.352,$GPGGA,130927.00,6337.680961,N,01042.424219,E,2,12,0.6,12.26,M,40.47,M,10.0,0907*4B
2021:01:22:14:09:28.352000,1611320968.352,$GPGGA,130928.00,6337.679106,N,01042.419473,E,2,12,0.6,12.26,M,40.47,M,5.0,0907*7B
2021:01:22:14:09:29.352000,1611320969.352,$GPGGA,130929.00,6337.677250,N,01042.414732,E,2,12,0.6,12.27,M,40.47,M,6.0,0907*7D
2021:01:22:14:09:30.353000,1611320970.353,$GPGGA,130930.00,6337.675404,N,01042.409937,E,2,12,0.6,12.27,M,40.47,M,7.0,0907*76
2021:01:22:14:09:31.353000,1611320971.353,$GPGGA,130931.00,6337.673592,N,01042.405115,E,2,12,0.6,12.28,M,40.47,M,8.0,0907*7B
2021:01:22:14:09:32.353000,1611320972.353,$GPGGA,130932.00,6337.671771,N,01042.400318,E,2,12,0.6,12.28,M,40.47,M,9.0,0907*7E
2021:01:22:14:09:34.353000,1611320974.353,$GPGGA,130934.00,6337.668095,N,01042.390723,E,2,12,0.6,12.25,M,40.47,M,6.0,0907*7D
2021:01:22:14:09:35.353000,1611320975.353,$GPGGA,130935.00,6337.666274,N,01042.385925,E,2,12,0.6,12.27,M,40.47,M,7.0,0907*70
2021:01:22:14:09:36.352000,1611320976.352,$GPGGA,130936.00,6337.664464,N,01042.381097,E,2,12,0.6,12.28,M,40.47,M,8.0,0907*72
2021:01:22:14:09:37.352000,1611320977.352,$GPGGA,130937.00,6337.662656,N,01042.376305,E,2,12,0.6,12.29,M,40.47,M,9.0,0907*76
2021:01:22:14:09:38.352000,1611320978.352,$GPGGA,130938.00,6337.660846,N,01042.371463,E,2,12,0.6,12.28,M,40.47,M,10.0,0907*4D
2021:01:22:14:09:39.352000,1611320979.352,$GPGGA,130939.00,6337.659041,N,01042.366586,E,2,12,0.6,12.26,M,40.47,M,11.0,0907*4A
2021:01:22:14:09:40.352000,1611320980.352,$GPGGA,130940.00,6337.657260,N,01042.361766,E,2,12,0.6,12.31,M,40.47,M,7.0,0907*71
2021:01:22:14:09:42.352000,1611320982.352,$GPGGA,130942.00,6337.653714,N,01042.351981,E,2,12,0.6,12.28,M,40.47,M,9.0,0907*73
2021:01:22:14:09:43.352000,1611320983.352,$GPGGA,130943.00,6337.651923,N,01042.347132,E,2,12,0.6,12.28,M,40.47,M,10.0,0907*45
2021:01:22:14:09:44.353000,1611320984.353,$GPGGA,130944.00,6337.650126,N,01042.342287,E,2,12,0.6,12.27,M,40.47,M,6.0,0907*7E
2021:01:22:14:09:46.353000,1611320986.353,$GPGGA,130946.00,6337.646560,N,01042.332562,E,2,12,0.6,12.28,M,40.47,M,8.0,0907*77
2021:01:22:14:09:47.353000,1611320987.353,$GPGGA,130947.00,6337.644753,N,01042.327690,E,2,12,0.6,12.26,M,40.47,M,9.0,0907*73
2021:01:22:14:09:48.353000,1611320988.353,$GPGGA,130948.00,6337.642975,N,01042.322858,E,2,12,0.6,12.28,M,40.47,M,10.0,0907*49
2021:01:22:14:09:49.353000,1611320989.353,$GPGGA,130949.00,6337.641194,N,01042.317988,E,2,12,0.6,12.30,M,40.47,M,11.0,0907*4E
2021:01:22:14:09:50.353000,1611320990.353,$GPGGA,130950.00,6337.639408,N,01042.313115,E,2,12,0.6,12.27,M,40.47,M,12.0,0907*44
2021:01:22:14:09:51.353000,1611320991.353,$GPGGA,130951.00,6337.637598,N,01042.308286,E,2,12,0.6,12.22,M,40.47,M,7.0,0907*71
2021:01:22:14:09:52.353000,1611320992.353,$GPGGA,130952.00,6337.635791,N,01042.303452,E,2,12,0.6,12.21,M,40.47,M,8.0,0907*73
2021:01:22:14:09:54.353000,1611320994.353,$GPGGA,130954.00,6337.632165,N,01042.293819,E,2,12,0.6,12.22,M,40.47,M,5.0,0907*7A
2021:01:22:14:09:55.353000,1611320995.353,$GPGGA,130955.00,6337.630354,N,01042.288980,E,2,12,0.6,12.22,M,40.47,M,6.0,0907*71
2021:01:22:14:09:56.353000,1611320996.353,$GPGGA,130956.00,6337.628548,N,01042.284131,E,2,12,0.6,12.22,M,40.47,M,7.0,0907*7F
2021:01:22:14:09:57.353000,1611320997.353,$GPGGA,130957.00,6337.626758,N,01042.279305,E,2,12,0.6,12.23,M,40.47,M,8.0,0907*7A
2021:01:22:14:09:58.353000,1611320998.353,$GPGGA,130958.00,6337.624921,N,01042.274456,E,2,12,0.6,12.22,M,40.47,M,9.0,0907*7B
2021:01:22:14:09:59.354000,1611320999.354,$GPGGA,130959.00,6337.623093,N,01042.269641,E,2,12,0.6,12.21,M,40.47,M,10.0,0907*4E
2021:01:22:14:10:00.354000,1611321000.354,$GPGGA,131000.00,6337.621302,N,01042.264804,E,2,12,0.6,12.21,M,40.47,M,11.0,0907*40
2021:01:22:14:10:02.354000,1611321002.354,$GPGGA,131002.00,6337.617703,N,01042.255096,E,2,12,0.6,12.25,M,40.47,M,8.0,0907*7F
2021:01:22:14:10:03.354000,1611321003.354,$GPGGA,131003.00,6337.615880,N,01042.250278,E,2,12,0.6,12.22,M,40.47,M,9.0,0907*79
2021:01:22:14:10:04.354000,1611321004.354,$GPGGA,131004.00,6337.614081,N,01042.245459,E,2,12,0.6,12.23,M,40.47,M,10.0,0907*4E
2021:01:22:14:10:05.354000,1611321005.354,$GPGGA,131005.00,6337.612299,N,01042.240571,E,2,12,0.6,12.26,M,40.47,M,11.0,0907*48
2021:01:22:14:10:06.354000,1611321006.354,$GPGGA,131006.00,6337.610539,N,01042.235684,E,2,12,0.6,12.28,M,40.47,M,12.0,0907*42
2021:01:22:14:10:07.354000,1611321007.354,$GPGGA,131007.00,6337.608764,N,01042.230819,E,2,12,0.6,12.28,M,40.47,M,8.0,0907*74
2021:01:22:14:10:08.353000,1611321008.353,$GPGGA,131008.00,6337.606969,N,01042.225952,E,2,12,0.6,12.25,M,40.47,M,9.0,0907*70
2021:01:22:14:10:09.353000,1611321009.353,$GPGGA,131009.00,6337.605169,N,01042.221093,E,2,12,0.6,12.25,M,40.47,M,10.0,0907*42
2021:01:22:14:10:10.353000,1611321010.353,$GPGGA,131010.00,6337.603379,N,01042.216271,E,2,12,0.6,12.29,M,40.47,M,11.0,0907*48
2021:01:22:14:10:11.353000,1611321011.353,$GPGGA,131011.00,6337.601584,N,01042.211431,E,2,12,0.6,12.30,M,40.47,M,6.0,0907*74
2021:01:22:14:10:12.353000,1611321012.353,$GPGGA,131012.00,6337.599781,N,01042.206577,E,2,12,0.6,12.28,M,40.47,M,7.0,0907*7F
2021:01:22:14:10:13.353000,1611321013.353,$GPGGA,131013.00,6337.597960,N,01042.201761,E,2,12,0.6,12.27,M,40.47,M,8.0,0907*73
2021:01:22:14:10:14.354000,1611321014.354,$GPGGA,131014.00,6337.596129,N,01042.196993,E,2,12,0.6,12.29,M,40.47,M,9.0,0907*71
2021:01:22:14:10:15.354000,1611321015.354,$GPGGA,131015.00,6337.594299,N,01042.192193,E,2,12,0.6,12.27,M,40.47,M,5.0,0907*74
2021:01:22:14:10:16.354000,1611321016.354,$GPGGA,131016.00,6337.592485,N,01042.187417,E,2,12,0.6,12.27,M,40.47,M,6.0,0907*74
2021:01:22:14:10:17.354000,1611321017.354,$GPGGA,131017.00,6337.590682,N,01042.182581,E,2,12,0.6,12.27,M,40.47,M,7.0,0907*78
2021:01:22:14:10:18.354000,1611321018.354,$GPGGA,131018.00,6337.588889,N,01042.177730,E,2,12,0.6,12.27,M,40.47,M,8.0,0907*76
2021:01:22:14:10:19.354000,1611321019.354,$GPGGA,131019.00,6337.587091,N,01042.172905,E,2,12,0.6,12.28,M,40.47,M,9.0,0907*7A
2021:01:22:14:10:20.354000,1611321020.354,$GPGGA,131020.00,6337.585292,N,01042.168057,E,2,12,0.6,12.27,M,40.47,M,10.0,0907*41
2021:01:22:14:10:21.354000,1611321021.354,$GPGGA,131021.00,6337.583508,N,01042.163214,E,2,12,0.6,12.26,M,40.47,M,6.0,0907*7A
2021:01:22:14:10:22.354000,1611321022.354,$GPGGA,131022.00,6337.581713,N,01042.158380,E,2,12,0.6,12.27,M,40.47,M,7.0,0907*77
2021:01:22:14:10:23.354000,1611321023.354,$GPGGA,131023.00,6337.579930,N,01042.153499,E,2,12,0.6,12.27,M,40.47,M,8.0,0907*75
2021:01:22:14:10:24.354000,1611321024.354,$GPGGA,131024.00,6337.578165,N,01042.148638,E,2,12,0.6,12.27,M,40.47,M,4.0,0907*74
2021:01:22:14:10:25.354000,1611321025.354,$GPGGA,131025.00,6337.576384,N,01042.143754,E,2,12,0.6,12.26,M,40.47,M,5.0,0907*76
2021:01:22:14:10:26.354000,1611321026.354,$GPGGA,131026.00,6337.574604,N,01042.138917,E,2,12,0.6,12.27,M,40.47,M,6.0,0907*7D
2021:01:22:14:10:27.354000,1611321027.354,$GPGGA,131027.00,6337.572827,N,01042.134038,E,2,12,0.6,12.27,M,40.47,M,7.0,0907*7C
2021:01:22:14:10:28.354000,1611321028.354,$GPGGA,131028.00,6337.571051,N,01042.129189,E,2,12,0.6,12.27,M,40.47,M,8.0,0907*71
2021:01:22:14:10:29.355000,1611321029.355,$GPGGA,131029.00,6337.569264,N,01042.124364,E,2,12,0.6,12.27,M,40.47,M,9.0,0907*70
2021:01:22:14:10:30.355000,1611321030.355,$GPGGA,131030.00,6337.567482,N,01042.119518,E,2,12,0.6,12.26,M,40.47,M,10.0,0907*42
2021:01:22:14:10:31.355000,1611321031.355,$GPGGA,131031.00,6337.565699,N,01042.114705,E,2,12,0.6,12.25,M,40.47,M,5.0,0907*7D
2021:01:22:14:10:32.355000,1611321032.355,$GPGGA,131032.00,6337.563884,N,01042.109863,E,2,12,0.6,12.23,M,40.47,M,6.0,0907*7C
2021:01:22:14:10:33.355000,1611321033.355,$GPGGA,131033.00,6337.562085,N,01042.105040,E,2,12,0.6,12.21,M,40.47,M,7.0,0907*73
2021:01:22:14:10:34.355000,1611321034.355,$GPGGA,131034.00,6337.560273,N,01042.100284,E,2,12,0.6,12.23,M,40.47,M,8.0,0907*7F
2021:01:22:14:10:36.355000,1611321036.355,$GPGGA,131036.00,6337.556655,N,01042.090701,E,2,12,0.6,12.23,M,40.47,M,10.0,0907*41
2021:01:22:14:10:37.355000,1611321037.355,$GPGGA,131037.00,6337.554849,N,01042.085905,E,2,12,0.6,12.22,M,40.47,M,11.0,0907*4F
2021:01:22:14:10:38.354000,1611321038.354,$GPGGA,131038.00,6337.553030,N,01042.081106,E,2,12,0.6,12.21,M,40.48,M,7.0,0907*75
2021:01:22:14:10:39.354000,1611321039.354,$GPGGA,131039.00,6337.551213,N,01042.076346,E,2,12,0.6,12.20,M,40.48,M,8.0,0907*75
2021:01:22:14:10:40.354000,1611321040.354,$GPGGA,131040.00,6337.549395,N,01042.071561,E,2,12,0.6,12.23,M,40.48,M,9.0,0907*7B
2021:01:22:14:10:41.354000,1611321041.354,$GPGGA,131041.00,6337.547599,N,01042.066735,E,2,12,0.6,12.26,M,40.48,M,5.0,0907*72
2021:01:22:14:10:42.354000,1611321042.354,$GPGGA,131042.00,6337.545827,N,01042.061893,E,2,12,0.6,12.26,M,40.48,M,6.0,0907*7C
2021:01:22:14:10:44.355000,1611321044.355,$GPGGA,131044.00,6337.542198,N,01042.052294,E,2,12,0.6,12.24,M,40.48,M,8.0,0907*71
2021:01:22:14:10:45.355000,1611321045.355,$GPGGA,131045.00,6337.540381,N,01042.047520,E,2,12,0.6,12.25,M,40.48,M,9.0,0907*74
2021:01:22:14:10:46.355000,1611321046.355,$GPGGA,131046.00,6337.538586,N,01042.042652,E,2,12,0.6,12.23,M,40.48,M,10.0,0907*44
2021:01:22:14:10:47.355000,1611321047.355,$GPGGA,131047.00,6337.536811,N,01042.037810,E,2,12,0.6,12.22,M,40.48,M,11.0,0907*42
2021:01:22:14:10:48.355000,1611321048.355,$GPGGA,131048.00,6337.535029,N,01042.033008,E,2,12,0.6,12.25,M,40.48,M,7.0,0907*78
2021:01:22:14:10:49.355000,1611321049.355,$GPGGA,131049.00,6337.533219,N,01042.028155,E,2,12,0.6,12.23,M,40.48,M,8.0,0907*74
2021:01:22:14:10:50.355000,1611321050.355,$GPGGA,131050.00,6337.531431,N,01042.023333,E,2,12,0.6,12.22,M,40.48,M,9.0,0907*7B
2021:01:22:14:10:52.355000,1611321052.355,$GPGGA,131052.00,6337.527850,N,01042.013634,E,2,12,0.6,12.25,M,40.48,M,11.0,0907*4A
2021:01:22:14:10:53.355000,1611321053.355,$GPGGA,131053.00,6337.526083,N,01042.008792,E,2,12,0.6,12.25,M,40.48,M,12.0,0907*48
2021:01:22:14:10:54.355000,1611321054.355,$GPGGA,131054.00,6337.524286,N,01042.003962,E,2,12,0.6,12.26,M,40.48,M,7.0,0907*77
2021:01:22:14:10:56.355000,1611321056.355,$GPGGA,131056.00,6337.520647,N,01041.994376,E,2,12,0.6,12.25,M,40.48,M,9.0,0907*7E
2021:01:22:14:10:57.355000,1611321057.355,$GPGGA,131057.00,6337.518843,N,01041.989541,E,2,12,0.6,12.23,M,40.48,M,10.0,0907*4E
2021:01:22:14:10:58.356000,1611321058.356,$GPGGA,131058.00,6337.517057,N,01041.984742,E,2,12,0.6,12.25,M,40.48,M,11.0,0907*48
2021:01:22:14:10:59.356000,1611321059.356,$GPGGA,131059.00,6337.515241,N,01041.979929,E,2,12,0.6,12.25,M,40.48,M,12.0,0907*4C
2021:01:22:14:11:00.356000,1611321060.356,$GPGGA,131100.00,6337.513421,N,01041.975092,E,2,12,0.6,12.22,M,40.48,M,13.0,0907*44
2021:01:22:14:11:01.356000,1611321061.356,$GPGGA,131101.00,6337.511604,N,01041.970320,E,2,12,0.6,12.23,M,40.48,M,14.0,0907*4B
2021:01:22:14:11:02.356000,1611321062.356,$GPGGA,131102.00,6337.509789,N,01041.965529,E,2,12,0.6,12.23,M,40.48,M,10.0,0907*4A
2021:01:22:14:11:04.356000,1611321064.356,$GPGGA,131104.00,6337.506176,N,01041.955841,E,2,12,0.6,12.20,M,40.48,M,12.0,0907*44
2021:01:22:14:11:05.356000,1611321065.356,$GPGGA,131105.00,6337.504403,N,01041.951014,E,2,12,0.6,12.27,M,40.48,M,8.0,0907*70
2021:01:22:14:11:06.356000,1611321066.356,$GPGGA,131106.00,6337.502619,N,01041.946112,E,2,12,0.6,12.28,M,40.48,M,9.0,0907*73
2021:01:22:14:11:07.356000,1611321067.356,$GPGGA,131107.00,6337.500837,N,01041.941225,E,2,12,0.6,12.25,M,40.48,M,10.0,0907*47
2021:01:22:14:11:08.356000,1611321068.356,$GPGGA,131108.00,6337.499057,N,01041.936348,E,2,12,0.6,12.24,M,40.48,M,11.0,0907*4D
2021:01:22:14:11:09.356000,1611321069.356,$GPGGA,131109.00,6337.497306,N,01041.931457,E,2,12,0.6,12.28,M,40.48,M,12.0,0907*44
2021:01:22:14:11:10.355000,1611321070.355,$GPGGA,131110.00,6337.495556,N,01041.926518,E,2,12,0.6,12.30,M,40.48,M,13.0,0907*49
2021:01:22:14:11:11.355000,1611321071.355,$GPGGA,131111.00,6337.493777,N,01041.921634,E,2,12,0.6,12.27,M,40.48,M,14.0,0907*44
2021:01:22:14:11:12.355000,1611321072.355,$GPGGA,131112.00,6337.491996,N,01041.916751,E,2,12,0.6,12.27,M,40.48,M,15.0,0907*43
2021:01:22:14:11:13.356000,1611321073.356,$GPGGA,131113.00,6337.490218,N,01041.911866,E,2,12,0.6,12.27,M,40.48,M,16.0,0907*41
2021:01:22:14:11:14.356000,1611321074.356,$GPGGA,131114.00,6337.488439,N,01041.906973,E,2,12,0.6,12.29,M,40.48,M,17.0,0907*46
2021:01:22:14:11:15.356000,1611321075.356,$GPGGA,131115.00,6337.486680,N,01041.902075,E,2,12,0.6,12.26,M,40.48,M,6.0,0907*7D
2021:01:22:14:11:16.356000,1611321076.356,$GPGGA,131116.00,6337.484932,N,01041.897198,E,2,12,0.6,12.26,M,40.48,M,7.0,0907*74
2021:01:22:14:11:17.356000,1611321077.356,$GPGGA,131117.00,6337.483139,N,01041.892314,E,2,12,0.6,12.25,M,40.48,M,8.0,0907*7E
2021:01:22:14:11:18.356000,1611321078.356,$GPGGA,131118.00,6337.481352,N,01041.887441,E,2,12,0.6,12.23,M,40.48,M,9.0,0907*78
2021:01:22:14:11:19.356000,1611321079.356,$GPGGA,131119.00,6337.479559,N,01041.882642,E,2,12,0.6,12.26,M,40.48,M,10.0,0907*4A
2021:01:22:14:11:20.356000,1611321080.356,$GPGGA,131120.00,6337.477765,N,01041.877797,E,2,12,0.6,12.26,M,40.48,M,11.0,0907*41
2021:01:22:14:11:21.356000,1611321081.356,$GPGGA,131121.00,6337.475976,N,01041.872949,E,2,12,0.6,12.26,M,40.48,M,6.0,0907*70
2021:01:22:14:11:22.356000,1611321082.356,$GPGGA,131122.00,6337.474205,N,01041.868110,E,2,12,0.6,12.26,M,40.48,M,7.0,0907*73
2021:01:22:14:11:23.356000,1611321083.356,$GPGGA,131123.00,6337.472408,N,01041.863281,E,2,12,0.6,12.23,M,40.48,M,8.0,0907*75
2021:01:22:14:11:24.356000,1611321084.356,$GPGGA,131124.00,6337.470587,N,01041.858486,E,2,12,0.6,12.23,M,40.48,M,9.0,0907*7E
2021:01:22:14:11:25.356000,1611321085.356,$GPGGA,131125.00,6337.468768,N,01041.853710,E,2,12,0.6,12.25,M,40.48,M,5.0,0907*78
2021:01:22:14:11:26.356000,1611321086.356,$GPGGA,131126.00,6337.466958,N,01041.848940,E,2,12,0.6,12.24,M,40.48,M,6.0,0907*7B
2021:01:22:14:11:27.356000,1611321087.356,$GPGGA,131127.00,6337.465149,N,01041.844133,E,2,12,0.6,12.22,M,40.48,M,7.0,0907*76
2021:01:22:14:11:28.357000,1611321088.357,$GPGGA,131128.00,6337.463342,N,01041.839325,E,2,12,0.6,12.20,M,40.48,M,8.0,0907*74
2021:01:22:14:11:29.357000,1611321089.357,$GPGGA,131129.00,6337.461542,N,01041.834532,E,2,12,0.6,12.21,M,40.48,M,9.0,0907*7C
2021:01:22:14:11:30.357000,1611321090.357,$GPGGA,131130.00,6337.459737,N,01041.829724,E,2,12,0.6,12.19,M,40.48,M,10.0,0907*45
2021:01:22:14:11:31.357000,1611321091.357,$GPGGA,131131.00,6337.457913,N,01041.824914,E,2,12,0.6,12.21,M,40.48,M,5.0,0907*7D
2021:01:22:14:11:32.357000,1611321092.357,$GPGGA,131132.00,6337.456096,N,01041.820111,E,2,12,0.6,12.20,M,40.48,M,6.0,0907*70
2021:01:22:14:11:33.357000,1611321093.357,$GPGGA,131133.00,6337.454283,N,01041.815335,E,2,12,0.6,12.21,M,40.48,M,7.0,0907*77
2021:01:22:14:11:34.357000,1611321094.357,$GPGGA,131134.00,6337.452478,N,01041.810536,E,2,12,0.6,12.24,M,40.48,M,8.0,0907*7E
2021:01:22:14:11:35.357000,1611321095.357,$GPGGA,131135.00,6337.450685,N,01041.805705,E,2,12,0.6,12.22,M,40.48,M,9.0,0907*7C
2021:01:22:14:11:36.357000,1611321096.357,$GPGGA,131136.00,6337.448870,N,01041.800919,E,2,12,0.6,12.22,M,40.48,M,10.0,0907*4C
2021:01:22:14:11:37.357000,1611321097.357,$GPGGA,131137.00,6337.447052,N,01041.796118,E,2,12,0.6,12.21,M,40.48,M,11.0,0907*41
2021:01:22:14:11:38.357000,1611321098.357,$GPGGA,131138.00,6337.445255,N,01041.791305,E,2,12,0.6,12.23,M,40.48,M,12.0,0907*41
2021:01:22:14:11:39.356000,1611321099.356,$GPGGA,131139.00,6337.443435,N,01041.786508,E,2,12,0.6,12.28,M,40.48,M,8.0,0907*7B
2021:01:22:14:11:40.356000,1611321100.356,$GPGGA,131140.00,6337.441630,N,01041.781707,E,2,12,0.6,12.28,M,40.48,M,9.0,0907*7B
2021:01:22:14:11:42.356000,1611321102.356,$GPGGA,131142.00,6337.438026,N,01041.772115,E,2,12,0.6,12.32,M,40.48,M,11.0,0907*4D
2021:01:22:14:11:43.357000,1611321103.357,$GPGGA,131143.00,6337.436221,N,01041.767299,E,2,12,0.6,12.31,M,40.48,M,12.0,0907*44
2021:01:22:14:11:44.357000,1611321104.357,$GPGGA,131144.00,6337.434444,N,01041.762448,E,2,12,0.6,12.29,M,40.48,M,13.0,0907*43
2021:01:22:14:11:46.357000,1611321106.357,$GPGGA,131146.00,6337.430873,N,01041.752810,E,2,12,0.6,12.31,M,40.48,M,10.0,0907*45
2021:01:22:14:11:47.357000,1611321107.357,$GPGGA,131147.00,6337.429049,N,01041.748000,E,2,12,0.6,12.29,M,40.48,M,11.0,0907*47
2021:01:22:14:11:48.357000,1611321108.357,$GPGGA,131148.00,6337.427232,N,01041.743239,E,2,12,0.6,12.28,M,40.48,M,12.0,0907*49
2021:01:22:14:11:49.357000,1611321109.357,$GPGGA,131149.00,6337.425423,N,01041.738485,E,2,12,0.6,12.28,M,40.48,M,6.0,0907*74
2021:01:22:14:11:50.357000,1611321110.357,$GPGGA,131150.00,6337.423618,N,01041.733638,E,2,12,0.6,12.26,M,40.48,M,7.0,0907*70
2021:01:22:14:11:51.357000,1611321111.357,$GPGGA,131151.00,6337.421818,N,01041.728824,E,2,12,0.6,12.25,M,40.48,M,8.0,0907*78
2021:01:22:14:11:52.357000,1611321112.357,$GPGGA,131152.00,6337.419996,N,01041.724080,E,2,12,0.6,12.27,M,40.49,M,9.0,0907*7F
2021:01:22:14:11:53.357000,1611321113.357,$GPGGA,131153.00,6337.418165,N,01041.719276,E,2,12,0.6,12.29,M,40.49,M,10.0,0907*48
2021:01:22:14:11:54.357000,1611321114.357,$GPGGA,131154.00,6337.416353,N,01041.714489,E,2,12,0.6,12.28,M,40.49,M,11.0,0907*4D
2021:01:22:14:11:55.357000,1611321115.357,$GPGGA,131155.00,6337.414561,N,01041.709718,E,2,12,0.6,12.31,M,40.49,M,7.0,0907*71
2021:01:22:14:11:56.357000,1611321116.357,$GPGGA,131156.00,6337.412745,N,01041.704926,E,2,12,0.6,12.32,M,40.49,M,8.0,0907*72
2021:01:22:14:11:57.357000,1611321117.357,$GPGGA,131157.00,6337.410933,N,01041.700110,E,2,12,0.6,12.30,M,40.49,M,9.0,0907*74
2021:01:22:14:11:58.358000,1611321118.358,$GPGGA,131158.00,6337.409147,N,01041.695265,E,2,12,0.6,12.29,M,40.49,M,5.0,0907*70
2021:01:22:14:11:59.358000,1611321119.358,$GPGGA,131159.00,6337.407364,N,01041.690415,E,2,12,0.6,12.29,M,40.49,M,6.0,0907*7B
2021:01:22:14:12:00.358000,1611321120.358,$GPGGA,131200.00,6337.405594,N,01041.685537,E,2,12,0.6,12.29,M,40.49,M,7.0,0907*7B
2021:01:22:14:12:02.358000,1611321122.358,$GPGGA,131202.00,6337.402074,N,01041.675770,E,2,12,0.6,12.31,M,40.49,M,9.0,0907*7C
2021:01:22:14:12:03.358000,1611321123.358,$GPGGA,131203.00,6337.400308,N,01041.670894,E,2,12,0.6,12.31,M,40.49,M,10.0,0907*4F
2021:01:22:14:12:04.358000,1611321124.358,$GPGGA,131204.00,6337.398542,N,01041.666027,E,2,12,0.6,12.30,M,40.49,M,11.0,0907*41
2021:01:22:14:12:06.358000,1611321126.358,$GPGGA,131206.00,6337.395027,N,01041.656215,E,2,12,0.6,12.29,M,40.49,M,13.0,0907*42
2021:01:22:14:12:07.358000,1611321127.358,$GPGGA,131207.00,6337.393264,N,01041.651346,E,2,12,0.6,12.30,M,40.49,M,14.0,0907*4F
2021:01:22:14:12:08.358000,1611321128.358,$GPGGA,131208.00,6337.391496,N,01041.646501,E,2,12,0.6,12.30,M,40.49,M,5.0,0907*7A
2021:01:22:14:12:09.358000,1611321129.358,$GPGGA,131209.00,6337.389723,N,01041.641627,E,2,12,0.6,12.29,M,40.49,M,6.0,0907*74
2021:01:22:14:12:10.358000,1611321130.358,$GPGGA,131210.00,6337.387966,N,01041.636743,E,2,12,0.6,12.29,M,40.49,M,7.0,0907*7F
2021:01:22:14:12:11.357000,1611321131.357,$GPGGA,131211.00,6337.386195,N,01041.631893,E,2,12,0.6,12.30,M,40.49,M,8.0,0907*79
2021:01:22:14:12:12.357000,1611321132.357,$GPGGA,131212.00,6337.384410,N,01041.627055,E,2,12,0.6,12.31,M,40.49,M,9.0,0907*75
2021:01:22:14:12:13.358000,1611321133.358,$GPGGA,131213.00,6337.382632,N,01041.622198,E,2,12,0.6,12.29,M,40.49,M,10.0,0907*44
2021:01:22:14:12:14.358000,1611321134.358,$GPGGA,131214.00,6337.380881,N,01041.617320,E,2,12,0.6,12.30,M,40.49,M,11.0,0907*49
2021:01:22:14:12:15.358000,1611321135.358,$GPGGA,131215.00,6337.379111,N,01041.612449,E,2,12,0.6,12.29,M,40.49,M,12.0,0907*48
2021:01:22:14:12:16.358000,1611321136.358,$GPGGA,131216.00,6337.377342,N,01041.607600,E,2,12,0.6,12.27,M,40.49,M,8.0,0907*7F
2021:01:22:14:12:17.358000,1611321137.358,$GPGGA,131217.00,6337.375563,N,01041.602745,E,2,12,0.6,12.26,M,40.49,M,9.0,0907*7C
2021:01:22:14:12:18.358000,1611321138.358,$GPGGA,131218.00,6337.373793,N,01041.597932,E,2,12,0.6,12.25,M,40.49,M,10.0,0907*42
2021:01:22:14:12:19.358000,1611321139.358,$GPGGA,131219.00,6337.372019,N,01041.593111,E,2,12,0.6,12.25,M,40.49,M,11.0,0907*4B
2021:01:22:14:12:20.358000,1611321140.358,$GPGGA,131220.00,6337.370247,N,01041.588223,E,2,12,0.6,12.23,M,40.49,M,12.0,0907*47
2021:01:22:14:12:21.358000,1611321141.358,$GPGGA,131221.00,6337.368473,N,01041.583404,E,2,12,0.6,12.23,M,40.49,M,13.0,0907*47
2021:01:22:14:12:22.358000,1611321142.358,$GPGGA,131222.00,6337.366682,N,01041.578577,E,2,12,0.6,12.23,M,40.49,M,8.0,0907*7D
2021:01:22:14:12:23.358000,1611321143.358,$GPGGA,131223.00,6337.364901,N,01041.573753,E,2,12,0.6,12.25,M,40.49,M,9.0,0907*72
2021:01:22:14:12:24.358000,1611321144.358,$GPGGA,131224.00,6337.363116,N,01041.568910,E,2,12,0.6,12.25,M,40.49,M,10.0,0907*47
2021:01:22:14:12:25.358000,1611321145.358,$GPGGA,131225.00,6337.361322,N,01041.564074,E,2,12,0.6,12.28,M,40.49,M,6.0,0907*7C
2021:01:22:14:12:26.358000,1611321146.358,$GPGGA,131226.00,6337.359530,N,01041.559283,E,2,12,0.6,12.30,M,40.49,M,7.0,0907*7D
2021:01:22:14:12:27.358000,1611321147.358,$GPGGA,131227.00,6337.357716,N,01041.554457,E,2,12,0.6,12.29,M,40.49,M,8.0,0907*71
2021:01:22:14:12:28.359000,1611321148.359,$GPGGA,131228.00,6337.355908,N,01041.549667,E,2,12,0.6,12.28,M,40.49,M,9.0,0907*70
2021:01:22:14:12:29.359000,1611321149.359,$GPGGA,131229.00,6337.354084,N,01041.544922,E,2,12,0.6,12.30,M,40.49,M,5.0,0907*7B
2021:01:22:14:12:30.359000,1611321150.359,$GPGGA,131230.00,6337.352269,N,01041.540118,E,2,12,0.6,12.30,M,40.49,M,6.0,0907*72
2021:01:22:14:12:31.359000,1611321151.359,$GPGGA,131231.00,6337.350480,N,01041.535303,E,2,12,0.6,12.31,M,40.49,M,7.0,0907*7A
2021:01:22:14:12:32.359000,1611321152.359,$GPGGA,131232.00,6337.348701,N,01041.530458,E,2,12,0.6,12.33,M,40.49,M,8.0,0907*7B
2021:01:22:14:12:33.359000,1611321153.359,$GPGGA,131233.00,6337.346915,N,01041.525586,E,2,12,0.6,12.31,M,40.49,M,9.0,0907*7A
2021:01:22:14:12:34.359000,1611321154.359,$GPGGA,131234.00,6337.345096,N,01041.520785,E,2,12,0.6,12.30,M,40.49,M,10.0,0907*41
2021:01:22:14:12:35.359000,1611321155.359,$GPGGA,131235.00,6337.343305,N,01041.515966,E,2,12,0.6,12.30,M,40.49,M,6.0,0907*7D
2021:01:22:14:12:36.359000,1611321156.359,$GPGGA,131236.00,6337.341538,N,01041.511116,E,2,12,0.6,12.32,M,40.49,M,7.0,0907*7C
2021:01:22:14:12:37.359000,1611321157.359,$GPGGA,131237.00,6337.339747,N,01041.506291,E,2,12,0.6,12.34,M,40.49,M,8.0,0907*7B
2021:01:22:14:12:38.359000,1611321158.359,$GPGGA,131238.00,6337.337925,N,01041.501446,E,2,12,0.6,12.30,M,40.49,M,9.0,0907*7E
2021:01:22:14:12:39.359000,1611321159.359,$GPGGA,131239.00,6337.336155,N,01041.496645,E,2,12,0.6,12.30,M,40.49,M,5.0,0907*73
2021:01:22:14:12:40.359000,1611321160.359,$GPGGA,131240.00,6337.334373,N,01041.491854,E,2,12,0.6,12.34,M,40.49,M,6.0,0907*77
2021:01:22:14:12:41.359000,1611321161.359,$GPGGA,131241.00,6337.332575,N,01041.486987,E,2,12,0.6,12.32,M,40.49,M,7.0,0907*7E
2021:01:22:14:12:42.359000,1611321162.359,$GPGGA,131242.00,6337.330782,N,01041.482209,E,2,12,0.6,12.30,M,40.49,M,8.0,0907*71
2021:01:22:14:12:44.359000,1611321164.359,$GPGGA,131244.00,6337.327139,N,01041.472694,E,2,12,0.6,12.33,M,40.49,M,10.0,0907*42
2021:01:22:14:12:45.359000,1611321165.359,$GPGGA,131245.00,6337.325323,N,01041.467914,E,2,12,0.6,12.28,M,40.49,M,5.0,0907*75
2021:01:22:14:12:46.359000,1611321166.359,$GPGGA,131246.00,6337.323499,N,01041.463139,E,2,12,0.6,12.28,M,40.49,M,6.0,0907*76
2021:01:22:14:12:47.359000,1611321167.359,$GPGGA,131247.00,6337.321670,N,01041.458380,E,2,12,0.6,12.28,M,40.49,M,7.0,0907*79
2021:01:22:14:12:48.359000,1611321168.359,$GPGGA,131248.00,6337.319847,N,01041.453606,E,2,12,0.6,12.27,M,40.49,M,8.0,0907*77
2021:01:22:14:12:49.359000,1611321169.359,$GPGGA,131249.00,6337.318049,N,01041.448806,E,2,12,0.6,12.27,M,40.49,M,9.0,0907*74
2021:01:22:14:12:50.359000,1611321170.359,$GPGGA,131250.00,6337.316236,N,01041.443997,E,2,12,0.6,12.27,M,40.49,M,10.0,0907*42
2021:01:22:14:12:52.359000,1611321172.359,$GPGGA,131252.00,6337.312601,N,01041.434453,E,2,12,0.6,12.28,M,40.49,M,12.0,0907*4C
2021:01:22:14:12:53.359000,1611321173.359,$GPGGA,131253.00,6337.310808,N,01041.429648,E,2,12,0.6,12.28,M,40.49,M,8.0,0907*77
2021:01:22:14:12:54.359000,1611321174.359,$GPGGA,131254.00,6337.309005,N,01041.424819,E,2,12,0.6,12.25,M,40.49,M,9.0,0907*76
2021:01:22:14:12:56.359000,1611321176.359,$GPGGA,131256.00,6337.305374,N,01041.415245,E,2,12,0.6,12.25,M,40.49,M,6.0,0907*73
2021:01:22:14:12:57.359000,1611321177.359,$GPGGA,131257.00,6337.303590,N,01041.410422,E,2,12,0.6,12.26,M,40.49,M,7.0,0907*78
2021:01:22:14:12:58.360000,1611321178.36,$GPGGA,131258.00,6337.301803,N,01041.405553,E,2,12,0.6,12.23,M,40.49,M,8.0,0907*7B
2021:01:22:14:12:59.360000,1611321179.36,$GPGGA,131259.00,6337.300035,N,01041.400717,E,2,12,0.6,12.22,M,40.49,M,9.0,0907*71
2021:01:22:14:13:00.360000,1611321180.36,$GPGGA,131300.00,6337.298226,N,01041.395896,E,2,12,0.6,12.23,M,40.49,M,10.0,0907*48
2021:01:22:14:13:01.360000,1611321181.36,$GPGGA,131301.00,6337.296418,N,01041.391068,E,2,12,0.6,12.20,M,40.49,M,11.0,0907*43
2021:01:22:14:13:02.360000,1611321182.36,$GPGGA,131302.00,6337.294626,N,01041.386315,E,2,12,0.6,12.23,M,40.49,M,6.0,0907*77
2021:01:22:14:13:04.360000,1611321184.36,$GPGGA,131304.00,6337.291016,N,01041.376642,E,2,12,0.6,12.20,M,40.49,M,8.0,0907*74
2021:01:22:14:13:05.360000,1611321185.36,$GPGGA,131305.00,6337.289221,N,01041.371831,E,2,12,0.6,12.19,M,40.50,M,9.0,0907*74
2021:01:22:14:13:06.360000,1611321186.36,$GPGGA,131306.00,6337.287422,N,01041.367049,E,2,12,0.6,12.21,M,40.50,M,10.0,0907*4F
2021:01:22:14:13:07.360000,1611321187.36,$GPGGA,131307.00,6337.285604,N,01041.362235,E,2,12,0.6,12.19,M,40.50,M,11.0,0907*4C
2021:01:22:14:13:08.360000,1611321188.36,$GPGGA,131308.00,6337.283788,N,01041.357472,E,2,12,0.6,12.20,M,40.50,M,12.0,0907*4A
2021:01:22:14:13:09.360000,1611321189.36,$GPGGA,131309.00,6337.281976,N,01041.352676,E,2,12,0.6,12.21,M,40.50,M,13.0,0907*45
2021:01:22:14:13:10.360000,1611321190.36,$GPGGA,131310.00,6337.280169,N,01041.347856,E,2,12,0.6,12.19,M,40.50,M,14.0,0907*4E
2021:01:22:14:13:12.360000,1611321192.36,$GPGGA,131312.00,6337.276593,N,01041.338201,E,2,12,0.6,12.25,M,40.50,M,7.0,0907*79
2021:01:22:14:13:13.361000,1611321193.361,$GPGGA,131313.00,6337.274793,N,01041.333395,E,2,12,0.6,12.24,M,40.50,M,8.0,0907*71
2021:01:22:14:13:14.360000,1611321194.36,$GPGGA,131314.00,6337.272993,N,01041.328571,E,2,12,0.6,12.24,M,40.50,M,9.0,0907*79
2021:01:22:14:13:15.360000,1611321195.36,$GPGGA,131315.00,6337.271213,N,01041.323727,E,2,12,0.6,12.23,M,40.50,M,10.0,0907*4D
2021:01:22:14:13:16.360000,1611321196.36,$GPGGA,131316.00,6337.269453,N,01041.318849,E,2,12,0.6,12.25,M,40.50,M,9.0,0907*74
2021:01:22:14:13:17.360000,1611321197.36,$GPGGA,131317.00,6337.267703,N,01041.313950,E,2,12,0.6,12.25,M,40.50,M,10.0,0907*47
2021:01:22:14:13:18.360000,1611321198.36,$GPGGA,131318.00,6337.265938,N,01041.309108,E,2,12,0.6,12.25,M,40.50,M,11.0,0907*43
2021:01:22:14:13:19.360000,1611321199.36,$GPGGA,131319.00,6337.264160,N,01041.304271,E,2,12,0.6,12.25,M,40.50,M,6.0,0907*70
2021:01:22:14:13:20.360000,1611321200.36,$GPGGA,131320.00,6337.262381,N,01041.299444,E,2,12,0.6,12.26,M,40.50,M,7.0,0907*76
2021:01:22:14:13:21.360000,1611321201.36,$GPGGA,131321.00,6337.260601,N,01041.294582,E,2,12,0.6,12.28,M,40.50,M,8.0,0907*7F
2021:01:22:14:13:22.360000,1611321202.36,$GPGGA,131322.00,6337.258838,N,01041.289701,E,2,12,0.6,12.28,M,40.50,M,9.0,0907*77
2021:01:22:14:13:23.360000,1611321203.36,$GPGGA,131323.00,6337.257075,N,01041.284864,E,2,12,0.6,12.30,M,40.50,M,10.0,0907*48
2021:01:22:14:13:24.360000,1611321204.36,$GPGGA,131324.00,6337.255274,N,01041.280050,E,2,12,0.6,12.30,M,40.50,M,11.0,0907*44
2021:01:22:14:13:25.360000,1611321205.36,$GPGGA,131325.00,6337.253472,N,01041.275246,E,2,12,0.6,12.27,M,40.50,M,12.0,0907*49
2021:01:22:14:13:26.360000,1611321206.36,$GPGGA,131326.00,6337.251697,N,01041.270421,E,2,12,0.6,12.30,M,40.50,M,8.0,0907*7E
2021:01:22:14:13:27.360000,1611321207.36,$GPGGA,131327.00,6337.249937,N,01041.265559,E,2,12,0.6,12.31,M,40.50,M,9.0,0907*79
2021:01:22:14:13:28.361000,1611321208.361,$GPGGA,131328.00,6337.248147,N,01041.260730,E,2,12,0.6,12.28,M,40.50,M,10.0,0907*40
2021:01:22:14:13:29.361000,1611321209.361,$GPGGA,131329.00,6337.246336,N,01041.255998,E,2,12,0.6,12.29,M,40.50,M,11.0,0907*41
2021:01:22:14:13:30.361000,1611321210.361,$GPGGA,131330.00,6337.244520,N,01041.251249,E,2,12,0.6,12.27,M,40.50,M,7.0,0907*70
2021:01:22:14:13:31.361000,1611321211.361,$GPGGA,131331.00,6337.242721,N,01041.246448,E,2,12,0.6,12.27,M,40.50,M,8.0,0907*7A
2021:01:22:14:13:32.361000,1611321212.361,$GPGGA,131332.00,6337.240925,N,01041.241650,E,2,12,0.6,12.26,M,40.50,M,9.0,0907*7D
2021:01:22:14:13:33.361000,1611321213.361,$GPGGA,131333.00,6337.239134,N,01041.236836,E,2,12,0.6,12.26,M,40.50,M,10.0,0907*4C
2021:01:22:14:13:34.361000,1611321214.361,$GPGGA,131334.00,6337.237332,N,01041.232069,E,2,12,0.6,12.26,M,40.50,M,11.0,0907*46
2021:01:22:14:13:35.361000,1611321215.361,$GPGGA,131335.00,6337.235522,N,01041.227292,E,2,12,0.6,12.28,M,40.50,M,12.0,0907*4D
2021:01:22:14:13:36.361000,1611321216.361,$GPGGA,131336.00,6337.233731,N,01041.222496,E,2,12,0.6,12.31,M,40.50,M,7.0,0907*73
2021:01:22:14:13:37.361000,1611321217.361,$GPGGA,131337.00,6337.231952,N,01041.217727,E,2,12,0.6,12.32,M,40.50,M,8.0,0907*78
2021:01:22:14:13:38.361000,1611321218.361,$GPGGA,131338.00,6337.230140,N,01041.212910,E,2,12,0.6,12.28,M,40.50,M,9.0,0907*78
2021:01:22:14:13:39.361000,1611321219.361,$GPGGA,131339.00,6337.228345,N,01041.208148,E,2,12,0.6,12.27,M,40.50,M,10.0,0907*4E
2021:01:22:14:13:40.361000,1611321220.361,$GPGGA,131340.00,6337.226557,N,01041.203377,E,2,12,0.6,12.27,M,40.50,M,6.0,0907*79
2021:01:22:14:13:41.361000,1611321221.361,$GPGGA,131341.00,6337.224769,N,01041.198576,E,2,12,0.6,12.29,M,40.50,M,7.0,0907*7C
2021:01:22:14:13:42.362000,1611321222.362,$GPGGA,131342.00,6337.222983,N,01041.193759,E,2,12,0.6,12.26,M,40.50,M,8.0,0907*77
2021:01:22:14:13:43.362000,1611321223.362,$GPGGA,131343.00,6337.221212,N,01041.188910,E,2,12,0.6,12.25,M,40.50,M,9.0,0907*7D
2021:01:22:14:13:44.361000,1611321224.361,$GPGGA,131344.00,6337.219445,N,01041.184113,E,2,12,0.6,12.29,M,40.50,M,10.0,0907*46
2021:01:22:14:13:46.361000,1611321226.361,$GPGGA,131346.00,6337.215909,N,01041.174425,E,2,12,0.6,12.29,M,40.50,M,7.0,0907*74
2021:01:22:14:13:47.361000,1611321227.361,$GPGGA,131347.00,6337.214132,N,01041.169588,E,2,12,0.6,12.29,M,40.50,M,8.0,0907*71
2021:01:22:14:13:48.361000,1611321228.361,$GPGGA,131348.00,6337.212357,N,01041.164772,E,2,12,0.6,12.28,M,40.50,M,9.0,0907*73
2021:01:22:14:13:49.361000,1611321229.361,$GPGGA,131349.00,6337.210597,N,01041.159922,E,2,12,0.6,12.30,M,40.50,M,5.0,0907*7A
2021:01:22:14:13:50.361000,1611321230.361,$GPGGA,131350.00,6337.208812,N,01041.155102,E,2,12,0.6,12.28,M,40.50,M,6.0,0907*77
2021:01:22:14:13:51.361000,1611321231.361,$GPGGA,131351.00,6337.207026,N,01041.150349,E,2,12,0.6,12.28,M,40.50,M,7.0,0907*7F
2021:01:22:14:13:52.361000,1611321232.361,$GPGGA,131352.00,6337.205216,N,01041.145574,E,2,12,0.6,12.28,M,40.50,M,8.0,0907*7C
2021:01:22:14:13:54.361000,1611321234.361,$GPGGA,131354.00,6337.201656,N,01041.135960,E,2,12,0.6,12.27,M,40.50,M,10.0,0907*46
2021:01:22:14:13:55.361000,1611321235.361,$GPGGA,131355.00,6337.199887,N,01041.131166,E,2,12,0.6,12.30,M,40.50,M,11.0,0907*4A
2021:01:22:14:13:56.362000,1611321236.362,$GPGGA,131356.00,6337.198112,N,01041.126356,E,2,12,0.6,12.30,M,40.50,M,12.0,0907*49
2021:01:22:14:13:57.362000,1611321237.362,$GPGGA,131357.00,6337.196324,N,01041.121529,E,2,12,0.6,12.28,M,40.50,M,13.0,0907*40
2021:01:22:14:13:58.362000,1611321238.362,$GPGGA,131358.00,6337.194566,N,01041.116726,E,2,12,0.6,12.28,M,40.50,M,14.0,0907*43
2021:01:22:14:13:59.362000,1611321239.362,$GPGGA,131359.00,6337.192801,N,01041.111909,E,2,12,0.6,12.26,M,40.50,M,8.0,0907*7F
2021:01:22:14:14:00.362000,1611321240.362,$GPGGA,131400.00,6337.191033,N,01041.107083,E,2,12,0.6,12.26,M,40.50,M,9.0,0907*73
2021:01:22:14:14:02.362000,1611321242.362,$GPGGA,131402.00,6337.187521,N,01041.097429,E,2,12,0.6,12.28,M,40.50,M,11.0,0907*4B
2021:01:22:14:14:03.362000,1611321243.362,$GPGGA,131403.00,6337.185741,N,01041.092649,E,2,12,0.6,12.27,M,40.50,M,7.0,0907*75
2021:01:22:14:14:04.362000,1611321244.362,$GPGGA,131404.00,6337.183973,N,01041.087838,E,2,12,0.6,12.26,M,40.50,M,8.0,0907*79
2021:01:22:14:14:06.362000,1611321246.362,$GPGGA,131406.00,6337.180385,N,01041.078270,E,2,12,0.6,12.24,M,40.50,M,10.0,0907*46
2021:01:22:14:14:07.362000,1611321247.362,$GPGGA,131407.00,6337.178564,N,01041.073579,E,2,12,0.6,12.25,M,40.50,M,11.0,0907*4C
2021:01:22:14:14:08.362000,1611321248.362,$GPGGA,131408.00,6337.176741,N,01041.068850,E,2,12,0.6,12.23,M,40.50,M,12.0,0907*41
2021:01:22:14:14:09.363000,1611321249.363,$GPGGA,131409.00,6337.174924,N,01041.064168,E,2,12,0.6,12.23,M,40.50,M,8.0,0907*7A
2021:01:22:14:14:10.363000,1611321250.363,$GPGGA,131410.00,6337.173111,N,01041.059382,E,2,12,0.6,12.22,M,40.50,M,9.0,0907*73
2021:01:22:14:14:11.363000,1611321251.363,$GPGGA,131411.00,6337.171306,N,01041.054637,E,2,12,0.6,12.21,M,40.50,M,10.0,0907*49
2021:01:22:14:14:12.363000,1611321252.363,$GPGGA,131412.00,6337.169493,N,01041.049907,E,2,12,0.6,12.23,M,40.50,M,11.0,0907*4B
2021:01:22:14:14:14.363000,1611321254.363,$GPGGA,131414.00,6337.165857,N,01041.040379,E,2,12,0.6,12.20,M,40.50,M,13.0,0907*4E
2021:01:22:14:14:15.363000,1611321255.363,$GPGGA,131415.00,6337.164034,N,01041.035667,E,2,12,0.6,12.18,M,40.50,M,14.0,0907*47
2021:01:22:14:14:16.362000,1611321256.362,$GPGGA,131416.00,6337.162228,N,01041.030909,E,2,12,0.6,12.21,M,40.50,M,15.0,0907*44
2021:01:22:14:14:17.362000,1611321257.362,$GPGGA,131417.00,6337.160413,N,01041.026110,E,2,12,0.6,12.21,M,40.50,M,11.0,0907*4A
2021:01:22:14:14:18.362000,1611321258.362,$GPGGA,131418.00,6337.158608,N,01041.021336,E,2,12,0.6,12.19,M,40.50,M,12.0,0907*4F
2021:01:22:14:14:19.362000,1611321259.362,$GPGGA,131419.00,6337.156802,N,01041.016576,E,2,12,0.6,12.26,M,40.51,M,7.0,0907*7B
2021:01:22:14:14:20.362000,1611321260.362,$GPGGA,131420.00,6337.155010,N,01041.011725,E,2,12,0.6,12.26,M,40.51,M,8.0,0907*75
2021:01:22:14:14:21.362000,1611321261.362,$GPGGA,131421.00,6337.153221,N,01041.006912,E,2,12,0.6,12.26,M,40.51,M,9.0,0907*7F
2021:01:22:14:14:22.362000,1611321262.362,$GPGGA,131422.00,6337.151404,N,01041.002175,E,2,12,0.6,12.27,M,40.51,M,10.0,0907*4B
2021:01:22:14:14:23.363000,1611321263.363,$GPGGA,131423.00,6337.149574,N,01040.997371,E,2,12,0.6,12.29,M,40.51,M,6.0,0907*7E
2021:01:22:14:14:24.364000,1611321264.364,$GPGGA,131424.00,6337.147764,N,01040.992607,E,2,12,0.6,12.30,M,40.51,M,7.0,0907*7C
2021:01:22:14:14:25.363000,1611321265.363,$GPGGA,131425.00,6337.145971,N,01040.987796,E,2,12,0.6,12.33,M,40.51,M,8.0,0907*74
2021:01:22:14:14:26.363000,1611321266.363,$GPGGA,131426.00,6337.144156,N,01040.982967,E,2,12,0.6,12.31,M,40.51,M,4.0,0907*70
2021:01:22:14:14:27.363000,1611321267.363,$GPGGA,131427.00,6337.142335,N,01040.978204,E,2,12,0.6,12.30,M,40.51,M,5.0,0907*7B
2021:01:22:14:14:28.363000,1611321268.363,$GPGGA,131428.00,6337.140529,N,01040.973425,E,2,12,0.6,12.33,M,40.51,M,6.0,0907*73
2021:01:22:14:14:29.363000,1611321269.363,$GPGGA,131429.00,6337.138715,N,01040.968593,E,2,12,0.6,12.31,M,40.51,M,7.0,0907*75
2021:01:22:14:14:30.363000,1611321270.363,$GPGGA,131430.00,6337.136925,N,01040.963805,E,2,12,0.6,12.32,M,40.51,M,8.0,0907*7B
2021:01:22:14:14:31.363000,1611321271.363,$GPGGA,131431.00,6337.135111,N,01040.959037,E,2,12,0.6,12.32,M,40.51,M,9.0,0907*77
2021:01:22:14:14:32.363000,1611321272.363,$GPGGA,131432.00,6337.133262,N,01040.954284,E,2,12,0.6,12.29,M,40.51,M,10.0,0907*40
2021:01:22:14:14:33.363000,1611321273.363,$GPGGA,131433.00,6337.131434,N,01040.949557,E,2,12,0.6,12.25,M,40.51,M,5.0,0907*7B
2021:01:22:14:14:34.363000,1611321274.363,$GPGGA,131434.00,6337.129620,N,01040.944804,E,2,12,0.6,12.27,M,40.51,M,6.0,0907*75
2021:01:22:14:14:35.363000,1611321275.363,$GPGGA,131435.00,6337.127809,N,01040.939939,E,2,12,0.6,12.23,M,40.51,M,7.0,0907*7F
2021:01:22:14:14:36.363000,1611321276.363,$GPGGA,131436.00,6337.126040,N,01040.935170,E,2,12,0.6,12.26,M,40.51,M,8.0,0907*7B
2021:01:22:14:14:37.364000,1611321277.364,$GPGGA,131437.00,6337.124225,N,01040.930361,E,2,12,0.6,12.26,M,40.51,M,9.0,0907*7F
2021:01:22:14:14:38.364000,1611321278.364,$GPGGA,131438.00,6337.122428,N,01040.925499,E,2,12,0.6,12.23,M,40.51,M,10.0,0907*44
2021:01:22:14:14:39.364000,1611321279.364,$GPGGA,131439.00,6337.120644,N,01040.920695,E,2,12,0.6,12.22,M,40.51,M,11.0,0907*44
2021:01:22:14:14:40.364000,1611321280.364,$GPGGA,131440.00,6337.118861,N,01040.915883,E,2,12,0.6,12.24,M,40.51,M,12.0,0907*42
2021:01:22:14:14:41.364000,1611321281.364,$GPGGA,131441.00,6337.117076,N,01040.911035,E,2,12,0.6,12.22,M,40.51,M,13.0,0907*44
2021:01:22:14:14:42.364000,1611321282.364,$GPGGA,131442.00,6337.115282,N,01040.906259,E,2,12,0.6,12.25,M,40.51,M,9.0,0907*7E
2021:01:22:14:14:44.364000,1611321284.364,$GPGGA,131444.00,6337.111672,N,01040.896640,E,2,12,0.6,12.24,M,40.51,M,11.0,0907*4B
2021:01:22:14:14:45.364000,1611321285.364,$GPGGA,131445.00,6337.109894,N,01040.891841,E,2,12,0.6,12.25,M,40.51,M,12.0,0907*4F
2021:01:22:14:14:46.364000,1611321286.364,$GPGGA,131446.00,6337.108107,N,01040.886988,E,2,12,0.6,12.25,M,40.51,M,8.0,0907*77
2021:01:22:14:14:47.363000,1611321287.363,$GPGGA,131447.00,6337.106321,N,01040.882140,E,2,12,0.6,12.21,M,40.51,M,9.0,0907*73
2021:01:22:14:14:48.363000,1611321288.363,$GPGGA,131448.00,6337.104538,N,01040.877361,E,2,12,0.6,12.21,M,40.51,M,10.0,0907*43
2021:01:22:14:14:49.363000,1611321289.363,$GPGGA,131449.00,6337.102725,N,01040.872574,E,2,12,0.6,12.21,M,40.51,M,11.0,0907*4C
2021:01:22:14:14:50.363000,1611321290.363,$GPGGA,131450.00,6337.100902,N,01040.867761,E,2,12,0.6,12.18,M,40.51,M,12.0,0907*46
2021:01:22:14:14:52.364000,1611321292.364,$GPGGA,131452.00,6337.097323,N,01040.858172,E,2,12,0.6,12.19,M,40.51,M,14.0,0907*4D
2021:01:22:14:14:53.364000,1611321293.364,$GPGGA,131453.00,6337.095514,N,01040.853371,E,2,12,0.6,12.17,M,40.51,M,15.0,0907*49
2021:01:22:14:14:54.364000,1611321294.364,$GPGGA,131454.00,6337.093702,N,01040.848554,E,2,12,0.6,12.16,M,40.51,M,10.0,0907*42
2021:01:22:14:14:56.364000,1611321296.364,$GPGGA,131456.00,6337.090108,N,01040.838951,E,2,12,0.6,12.25,M,40.51,M,7.0,0907*77
2021:01:22:14:14:57.364000,1611321297.364,$GPGGA,131457.00,6337.088312,N,01040.834085,E,2,12,0.6,12.24,M,40.51,M,8.0,0907*74
2021:01:22:14:14:58.364000,1611321298.364,$GPGGA,131458.00,6337.086536,N,01040.829231,E,2,12,0.6,12.25,M,40.51,M,9.0,0907*74
2021:01:22:14:14:59.364000,1611321299.364,$GPGGA,131459.00,6337.084732,N,01040.824461,E,2,12,0.6,12.26,M,40.51,M,10.0,0907*44
2021:01:22:14:15:00.364000,1611321300.364,$GPGGA,131500.00,6337.082937,N,01040.819636,E,2,12,0.6,12.27,M,40.51,M,11.0,0907*4A
2021:01:22:14:15:01.364000,1611321301.364,$GPGGA,131501.00,6337.081141,N,01040.814796,E,2,12,0.6,12.25,M,40.51,M,12.0,0907*46
2021:01:22:14:15:02.364000,1611321302.364,$GPGGA,131502.00,6337.079358,N,01040.809987,E,2,12,0.6,12.26,M,40.51,M,13.0,0907*48
2021:01:22:14:15:04.365000,1611321304.365,$GPGGA,131504.00,6337.075759,N,01040.800314,E,2,12,0.6,12.27,M,40.51,M,10.0,0907*4C
2021:01:22:14:15:05.365000,1611321305.365,$GPGGA,131505.00,6337.073948,N,01040.795573,E,2,12,0.6,12.28,M,40.51,M,11.0,0907*4F
2021:01:22:14:15:06.365000,1611321306.365,$GPGGA,131506.00,6337.072128,N,01040.790774,E,2,12,0.6,12.29,M,40.51,M,12.0,0907*41
2021:01:22:14:15:07.365000,1611321307.365,$GPGGA,131507.00,6337.070299,N,01040.786028,E,2,12,0.6,12.28,M,40.51,M,7.0,0907*77
2021:01:22:14:15:08.365000,1611321308.365,$GPGGA,131508.00,6337.068475,N,01040.781284,E,2,12,0.6,12.29,M,40.51,M,8.0,0907*78
2021:01:22:14:15:09.365000,1611321309.365,$GPGGA,131509.00,6337.066643,N,01040.776493,E,2,12,0.6,12.26,M,40.51,M,9.0,0907*76
2021:01:22:14:15:10.365000,1611321310.365,$GPGGA,131510.00,6337.064846,N,01040.771714,E,2,12,0.6,12.27,M,40.51,M,5.0,0907*71
2021:01:22:14:15:11.365000,1611321311.365,$GPGGA,131511.00,6337.063027,N,01040.766950,E,2,12,0.6,12.30,M,40.51,M,6.0,0907*75
2021:01:22:14:15:12.365000,1611321312.365,$GPGGA,131512.00,6337.061214,N,01040.762117,E,2,12,0.6,12.27,M,40.51,M,7.0,0907*7E
2021:01:22:14:15:13.365000,1611321313.365,$GPGGA,131513.00,6337.059409,N,01040.757345,E,2,12,0.6,12.26,M,40.51,M,8.0,0907*73
2021:01:22:14:15:14.365000,1611321314.365,$GPGGA,131514.00,6337.057596,N,01040.752574,E,2,12,0.6,12.27,M,40.51,M,9.0,0907*7C
2021:01:22:14:15:16.365000,1611321316.365,$GPGGA,131516.00,6337.053950,N,01040.743000,E,2,12,0.6,12.23,M,40.51,M,11.0,0907*47
2021:01:22:14:15:17.365000,1611321317.365,$GPGGA,131517.00,6337.052133,N,01040.738228,E,2,12,0.6,12.27,M,40.51,M,7.0,0907*7D
2021:01:22:14:15:18.366000,1611321318.366,$GPGGA,131518.00,6337.050309,N,01040.733439,E,2,12,0.6,12.26,M,40.51,M,8.0,0907*78
2021:01:22:14:15:19.365000,1611321319.365,$GPGGA,131519.00,6337.048504,N,01040.728641,E,2,12,0.6,12.26,M,40.51,M,9.0,0907*7D
2021:01:22:14:15:20.365000,1611321320.365,$GPGGA,131520.00,6337.046693,N,01040.723835,E,2,12,0.6,12.26,M,40.51,M,10.0,0907*4A
2021:01:22:14:15:21.365000,1611321321.365,$GPGGA,131521.00,6337.044874,N,01040.719034,E,2,12,0.6,12.24,M,40.51,M,11.0,0907*4D
2021:01:22:14:15:22.365000,1611321322.365,$GPGGA,131522.00,6337.043069,N,01040.714241,E,2,12,0.6,12.23,M,40.51,M,12.0,0907*44
2021:01:22:14:15:23.365000,1611321323.365,$GPGGA,131523.00,6337.041253,N,01040.709476,E,2,12,0.6,12.23,M,40.51,M,13.0,0907*43
2021:01:22:14:15:24.365000,1611321324.365,$GPGGA,131524.00,6337.039454,N,01040.704628,E,2,12,0.6,12.24,M,40.51,M,14.0,0907*4E
2021:01:22:14:15:25.365000,1611321325.365,$GPGGA,131525.00,6337.037655,N,01040.699832,E,2,12,0.6,12.22,M,40.51,M,15.0,0907*45
2021:01:22:14:15:26.365000,1611321326.365,$GPGGA,131526.00,6337.035861,N,01040.695050,E,2,12,0.6,12.25,M,40.51,M,16.0,0907*49
2021:01:22:14:15:27.365000,1611321327.365,$GPGGA,131527.00,6337.034067,N,01040.690243,E,2,12,0.6,12.27,M,40.51,M,9.0,0907*7E
2021:01:22:14:15:28.365000,1611321328.365,$GPGGA,131528.00,6337.032271,N,01040.685438,E,2,12,0.6,12.26,M,40.51,M,10.0,0907*45
2021:01:22:14:15:29.365000,1611321329.365,$GPGGA,131529.00,6337.030463,N,01040.680674,E,2,12,0.6,12.26,M,40.51,M,11.0,0907*4D
2021:01:22:14:15:30.365000,1611321330.365,$GPGGA,131530.00,6337.028654,N,01040.675901,E,2,12,0.6,12.29,M,40.51,M,12.0,0907*41
2021:01:22:14:15:31.365000,1611321331.365,$GPGGA,131531.00,6337.026835,N,01040.671145,E,2,12,0.6,12.30,M,40.51,M,9.0,0907*79
2021:01:22:14:15:32.366000,1611321332.366,$GPGGA,131532.00,6337.025017,N,01040.666429,E,2,12,0.6,12.30,M,40.51,M,10.0,0907*40
2021:01:22:14:15:33.366000,1611321333.366,$GPGGA,131533.00,6337.023201,N,01040.661650,E,2,12,0.6,12.32,M,40.52,M,5.0,0907*7C
2021:01:22:14:15:34.366000,1611321334.366,$GPGGA,131534.00,6337.021412,N,01040.656815,E,2,12,0.6,12.31,M,40.52,M,6.0,0907*76
2021:01:22:14:15:35.366000,1611321335.366,$GPGGA,131535.00,6337.019603,N,01040.652027,E,2,12,0.6,12.32,M,40.52,M,7.0,0907*71
2021:01:22:14:15:36.366000,1611321336.366,$GPGGA,131536.00,6337.017769,N,01040.647304,E,2,12,0.6,12.34,M,40.52,M,8.0,0907*7E
2021:01:22:14:15:37.366000,1611321337.366,$GPGGA,131537.00,6337.015942,N,01040.642554,E,2,12,0.6,12.34,M,40.52,M,9.0,0907*7D
2021:01:22:14:15:38.366000,1611321338.366,$GPGGA,131538.00,6337.014136,N,01040.637721,E,2,12,0.6,12.32,M,40.52,M,10.0,0907*44
2021:01:22:14:15:39.366000,1611321339.366,$GPGGA,131539.00,6337.012327,N,01040.632910,E,2,12,0.6,12.32,M,40.52,M,11.0,0907*49
2021:01:22:14:15:40.366000,1611321340.366,$GPGGA,131540.00,6337.010513,N,01040.628157,E,2,12,0.6,12.36,M,40.52,M,12.0,0907*43
2021:01:22:14:15:41.366000,1611321341.366,$GPGGA,131541.00,6337.008698,N,01040.623333,E,2,12,0.6,12.35,M,40.52,M,13.0,0907*42
2021:01:22:14:15:42.366000,1611321342.366,$GPGGA,131542.00,6337.006913,N,01040.618485,E,2,12,0.6,12.35,M,40.52,M,14.0,0907*46
2021:01:22:14:15:43.366000,1611321343.366,$GPGGA,131543.00,6337.005119,N,01040.613656,E,2,12,0.6,12.35,M,40.52,M,8.0,0907*7C
2021:01:22:14:15:44.366000,1611321344.366,$GPGGA,131544.00,6337.003322,N,01040.608762,E,2,12,0.6,12.34,M,40.52,M,9.0,0907*7B
2021:01:22:14:15:46.367000,1611321346.367,$GPGGA,131546.00,6336.999738,N,01040.599056,E,2,12,0.6,12.34,M,40.52,M,11.0,0907*4F
2021:01:22:14:15:47.367000,1611321347.367,$GPGGA,131547.00,6336.997932,N,01040.594175,E,2,12,0.6,12.30,M,40.52,M,7.0,0907*7A
2021:01:22:14:15:48.367000,1611321348.367,$GPGGA,131548.00,6336.996143,N,01040.589310,E,2,12,0.6,12.29,M,40.52,M,8.0,0907*70
2021:01:22:14:15:49.366000,1611321349.366,$GPGGA,131549.00,6336.994319,N,01040.584533,E,2,12,0.6,12.29,M,40.52,M,9.0,0907*75
2021:01:22:14:15:50.366000,1611321350.366,$GPGGA,131550.00,6336.992508,N,01040.579661,E,2,12,0.6,12.29,M,40.52,M,10.0,0907*43
2021:01:22:14:15:51.366000,1611321351.366,$GPGGA,131551.00,6336.990722,N,01040.574836,E,2,12,0.6,12.29,M,40.52,M,11.0,0907*4A
2021:01:22:14:15:52.366000,1611321352.366,$GPGGA,131552.00,6336.988919,N,01040.569975,E,2,12,0.6,12.27,M,40.52,M,12.0,0907*41
2021:01:22:14:15:54.366000,1611321354.366,$GPGGA,131554.00,6336.985343,N,01040.560291,E,2,12,0.6,12.28,M,40.52,M,9.0,0907*72
2021:01:22:14:15:55.366000,1611321355.366,$GPGGA,131555.00,6336.983515,N,01040.555487,E,2,12,0.6,12.27,M,40.52,M,10.0,0907*40
2021:01:22:14:15:56.366000,1611321356.366,$GPGGA,131556.00,6336.981703,N,01040.550664,E,2,12,0.6,12.25,M,40.52,M,11.0,0907*4D
2021:01:22:14:15:57.366000,1611321357.366,$GPGGA,131557.00,6336.979897,N,01040.545850,E,2,12,0.6,12.25,M,40.52,M,7.0,0907*73
2021:01:22:14:15:58.366000,1611321358.366,$GPGGA,131558.00,6336.978062,N,01040.541056,E,2,12,0.6,12.26,M,40.52,M,8.0,0907*79
2021:01:22:14:15:59.366000,1611321359.366,$GPGGA,131559.00,6336.976231,N,01040.536264,E,2,12,0.6,12.26,M,40.52,M,9.0,0907*70
2021:01:22:14:16:00.367000,1611321360.367,$GPGGA,131600.00,6336.974430,N,01040.531446,E,2,12,0.6,12.27,M,40.52,M,5.0,0907*76
2021:01:22:14:16:02.367000,1611321362.367,$GPGGA,131602.00,6336.970849,N,01040.521745,E,2,12,0.6,12.28,M,40.52,M,7.0,0907*7E
2021:01:22:14:16:03.367000,1611321363.367,$GPGGA,131603.00,6336.969060,N,01040.516853,E,2,12,0.6,12.27,M,40.52,M,8.0,0907*78
2021:01:22:14:16:04.367000,1611321364.367,$GPGGA,131604.00,6336.967271,N,01040.512001,E,2,12,0.6,12.26,M,40.52,M,9.0,0907*78
2021:01:22:14:16:05.367000,1611321365.367,$GPGGA,131605.00,6336.965478,N,01040.507187,E,2,12,0.6,12.28,M,40.52,M,10.0,0907*49
2021:01:22:14:16:06.367000,1611321366.367,$GPGGA,131606.00,6336.963704,N,01040.502300,E,2,12,0.6,12.29,M,40.52,M,11.0,0907*4C
2021:01:22:14:16:07.367000,1611321367.367,$GPGGA,131607.00,6336.961923,N,01040.497443,E,2,12,0.6,12.28,M,40.52,M,12.0,0907*4B
2021:01:22:14:16:08.367000,1611321368.367,$GPGGA,131608.00,6336.960117,N,01040.492600,E,2,12,0.6,12.25,M,40.52,M,7.0,0907*73
2021:01:22:14:16:09.367000,1611321369.367,$GPGGA,131609.00,6336.958322,N,01040.487780,E,2,12,0.6,12.26,M,40.52,M,8.0,0907*7C
2021:01:22:14:16:10.367000,1611321370.367,$GPGGA,131610.00,6336.956538,N,01040.482952,E,2,12,0.6,12.29,M,40.52,M,4.0,0907*70
2021:01:22:14:16:11.367000,1611321371.367,$GPGGA,131611.00,6336.954708,N,01040.478177,E,2,12,0.6,12.27,M,40.52,M,5.0,0907*77
2021:01:22:14:16:12.367000,1611321372.367,$GPGGA,131612.00,6336.952903,N,01040.473395,E,2,12,0.6,12.26,M,40.52,M,6.0,0907*70
2021:01:22:14:16:14.367000,1611321374.367,$GPGGA,131614.00,6336.949256,N,01040.463906,E,2,12,0.6,12.26,M,40.52,M,8.0,0907*78
2021:01:22:14:16:15.368000,1611321375.368,$GPGGA,131615.00,6336.947432,N,01040.459168,E,2,12,0.6,12.25,M,40.52,M,9.0,0907*78
2021:01:22:14:16:16.368000,1611321376.368,$GPGGA,131616.00,6336.945627,N,01040.454368,E,2,12,0.6,12.24,M,40.52,M,10.0,0907*49
2021:01:22:14:16:17.368000,1611321377.368,$GPGGA,131617.00,6336.943846,N,01040.449576,E,2,12,0.6,12.24,M,40.52,M,11.0,0907*43
2021:01:22:14:16:18.368000,1611321378.368,$GPGGA,131618.00,6336.942046,N,01040.444759,E,2,12,0.6,12.23,M,40.52,M,12.0,0907*43
2021:01:22:14:16:19.368000,1611321379.368,$GPGGA,131619.00,6336.940255,N,01040.439942,E,2,12,0.6,12.22,M,40.52,M,13.0,0907*4E
2021:01:22:14:16:20.367000,1611321380.367,$GPGGA,131620.00,6336.938487,N,01040.435140,E,2,12,0.6,12.27,M,40.52,M,9.0,0907*7A
2021:01:22:14:16:21.367000,1611321381.367,$GPGGA,131621.00,6336.936693,N,01040.430329,E,2,12,0.6,12.26,M,40.52,M,10.0,0907*43
2021:01:22:14:16:22.367000,1611321382.367,$GPGGA,131622.00,6336.934917,N,01040.425499,E,2,12,0.6,12.24,M,40.52,M,11.0,0907*4A
2021:01:22:14:16:23.367000,1611321383.367,$GPGGA,131623.00,6336.933144,N,01040.420719,E,2,12,0.6,12.28,M,40.52,M,12.0,0907*43
2021:01:22:14:16:24.367000,1611321384.367,$GPGGA,131624.00,6336.931344,N,01040.415901,E,2,12,0.6,12.27,M,40.52,M,13.0,0907*4B
2021:01:22:14:16:25.367000,1611321385.367,$GPGGA,131625.00,6336.929535,N,01040.411166,E,2,12,0.6,12.26,M,40.52,M,14.0,0907*48
2021:01:22:14:16:26.367000,1611321386.367,$GPGGA,131626.00,6336.927721,N,01040.406452,E,2,12,0.6,12.28,M,40.52,M,15.0,0907*49
2021:01:22:14:16:27.367000,1611321387.367,$GPGGA,131627.00,6336.925902,N,01040.401692,E,2,12,0.6,12.30,M,40.52,M,11.0,0907*41
2021:01:22:14:16:28.367000,1611321388.367,$GPGGA,131628.00,6336.924106,N,01040.396852,E,2,12,0.6,12.29,M,40.52,M,7.0,0907*77
2021:01:22:14:16:29.368000,1611321389.368,$GPGGA,131629.00,6336.922305,N,01040.392137,E,2,12,0.6,12.32,M,40.52,M,8.0,0907*7A
2021:01:22:14:16:30.368000,1611321390.368,$GPGGA,131630.00,6336.920488,N,01040.387350,E,2,12,0.6,12.33,M,40.52,M,9.0,0907*75
2021:01:22:14:16:31.368000,1611321391.368,$GPGGA,131631.00,6336.918691,N,01040.382564,E,2,12,0.6,12.33,M,40.52,M,10.0,0907*49
2021:01:22:14:16:32.368000,1611321392.368,$GPGGA,131632.00,6336.916887,N,01040.377829,E,2,12,0.6,12.33,M,40.52,M,11.0,0907*42
2021:01:22:14:16:33.368000,1611321393.368,$GPGGA,131633.00,6336.915069,N,01040.373061,E,2,12,0.6,12.33,M,40.52,M,12.0,0907*4B
2021:01:22:14:16:34.368000,1611321394.368,$GPGGA,131634.00,6336.913294,N,01040.368282,E,2,12,0.6,12.31,M,40.52,M,7.0,0907*79
2021:01:22:14:16:35.368000,1611321395.368,$GPGGA,131635.00,6336.911520,N,01040.363468,E,2,12,0.6,12.31,M,40.52,M,8.0,0907*74
2021:01:22:14:16:36.368000,1611321396.368,$GPGGA,131636.00,6336.909746,N,01040.358627,E,2,12,0.6,12.29,M,40.52,M,9.0,0907*75
2021:01:22:14:16:37.368000,1611321397.368,$GPGGA,131637.00,6336.907998,N,01040.353792,E,2,12,0.6,12.30,M,40.52,M,10.0,0907*43
2021:01:22:14:16:38.368000,1611321398.368,$GPGGA,131638.00,6336.906237,N,01040.348945,E,2,12,0.6,12.29,M,40.52,M,11.0,0907*44
2021:01:22:14:16:39.368000,1611321399.368,$GPGGA,131639.00,6336.904481,N,01040.344103,E,2,12,0.6,12.29,M,40.52,M,12.0,0907*49
2021:01:22:14:16:40.368000,1611321400.368,$GPGGA,131640.00,6336.902705,N,01040.339240,E,2,12,0.6,12.27,M,40.52,M,13.0,0907*4F
2021:01:22:14:16:41.368000,1611321401.368,$GPGGA,131641.00,6336.900931,N,01040.334454,E,2,12,0.6,12.25,M,40.52,M,8.0,0907*73
2021:01:22:14:16:42.368000,1611321402.368,$GPGGA,131642.00,6336.899131,N,01040.329684,E,2,12,0.6,12.25,M,40.52,M,9.0,0907*7B
2021:01:22:14:16:43.368000,1611321403.368,$GPGGA,131643.00,6336.897333,N,01040.324870,E,2,12,0.6,12.25,M,40.52,M,6.0,0907*73
2021:01:22:14:16:44.369000,1611321404.369,$GPGGA,131644.00,6336.895547,N,01040.320080,E,2,12,0.6,12.26,M,40.52,M,7.0,0907*72
2021:01:22:14:16:45.369000,1611321405.369,$GPGGA,131645.00,6336.893769,N,01040.315253,E,2,12,0.6,12.27,M,40.52,M,8.0,0907*7F
2021:01:22:14:16:46.369000,1611321406.369,$GPGGA,131646.00,6336.891971,N,01040.310445,E,2,12,0.6,12.26,M,40.53,M,9.0,0907*7C
2021:01:22:14:16:48.369000,1611321408.369,$GPGGA,131648.00,6336.888398,N,01040.300857,E,2,12,0.6,12.31,M,40.53,M,6.0,0907*70
2021:01:22:14:16:49.369000,1611321409.369,$GPGGA,131649.00,6336.886614,N,01040.296041,E,2,12,0.6,12.31,M,40.53,M,7.0,0907*7E
2021:01:22:14:16:50.368000,1611321410.368,$GPGGA,131650.00,6336.884839,N,01040.291244,E,2,12,0.6,12.33,M,40.53,M,8.0,0907*78
2021:01:22:14:16:52.368000,1611321412.368,$GPGGA,131652.00,6336.881223,N,01040.281716,E,2,12,0.6,12.31,M,40.53,M,10.0,0907*46
2021:01:22:14:16:53.368000,1611321413.368,$GPGGA,131653.00,6336.879415,N,01040.276978,E,2,12,0.6,12.30,M,40.53,M,11.0,0907*4D
2021:01:22:14:16:54.368000,1611321414.368,$GPGGA,131654.00,6336.877589,N,01040.272266,E,2,12,0.6,12.31,M,40.53,M,12.0,0907*42
2021:01:22:14:16:56.368000,1611321416.368,$GPGGA,131656.00,6336.873960,N,01040.262789,E,2,12,0.6,12.30,M,40.53,M,9.0,0907*71
2021:01:22:14:16:57.368000,1611321417.368,$GPGGA,131657.00,6336.872136,N,01040.258037,E,2,12,0.6,12.30,M,40.53,M,4.0,0907*7C
2021:01:22:14:16:58.368000,1611321418.368,$GPGGA,131658.00,6336.870310,N,01040.253354,E,2,12,0.6,12.28,M,40.53,M,5.0,0907*72
2021:01:22:14:16:59.369000,1611321419.369,$GPGGA,131659.00,6336.868511,N,01040.248575,E,2,12,0.6,12.29,M,40.53,M,6.0,0907*70
2021:01:22:14:17:00.369000,1611321420.369,$GPGGA,131700.00,6336.866700,N,01040.243780,E,2,12,0.6,12.26,M,40.53,M,7.0,0907*7C
2021:01:22:14:17:01.369000,1611321421.369,$GPGGA,131701.00,6336.864890,N,01040.239079,E,2,12,0.6,12.28,M,40.53,M,8.0,0907*74
2021:01:22:14:17:02.369000,1611321422.369,$GPGGA,131702.00,6336.863063,N,01040.234345,E,2,12,0.6,12.29,M,40.53,M,9.0,0907*75
2021:01:22:14:17:04.369000,1611321424.369,$GPGGA,131704.00,6336.859458,N,01040.224813,E,2,12,0.6,12.27,M,40.53,M,6.0,0907*7E
2021:01:22:14:17:05.369000,1611321425.369,$GPGGA,131705.00,6336.857634,N,01040.220044,E,2,12,0.6,12.29,M,40.53,M,7.0,0907*78
2021:01:22:14:17:06.369000,1611321426.369,$GPGGA,131706.00,6336.855843,N,01040.215215,E,2,12,0.6,12.24,M,40.53,M,8.0,0907*75
2021:01:22:14:17:08.369000,1611321428.369,$GPGGA,131708.00,6336.852254,N,01040.205648,E,2,12,0.6,12.27,M,40.53,M,5.0,0907*73
2021:01:22:14:17:09.369000,1611321429.369,$GPGGA,131709.00,6336.850464,N,01040.200850,E,2,12,0.6,12.25,M,40.53,M,6.0,0907*76
2021:01:22:14:17:10.369000,1611321430.369,$GPGGA,131710.00,6336.848678,N,01040.196062,E,2,12,0.6,12.25,M,40.53,M,7.0,0907*7C
2021:01:22:14:17:12.369000,1611321432.369,$GPGGA,131712.00,6336.845071,N,01040.186507,E,2,12,0.6,12.22,M,40.53,M,9.0,0907*72
2021:01:22:14:17:13.369000,1611321433.369,$GPGGA,131713.00,6336.843225,N,01040.181810,E,2,12,0.6,12.24,M,40.53,M,10.0,0907*44
2021:01:22:14:17:14.370000,1611321434.37,$GPGGA,131714.00,6336.841407,N,01040.177044,E,2,12,0.6,12.26,M,40.53,M,5.0,0907*71
2021:01:22:14:17:16.370000,1611321436.37,$GPGGA,131716.00,6336.837788,N,01040.167508,E,2,12,0.6,12.27,M,40.53,M,7.0,0907*79
2021:01:22:14:17:17.370000,1611321437.37,$GPGGA,131717.00,6336.835957,N,01040.162730,E,2,12,0.6,12.26,M,40.53,M,8.0,0907*74
2021:01:22:14:17:18.370000,1611321438.37,$GPGGA,131718.00,6336.834137,N,01040.157984,E,2,12,0.6,12.27,M,40.53,M,9.0,0907*73
2021:01:22:14:17:20.370000,1611321440.37,$GPGGA,131720.00,6336.830567,N,01040.148300,E,2,12,0.6,12.28,M,40.53,M,11.0,0907*43
2021:01:22:14:17:21.370000,1611321441.37,$GPGGA,131721.00,6336.828770,N,01040.143498,E,2,12,0.6,12.28,M,40.53,M,12.0,0907*41
2021:01:22:14:17:22.369000,1611321442.369,$GPGGA,131722.00,6336.826968,N,01040.138732,E,2,12,0.6,12.29,M,40.53,M,13.0,0907*44
2021:01:22:14:17:23.369000,1611321443.369,$GPGGA,131723.00,6336.825194,N,01040.133852,E,2,12,0.6,12.26,M,40.53,M,14.0,0907*47
2021:01:22:14:17:24.369000,1611321444.369,$GPGGA,131724.00,6336.823418,N,01040.128982,E,2,12,0.6,12.27,M,40.53,M,10.0,0907*44
2021:01:22:14:17:25.369000,1611321445.369,$GPGGA,131725.00,6336.821636,N,01040.124195,E,2,12,0.6,12.30,M,40.53,M,11.0,0907*4C
2021:01:22:14:17:26.369000,1611321446.369,$GPGGA,131726.00,6336.819851,N,01040.119355,E,2,12,0.6,12.29,M,40.53,M,12.0,0907*40
2021:01:22:14:17:27.369000,1611321447.369,$GPGGA,131727.00,6336.818096,N,01040.114477,E,2,12,0.6,12.28,M,40.53,M,13.0,0907*49
2021:01:22:14:17:28.369000,1611321448.369,$GPGGA,131728.00,6336.816334,N,01040.109591,E,2,12,0.6,12.27,M,40.53,M,14.0,0907*4E
2021:01:22:14:17:29.370000,1611321449.37,$GPGGA,131729.00,6336.814578,N,01040.104702,E,2,12,0.6,12.29,M,40.53,M,15.0,0907*49
2021:01:22:14:17:30.370000,1611321450.37,$GPGGA,131730.00,6336.812812,N,01040.099834,E,2,12,0.6,12.28,M,40.53,M,16.0,0907*4B
2021:01:22:14:17:31.370000,1611321451.37,$GPGGA,131731.00,6336.811028,N,01040.094980,E,2,12,0.6,12.28,M,40.53,M,17.0,0907*4A
2021:01:22:14:17:32.370000,1611321452.37,$GPGGA,131732.00,6336.809224,N,01040.090106,E,2,12,0.6,12.26,M,40.53,M,6.0,0907*72
2021:01:22:14:17:33.370000,1611321453.37,$GPGGA,131733.00,6336.807458,N,01040.085281,E,2,12,0.6,12.28,M,40.53,M,7.0,0907*77
2021:01:22:14:17:34.370000,1611321454.37,$GPGGA,131734.00,6336.805669,N,01040.080472,E,2,12,0.6,12.31,M,40.53,M,8.0,0907*7A
2021:01:22:14:17:35.370000,1611321455.37,$GPGGA,131735.00,6336.803868,N,01040.075613,E,2,12,0.6,12.27,M,40.53,M,9.0,0907*7B
2021:01:22:14:17:36.370000,1611321456.37,$GPGGA,131736.00,6336.802079,N,01040.070760,E,2,12,0.6,12.25,M,40.53,M,10.0,0907*4B
2021:01:22:14:17:37.370000,1611321457.37,$GPGGA,131737.00,6336.800298,N,01040.065945,E,2,12,0.6,12.26,M,40.53,M,11.0,0907*4A
2021:01:22:14:17:38.370000,1611321458.37,$GPGGA,131738.00,6336.798494,N,01040.061151,E,2,12,0.6,12.26,M,40.53,M,12.0,0907*4B
2021:01:22:14:17:39.370000,1611321459.37,$GPGGA,131739.00,6336.796715,N,01040.056336,E,2,12,0.6,12.28,M,40.53,M,13.0,0907*46
2021:01:22:14:17:40.370000,1611321460.37,$GPGGA,131740.00,6336.794910,N,01040.051509,E,2,12,0.6,12.26,M,40.53,M,14.0,0907*45
2021:01:22:14:17:41.370000,1611321461.37,$GPGGA,131741.00,6336.793111,N,01040.046709,E,2,12,0.6,12.27,M,40.53,M,9.0,0907*73
2021:01:22:14:17:42.370000,1611321462.37,$GPGGA,131742.00,6336.791317,N,01040.041935,E,2,12,0.6,12.27,M,40.53,M,10.0,0907*48
2021:01:22:14:17:43.370000,1611321463.37,$GPGGA,131743.00,6336.789528,N,01040.037125,E,2,12,0.6,12.27,M,40.53,M,11.0,0907*43
2021:01:22:14:17:44.371000,1611321464.371,$GPGGA,131744.00,6336.787714,N,01040.032289,E,2,12,0.6,12.26,M,40.53,M,7.0,0907*71
2021:01:22:14:17:45.371000,1611321465.371,$GPGGA,131745.00,6336.785922,N,01040.027526,E,2,12,0.6,12.28,M,40.53,M,8.0,0907*7E
2021:01:22:14:17:46.371000,1611321466.371,$GPGGA,131746.00,6336.784090,N,01040.022769,E,2,12,0.6,12.28,M,40.53,M,9.0,0907*71
2021:01:22:14:17:47.371000,1611321467.371,$GPGGA,131747.00,6336.782254,N,01040.018020,E,2,12,0.6,12.26,M,40.53,M,10.0,0907*49
2021:01:22:14:17:48.371000,1611321468.371,$GPGGA,131748.00,6336.780414,N,01040.013335,E,2,12,0.6,12.25,M,40.53,M,6.0,0907*7E
2021:01:22:14:17:50.371000,1611321470.371,$GPGGA,131750.00,6336.776761,N,01040.003826,E,2,12,0.6,12.26,M,40.53,M,8.0,0907*7A
2021:01:22:14:17:51.371000,1611321471.371,$GPGGA,131751.00,6336.774922,N,01039.999130,E,2,12,0.6,12.26,M,40.53,M,9.0,0907*7B
2021:01:22:14:17:52.371000,1611321472.371,$GPGGA,131752.00,6336.773105,N,01039.994364,E,2,12,0.6,12.24,M,40.53,M,10.0,0907*46
2021:01:22:14:17:53.370000,1611321473.37,$GPGGA,131753.00,6336.771325,N,01039.989526,E,2,12,0.6,12.25,M,40.53,M,11.0,0907*49
2021:01:22:14:17:54.370000,1611321474.37,$GPGGA,131754.00,6336.769538,N,01039.984701,E,2,12,0.6,12.26,M,40.53,M,12.0,0907*47
2021:01:22:14:17:55.370000,1611321475.37,$GPGGA,131755.00,6336.767718,N,01039.979921,E,2,12,0.6,12.25,M,40.53,M,7.0,0907*71
2021:01:22:14:17:56.370000,1611321476.37,$GPGGA,131756.00,6336.765901,N,01039.975197,E,2,12,0.6,12.27,M,40.53,M,8.0,0907*72
2021:01:22:14:17:58.370000,1611321478.37,$GPGGA,131758.00,6336.762301,N,01039.965587,E,2,12,0.6,12.27,M,40.53,M,5.0,0907*78
2021:01:22:14:17:59.371000,1611321479.371,$GPGGA,131759.00,6336.760537,N,01039.960756,E,2,12,0.6,12.26,M,40.53,M,6.0,0907*71
2021:01:22:14:18:00.371000,1611321480.371,$GPGGA,131800.00,6336.758765,N,01039.955933,E,2,12,0.6,12.29,M,40.54,M,7.0,0907*7E
2021:01:22:14:18:02.371000,1611321482.371,$GPGGA,131802.00,6336.755184,N,01039.946346,E,2,12,0.6,12.28,M,40.54,M,9.0,0907*7D
2021:01:22:14:18:03.371000,1611321483.371,$GPGGA,131803.00,6336.753397,N,01039.941511,E,2,12,0.6,12.26,M,40.54,M,10.0,0907*4F
2021:01:22:14:18:04.371000,1611321484.371,$GPGGA,131804.00,6336.751650,N,01039.936696,E,2,12,0.6,12.27,M,40.54,M,11.0,0907*48
2021:01:22:14:18:06.371000,1611321486.371,$GPGGA,131806.00,6336.748112,N,01039.927093,E,2,12,0.6,12.30,M,40.54,M,8.0,0907*7E
2021:01:22:14:18:07.371000,1611321487.371,$GPGGA,131807.00,6336.746326,N,01039.922337,E,2,12,0.6,12.29,M,40.54,M,9.0,0907*75
2021:01:22:14:18:08.371000,1611321488.371,$GPGGA,131808.00,6336.744526,N,01039.917601,E,2,12,0.6,12.30,M,40.54,M,10.0,0907*48
2021:01:22:14:18:10.371000,1611321490.371,$GPGGA,131810.00,6336.740972,N,01039.908018,E,2,12,0.6,12.29,M,40.54,M,7.0,0907*76
2021:01:22:14:18:11.371000,1611321491.371,$GPGGA,131811.00,6336.739188,N,01039.903227,E,2,12,0.6,12.26,M,40.54,M,8.0,0907*71
2021:01:22:14:18:12.371000,1611321492.371,$GPGGA,131812.00,6336.737404,N,01039.898481,E,2,12,0.6,12.28,M,40.54,M,9.0,0907*7B
2021:01:22:14:18:14.372000,1611321494.372,$GPGGA,131814.00,6336.733741,N,01039.889061,E,2,12,0.6,12.23,M,40.54,M,11.0,0907*43
2021:01:22:14:18:15.372000,1611321495.372,$GPGGA,131815.00,6336.731936,N,01039.884336,E,2,12,0.6,12.26,M,40.54,M,6.0,0907*71
2021:01:22:14:18:16.372000,1611321496.372,$GPGGA,131816.00,6336.730133,N,01039.879556,E,2,12,0.6,12.26,M,40.54,M,7.0,0907*7D
2021:01:22:14:18:18.372000,1611321498.372,$GPGGA,131818.00,6336.726526,N,01039.870063,E,2,12,0.6,12.26,M,40.54,M,9.0,0907*70
2021:01:22:14:18:19.372000,1611321499.372,$GPGGA,131819.00,6336.724733,N,01039.865266,E,2,12,0.6,12.27,M,40.54,M,10.0,0907*4F
2021:01:22:14:18:20.372000,1611321500.372,$GPGGA,131820.00,6336.722972,N,01039.860385,E,2,12,0.6,12.26,M,40.54,M,11.0,0907*41
2021:01:22:14:18:23.371000,1611321503.371,$GPGGA,131823.00,6336.717660,N,01039.845882,E,2,12,0.6,12.25,M,40.54,M,14.0,0907*45
2021:01:22:14:18:24.371000,1611321504.371,$GPGGA,131824.00,6336.715881,N,01039.841060,E,2,12,0.6,12.24,M,40.54,M,15.0,0907*41
2021:01:22:14:18:25.371000,1611321505.371,$GPGGA,131825.00,6336.714111,N,01039.836206,E,2,12,0.6,12.28,M,40.54,M,11.0,0907*4B
2021:01:22:14:18:26.371000,1611321506.371,$GPGGA,131826.00,6336.712329,N,01039.831390,E,2,12,0.6,12.29,M,40.54,M,12.0,0907*4C
2021:01:22:14:18:27.371000,1611321507.371,$GPGGA,131827.00,6336.710557,N,01039.826537,E,2,12,0.6,12.26,M,40.54,M,13.0,0907*43
2021:01:22:14:18:28.371000,1611321508.371,$GPGGA,131828.00,6336.708784,N,01039.821744,E,2,12,0.6,12.26,M,40.54,M,9.0,0907*73
2021:01:22:14:18:29.372000,1611321509.372,$GPGGA,131829.00,6336.706981,N,01039.816990,E,2,12,0.6,12.27,M,40.54,M,10.0,0907*4D
2021:01:22:14:18:31.372000,1611321511.372,$GPGGA,131831.00,6336.703367,N,01039.807436,E,2,12,0.6,12.23,M,40.54,M,12.0,0907*44
2021:01:22:14:18:32.372000,1611321512.372,$GPGGA,131832.00,6336.701557,N,01039.802727,E,2,12,0.6,12.28,M,40.54,M,7.0,0907*79
2021:01:22:14:18:33.372000,1611321513.372,$GPGGA,131833.00,6336.699728,N,01039.797987,E,2,12,0.6,12.28,M,40.54,M,8.0,0907*7A
2021:01:22:14:18:35.372000,1611321515.372,$GPGGA,131835.00,6336.696076,N,01039.788582,E,2,12,0.6,12.32,M,40.54,M,5.0,0907*7E
2021:01:22:14:18:36.372000,1611321516.372,$GPGGA,131836.00,6336.694272,N,01039.783784,E,2,12,0.6,12.31,M,40.54,M,6.0,0907*76
2021:01:22:14:18:37.372000,1611321517.372,$GPGGA,131837.00,6336.692480,N,01039.778990,E,2,12,0.6,12.28,M,40.54,M,7.0,0907*7C
2021:01:22:14:18:38.372000,1611321518.372,$GPGGA,131838.00,6336.690699,N,01039.774194,E,2,12,0.6,12.29,M,40.54,M,8.0,0907*75
2021:01:22:14:18:39.372000,1611321519.372,$GPGGA,131839.00,6336.688926,N,01039.769359,E,2,12,0.6,12.31,M,40.54,M,9.0,0907*71
2021:01:22:14:18:40.372000,1611321520.372,$GPGGA,131840.00,6336.687153,N,01039.764517,E,2,12,0.6,12.30,M,40.54,M,10.0,0907*42
2021:01:22:14:18:41.372000,1611321521.372,$GPGGA,131841.00,6336.685376,N,01039.759677,E,2,12,0.6,12.28,M,40.54,M,11.0,0907*47
2021:01:22:14:18:42.372000,1611321522.372,$GPGGA,131842.00,6336.683585,N,01039.754906,E,2,12,0.6,12.30,M,40.54,M,12.0,0907*46
2021:01:22:14:18:43.372000,1611321523.372,$GPGGA,131843.00,6336.681792,N,01039.750040,E,2,12,0.6,12.28,M,40.54,M,13.0,0907*46
2021:01:22:14:18:44.373000,1611321524.373,$GPGGA,131844.00,6336.680049,N,01039.745151,E,2,12,0.6,12.28,M,40.54,M,3.0,0907*75
2021:01:22:14:18:45.373000,1611321525.373,$GPGGA,131845.00,6336.678298,N,01039.740268,E,2,12,0.6,12.30,M,40.54,M,4.0,0907*7F
2021:01:22:14:18:47.373000,1611321527.373,$GPGGA,131847.00,6336.674714,N,01039.730605,E,2,12,0.6,12.27,M,40.54,M,6.0,0907*7C
2021:01:22:14:18:48.373000,1611321528.373,$GPGGA,131848.00,6336.672890,N,01039.725858,E,2,12,0.6,12.29,M,40.54,M,7.0,0907*7B
2021:01:22:14:18:49.373000,1611321529.373,$GPGGA,131849.00,6336.671096,N,01039.721038,E,2,12,0.6,12.29,M,40.54,M,8.0,0907*72
2021:01:22:14:18:52.373000,1611321532.373,$GPGGA,131852.00,6336.665703,N,01039.706662,E,2,12,0.6,12.27,M,40.54,M,6.0,0907*7A
2021:01:22:14:18:53.373000,1611321533.373,$GPGGA,131853.00,6336.663910,N,01039.701858,E,2,12,0.6,12.27,M,40.54,M,7.0,0907*70
2021:01:22:14:18:54.373000,1611321534.373,$GPGGA,131854.00,6336.662132,N,01039.697051,E,2,12,0.6,12.27,M,40.54,M,8.0,0907*7E
2021:01:22:14:18:56.372000,1611321536.372,$GPGGA,131856.00,6336.658550,N,01039.687388,E,2,12,0.6,12.27,M,40.54,M,5.0,0907*7E
2021:01:22:14:18:57.372000,1611321537.372,$GPGGA,131857.00,6336.656739,N,01039.682634,E,2,12,0.6,12.28,M,40.54,M,6.0,0907*77
2021:01:22:14:18:58.372000,1611321538.372,$GPGGA,131858.00,6336.654926,N,01039.677848,E,2,12,0.6,12.28,M,40.54,M,7.0,0907*74
2021:01:22:14:19:00.373000,1611321540.373,$GPGGA,131900.00,6336.651391,N,01039.668164,E,2,12,0.6,12.28,M,40.54,M,9.0,0907*7C
2021:01:22:14:19:01.373000,1611321541.373,$GPGGA,131901.00,6336.649633,N,01039.663290,E,2,12,0.6,12.29,M,40.54,M,10.0,0907*43
2021:01:22:14:19:02.373000,1611321542.373,$GPGGA,131902.00,6336.647832,N,01039.658489,E,2,12,0.6,12.30,M,40.54,M,6.0,0907*78
2021:01:22:14:19:04.373000,1611321544.373,$GPGGA,131904.00,6336.644272,N,01039.648862,E,2,12,0.6,12.33,M,40.54,M,8.0,0907*76
2021:01:22:14:19:05.373000,1611321545.373,$GPGGA,131905.00,6336.642485,N,01039.644027,E,2,12,0.6,12.33,M,40.54,M,9.0,0907*7B
2021:01:22:14:19:06.373000,1611321546.373,$GPGGA,131906.00,6336.640691,N,01039.639235,E,2,12,0.6,12.32,M,40.54,M,10.0,0907*4F
2021:01:22:14:19:08.373000,1611321548.373,$GPGGA,131908.00,6336.637071,N,01039.629716,E,2,12,0.6,12.34,M,40.54,M,12.0,0907*48
2021:01:22:14:19:09.373000,1611321549.373,$GPGGA,131909.00,6336.635285,N,01039.624920,E,2,12,0.6,12.31,M,40.54,M,7.0,0907*75
2021:01:22:14:19:10.373000,1611321550.373,$GPGGA,131910.00,6336.633509,N,01039.620127,E,2,12,0.6,12.30,M,40.54,M,8.0,0907*7D
2021:01:22:14:19:12.373000,1611321552.373,$GPGGA,131912.00,6336.629931,N,01039.610572,E,2,12,0.6,12.29,M,40.54,M,5.0,0907*71
2021:01:22:14:19:13.373000,1611321553.373,$GPGGA,131913.00,6336.628131,N,01039.605830,E,2,12,0.6,12.30,M,40.54,M,6.0,0907*7D
2021:01:22:14:19:14.374000,1611321554.374,$GPGGA,131914.00,6336.626322,N,01039.601067,E,2,12,0.6,12.29,M,40.55,M,7.0,0907*72
2021:01:22:14:19:16.374000,1611321556.374,$GPGGA,131916.00,6336.622751,N,01039.591494,E,2,12,0.6,12.31,M,40.55,M,9.0,0907*71
2021:01:22:14:19:17.374000,1611321557.374,$GPGGA,131917.00,6336.620958,N,01039.586698,E,2,12,0.6,12.30,M,40.55,M,10.0,0907*44
2021:01:22:14:19:18.374000,1611321558.374,$GPGGA,131918.00,6336.619176,N,01039.581905,E,2,12,0.6,12.31,M,40.55,M,11.0,0907*49
2021:01:22:14:19:20.374000,1611321560.374,$GPGGA,131920.00,6336.615582,N,01039.572285,E,2,12,0.6,12.30,M,40.55,M,13.0,0907*4D
2021:01:22:14:19:21.374000,1611321561.374,$GPGGA,131921.00,6336.613819,N,01039.567481,E,2,12,0.6,12.32,M,40.55,M,9.0,0907*7A
2021:01:22:14:19:22.374000,1611321562.374,$GPGGA,131922.00,6336.612035,N,01039.562622,E,2,12,0.6,12.30,M,40.55,M,10.0,0907*4A
2021:01:22:14:19:23.374000,1611321563.374,$GPGGA,131923.00,6336.610265,N,01039.557784,E,2,12,0.6,12.30,M,40.55,M,11.0,0907*44
2021:01:22:14:19:25.374000,1611321565.374,$GPGGA,131925.00,6336.606700,N,01039.548142,E,2,12,0.6,12.32,M,40.55,M,13.0,0907*41
2021:01:22:14:19:26.373000,1611321566.373,$GPGGA,131926.00,6336.604927,N,01039.543282,E,2,12,0.6,12.31,M,40.55,M,14.0,0907*4B
2021:01:22:14:19:27.373000,1611321567.373,$GPGGA,131927.00,6336.603133,N,01039.538463,E,2,12,0.6,12.31,M,40.55,M,15.0,0907*44
2021:01:22:14:19:29.374000,1611321569.374,$GPGGA,131929.00,6336.599515,N,01039.528919,E,2,12,0.6,12.33,M,40.55,M,17.0,0907*4B
2021:01:22:14:19:30.374000,1611321570.374,$GPGGA,131930.00,6336.597689,N,01039.524144,E,2,12,0.6,12.32,M,40.55,M,18.0,0907*49
2021:01:22:14:19:31.374000,1611321571.374,$GPGGA,131931.00,6336.595887,N,01039.519334,E,2,12,0.6,12.31,M,40.55,M,19.0,0907*43
2021:01:22:14:19:32.374000,1611321572.374,$GPGGA,131932.00,6336.594069,N,01039.514586,E,2,12,0.6,12.32,M,40.55,M,10.0,0907*41
2021:01:22:14:19:33.374000,1611321573.374,$GPGGA,131933.00,6336.592239,N,01039.509846,E,2,12,0.6,12.32,M,40.55,M,9.0,0907*74
2021:01:22:14:19:34.374000,1611321574.374,$GPGGA,131934.00,6336.590397,N,01039.505086,E,2,12,0.6,12.32,M,40.55,M,10.0,0907*44
2021:01:22:14:19:35.374000,1611321575.374,$GPGGA,131935.00,6336.588596,N,01039.500323,E,2,12,0.6,12.33,M,40.55,M,11.0,0907*42
2021:01:22:14:19:37.374000,1611321577.374,$GPGGA,131937.00,6336.584949,N,01039.490781,E,2,12,0.6,12.32,M,40.55,M,13.0,0907*45
2021:01:22:14:19:38.374000,1611321578.374,$GPGGA,131938.00,6336.583158,N,01039.485992,E,2,12,0.6,12.33,M,40.55,M,14.0,0907*4B
2021:01:22:14:19:39.374000,1611321579.374,$GPGGA,131939.00,6336.581352,N,01039.481209,E,2,12,0.6,12.33,M,40.55,M,9.0,0907*71
2021:01:22:14:19:41.374000,1611321581.374,$GPGGA,131941.00,6336.577757,N,01039.471554,E,2,12,0.6,12.32,M,40.55,M,11.0,0907*4E
2021:01:22:14:19:42.374000,1611321582.374,$GPGGA,131942.00,6336.575967,N,01039.466720,E,2,12,0.6,12.33,M,40.55,M,7.0,0907*73
2021:01:22:14:19:43.374000,1611321583.374,$GPGGA,131943.00,6336.574182,N,01039.461872,E,2,12,0.6,12.32,M,40.55,M,8.0,0907*71
2021:01:22:14:19:45.375000,1611321585.375,$GPGGA,131945.00,6336.570604,N,01039.452178,E,2,12,0.6,12.31,M,40.55,M,5.0,0907*77
2021:01:22:14:19:46.375000,1611321586.375,$GPGGA,131946.00,6336.568824,N,01039.447338,E,2,12,0.6,12.32,M,40.55,M,6.0,0907*73
2021:01:22:14:19:47.375000,1611321587.375,$GPGGA,131947.00,6336.567037,N,01039.442516,E,2,12,0.6,12.33,M,40.55,M,7.0,0907*78
2021:01:22:14:19:49.375000,1611321589.375,$GPGGA,131949.00,6336.563411,N,01039.432911,E,2,12,0.6,12.31,M,40.55,M,9.0,0907*72
2021:01:22:14:19:50.375000,1611321590.375,$GPGGA,131950.00,6336.561602,N,01039.428140,E,2,12,0.6,12.33,M,40.55,M,10.0,0907*45
2021:01:22:14:19:51.375000,1611321591.375,$GPGGA,131951.00,6336.559785,N,01039.423364,E,2,12,0.6,12.32,M,40.55,M,11.0,0907*4E
2021:01:22:14:19:54.375000,1611321594.375,$GPGGA,131954.00,6336.554356,N,01039.408989,E,2,12,0.6,12.32,M,40.55,M,9.0,0907*75
2021:01:22:14:19:55.375000,1611321595.375,$GPGGA,131955.00,6336.552539,N,01039.404220,E,2,12,0.6,12.33,M,40.55,M,10.0,0907*40
2021:01:22:14:19:56.375000,1611321596.375,$GPGGA,131956.00,6336.550729,N,01039.399423,E,2,12,0.6,12.35,M,40.55,M,6.0,0907*75
2021:01:22:14:19:58.374000,1611321598.374,$GPGGA,131958.00,6336.547107,N,01039.389802,E,2,12,0.6,12.31,M,40.55,M,8.0,0907*73
2021:01:22:14:19:59.375000,1611321599.375,$GPGGA,131959.00,6336.545304,N,01039.385017,E,2,12,0.6,12.32,M,40.55,M,9.0,0907*73
2021:01:22:14:20:00.375000,1611321600.375,$GPGGA,132000.00,6336.543488,N,01039.380201,E,2,12,0.6,12.33,M,40.55,M,10.0,0907*49
2021:01:22:14:20:02.375000,1611321602.375,$GPGGA,132002.00,6336.539895,N,01039.370538,E,2,12,0.6,12.33,M,40.55,M,6.0,0907*73
2021:01:22:14:20:03.375000,1611321603.375,$GPGGA,132003.00,6336.538101,N,01039.365696,E,2,12,0.6,12.34,M,40.55,M,7.0,0907*72
2021:01:22:14:20:04.375000,1611321604.375,$GPGGA,132004.00,6336.536319,N,01039.360828,E,2,12,0.6,12.33,M,40.55,M,8.0,0907*76
2021:01:22:14:20:06.375000,1611321606.375,$GPGGA,132006.00,6336.532748,N,01039.351150,E,2,12,0.6,12.33,M,40.55,M,10.0,0907*4D
2021:01:22:14:20:07.375000,1611321607.375,$GPGGA,132007.00,6336.530938,N,01039.346318,E,2,12,0.6,12.31,M,40.55,M,11.0,0907*4C
2021:01:22:14:20:08.375000,1611321608.375,$GPGGA,132008.00,6336.529167,N,01039.341501,E,2,12,0.6,12.31,M,40.55,M,12.0,0907*43
2021:01:22:14:20:10.375000,1611321610.375,$GPGGA,132010.00,6336.525579,N,01039.331803,E,2,12,0.6,12.30,M,40.55,M,9.0,0907*7E
2021:01:22:14:20:11.375000,1611321611.375,$GPGGA,132011.00,6336.523763,N,01039.327038,E,2,12,0.6,12.30,M,40.55,M,10.0,0907*4F
2021:01:22:14:20:12.375000,1611321612.375,$GPGGA,132012.00,6336.521949,N,01039.322263,E,2,12,0.6,12.30,M,40.55,M,5.0,0907*75
2021:01:22:14:20:14.376000,1611321614.376,$GPGGA,132014.00,6336.518352,N,01039.312692,E,2,12,0.6,12.33,M,40.55,M,7.0,0907*71
2021:01:22:14:20:15.376000,1611321615.376,$GPGGA,132015.00,6336.516525,N,01039.307917,E,2,12,0.6,12.33,M,40.55,M,8.0,0907*71
2021:01:22:14:20:16.376000,1611321616.376,$GPGGA,132016.00,6336.514715,N,01039.303139,E,2,12,0.6,12.32,M,40.55,M,9.0,0907*71
2021:01:22:14:20:17.376000,1611321617.376,$GPGGA,132017.00,6336.512922,N,01039.298335,E,2,12,0.6,12.33,M,40.55,M,10.0,0907*48
2021:01:22:14:20:18.376000,1611321618.376,$GPGGA,132018.00,6336.511163,N,01039.293454,E,2,12,0.6,12.34,M,40.55,M,11.0,0907*44
2021:01:22:14:20:19.376000,1611321619.376,$GPGGA,132019.00,6336.509401,N,01039.288562,E,2,12,0.6,12.35,M,40.55,M,12.0,0907*41
2021:01:22:14:20:20.376000,1611321620.376,$GPGGA,132020.00,6336.507616,N,01039.283705,E,2,12,0.6,12.33,M,40.55,M,13.0,0907*4E
2021:01:22:14:20:22.376000,1611321622.376,$GPGGA,132022.00,6336.504103,N,01039.273951,E,2,12,0.6,12.35,M,40.55,M,5.0,0907*7D
2021:01:22:14:20:23.376000,1611321623.376,$GPGGA,132023.00,6336.502328,N,01039.269066,E,2,12,0.6,12.33,M,40.55,M,6.0,0907*72
2021:01:22:14:20:24.376000,1611321624.376,$GPGGA,132024.00,6336.500557,N,01039.264234,E,2,12,0.6,12.32,M,40.55,M,7.0,0907*71
2021:01:22:14:20:26.376000,1611321626.376,$GPGGA,132026.00,6336.497018,N,01039.254487,E,2,12,0.6,12.34,M,40.55,M,9.0,0907*77
2021:01:22:14:20:27.376000,1611321627.376,$GPGGA,132027.00,6336.495251,N,01039.249625,E,2,12,0.6,12.33,M,40.55,M,10.0,0907*42
2021:01:22:14:20:28.377000,1611321628.377,$GPGGA,132028.00,6336.493462,N,01039.244823,E,2,12,0.6,12.36,M,40.56,M,11.0,0907*4F
2021:01:22:14:20:29.376000,1611321629.376,$GPGGA,132029.00,6336.491670,N,01039.239990,E,2,12,0.6,12.38,M,40.56,M,12.0,0907*43
2021:01:22:14:20:31.376000,1611321631.376,$GPGGA,132031.00,6336.488120,N,01039.230297,E,2,12,0.6,12.35,M,40.56,M,14.0,0907*4E
2021:01:22:14:20:32.376000,1611321632.376,$GPGGA,132032.00,6336.486327,N,01039.225446,E,2,12,0.6,12.36,M,40.56,M,15.0,0907*4A
2021:01:22:14:20:33.376000,1611321633.376,$GPGGA,132033.00,6336.484539,N,01039.220602,E,2,12,0.6,12.32,M,40.56,M,5.0,0907*72
2021:01:22:14:20:35.376000,1611321635.376,$GPGGA,132035.00,6336.480928,N,01039.210980,E,2,12,0.6,12.35,M,40.56,M,7.0,0907*7F
2021:01:22:14:20:36.376000,1611321636.376,$GPGGA,132036.00,6336.479121,N,01039.206170,E,2,12,0.6,12.35,M,40.56,M,8.0,0907*74
2021:01:22:14:20:37.376000,1611321637.376,$GPGGA,132037.00,6336.477308,N,01039.201400,E,2,12,0.6,12.36,M,40.56,M,9.0,0907*75
2021:01:22:14:20:39.376000,1611321639.376,$GPGGA,132039.00,6336.473672,N,01039.191820,E,2,12,0.6,12.34,M,40.56,M,6.0,0907*7E
2021:01:22:14:20:40.376000,1611321640.376,$GPGGA,132040.00,6336.471862,N,01039.187026,E,2,12,0.6,12.34,M,40.56,M,7.0,0907*75
2021:01:22:14:20:41.376000,1611321641.376,$GPGGA,132041.00,6336.470070,N,01039.182183,E,2,12,0.6,12.34,M,40.56,M,8.0,0907*7A
2021:01:22:14:20:43.377000,1611321643.377,$GPGGA,132043.00,6336.466451,N,01039.172592,E,2,12,0.6,12.37,M,40.56,M,10.0,0907*49
2021:01:22:14:20:44.377000,1611321644.377,$GPGGA,132044.00,6336.464612,N,01039.167777,E,2,12,0.6,12.33,M,40.56,M,11.0,0907*41
2021:01:22:14:20:45.377000,1611321645.377,$GPGGA,132045.00,6336.462799,N,01039.163002,E,2,12,0.6,12.28,M,40.56,M,6.0,0907*79
2021:01:22:14:20:47.377000,1611321647.377,$GPGGA,132047.00,6336.459165,N,01039.153426,E,2,12,0.6,12.32,M,40.56,M,8.0,0907*72
2021:01:22:14:20:48.377000,1611321648.377,$GPGGA,132048.00,6336.457366,N,01039.148564,E,2,12,0.6,12.28,M,40.56,M,9.0,0907*75
2021:01:22:14:20:49.377000,1611321649.377,$GPGGA,132049.00,6336.455595,N,01039.143756,E,2,12,0.6,12.32,M,40.56,M,5.0,0907*73
2021:01:22:14:20:51.377000,1611321651.377,$GPGGA,132051.00,6336.451971,N,01039.134034,E,2,12,0.6,12.30,M,40.56,M,7.0,0907*7B
2021:01:22:14:20:52.377000,1611321652.377,$GPGGA,132052.00,6336.450169,N,01039.129280,E,2,12,0.6,12.32,M,40.56,M,8.0,0907*74
2021:01:22:14:20:53.377000,1611321653.377,$GPGGA,132053.00,6336.448349,N,01039.124459,E,2,12,0.6,12.35,M,40.56,M,9.0,0907*75
2021:01:22:14:20:56.377000,1611321656.377,$GPGGA,132056.00,6336.442904,N,01039.110042,E,2,12,0.6,12.33,M,40.56,M,7.0,0907*78
2021:01:22:14:20:57.378000,1611321657.378,$GPGGA,132057.00,6336.441113,N,01039.105207,E,2,12,0.6,12.33,M,40.56,M,8.0,0907*7C
2021:01:22:14:20:58.378000,1611321658.378,$GPGGA,132058.00,6336.439335,N,01039.100315,E,2,12,0.6,12.34,M,40.56,M,9.0,0907*7B
2021:01:22:14:21:00.377000,1611321660.377,$GPGGA,132100.00,6336.435728,N,01039.090701,E,2,12,0.6,12.35,M,40.56,M,5.0,0907*77
2021:01:22:14:21:01.377000,1611321661.377,$GPGGA,132101.00,6336.433909,N,01039.085913,E,2,12,0.6,12.34,M,40.56,M,6.0,0907*76
2021:01:22:14:21:02.377000,1611321662.377,$GPGGA,132102.00,6336.432100,N,01039.081116,E,2,12,0.6,12.33,M,40.56,M,7.0,0907*7A
2021:01:22:14:21:03.377000,1611321663.377,$GPGGA,132103.00,6336.430302,N,01039.076271,E,2,12,0.6,12.33,M,40.56,M,8.0,0907*7C
2021:01:22:14:21:04.377000,1611321664.377,$GPGGA,132104.00,6336.428526,N,01039.071417,E,2,12,0.6,12.34,M,40.56,M,9.0,0907*75
2021:01:22:14:21:05.377000,1611321665.377,$GPGGA,132105.00,6336.426723,N,01039.066603,E,2,12,0.6,12.35,M,40.56,M,10.0,0907*45
2021:01:22:14:21:06.377000,1611321666.377,$GPGGA,132106.00,6336.424956,N,01039.061760,E,2,12,0.6,12.32,M,40.56,M,6.0,0907*7B
2021:01:22:14:21:08.377000,1611321668.377,$GPGGA,132108.00,6336.421434,N,01039.052039,E,2,12,0.6,12.31,M,40.56,M,8.0,0907*7F
2021:01:22:14:21:09.377000,1611321669.377,$GPGGA,132109.00,6336.419680,N,01039.047218,E,2,12,0.6,12.33,M,40.56,M,9.0,0907*7E
2021:01:22:14:21:10.377000,1611321670.377,$GPGGA,132110.00,6336.417905,N,01039.042368,E,2,12,0.6,12.34,M,40.56,M,5.0,0907*72
2021:01:22:14:21:11.378000,1611321671.378,$GPGGA,132111.00,6336.416141,N,01039.037550,E,2,12,0.6,12.32,M,40.56,M,6.0,0907*70
2021:01:22:14:21:12.378000,1611321672.378,$GPGGA,132112.00,6336.414378,N,01039.032733,E,2,12,0.6,12.34,M,40.56,M,7.0,0907*7C
2021:01:22:14:21:13.378000,1611321673.378,$GPGGA,132113.00,6336.412613,N,01039.027885,E,2,12,0.6,12.35,M,40.56,M,8.0,0907*7B
2021:01:22:14:21:14.378000,1611321674.378,$GPGGA,132114.00,6336.410850,N,01039.023031,E,2,12,0.6,12.33,M,40.56,M,9.0,0907*73
2021:01:22:14:21:16.378000,1611321676.378,$GPGGA,132116.00,6336.407310,N,01039.013402,E,2,12,0.6,12.31,M,40.56,M,5.0,0907*71
2021:01:22:14:21:17.378000,1611321677.378,$GPGGA,132117.00,6336.405541,N,01039.008585,E,2,12,0.6,12.32,M,40.56,M,6.0,0907*74
2021:01:22:14:21:18.378000,1611321678.378,$GPGGA,132118.00,6336.403779,N,01039.003756,E,2,12,0.6,12.33,M,40.56,M,7.0,0907*73
2021:01:22:14:21:20.378000,1611321680.378,$GPGGA,132120.00,6336.400214,N,01038.994164,E,2,12,0.6,12.32,M,40.56,M,9.0,0907*7B
2021:01:22:14:21:21.378000,1611321681.378,$GPGGA,132121.00,6336.398424,N,01038.989359,E,2,12,0.6,12.34,M,40.56,M,10.0,0907*47
2021:01:22:14:21:22.378000,1611321682.378,$GPGGA,132122.00,6336.396640,N,01038.984493,E,2,12,0.6,12.32,M,40.56,M,11.0,0907*41
2021:01:22:14:21:23.378000,1611321683.378,$GPGGA,132123.00,6336.394871,N,01038.979674,E,2,12,0.6,12.33,M,40.56,M,12.0,0907*45
2021:01:22:14:21:24.378000,1611321684.378,$GPGGA,132124.00,6336.393061,N,01038.974892,E,2,12,0.6,12.34,M,40.56,M,13.0,0907*41
2021:01:22:14:21:25.379000,1611321685.379,$GPGGA,132125.00,6336.391247,N,01038.970075,E,2,12,0.6,12.35,M,40.56,M,14.0,0907*47
2021:01:22:14:21:26.379000,1611321686.379,$GPGGA,132126.00,6336.389429,N,01038.965299,E,2,12,0.6,12.36,M,40.56,M,7.0,0907*76
2021:01:22:14:21:28.379000,1611321688.379,$GPGGA,132128.00,6336.385842,N,01038.955604,E,2,12,0.6,12.35,M,40.56,M,9.0,0907*7B
2021:01:22:14:21:29.379000,1611321689.379,$GPGGA,132129.00,6336.384016,N,01038.950839,E,2,12,0.6,12.37,M,40.56,M,10.0,0907*4D
2021:01:22:14:21:30.378000,1611321690.378,$GPGGA,132130.00,6336.382155,N,01038.946093,E,2,12,0.6,12.36,M,40.56,M,9.0,0907*73
2021:01:22:14:21:31.378000,1611321691.378,$GPGGA,132131.00,6336.380321,N,01038.941338,E,2,12,0.6,12.37,M,40.56,M,10.0,0907*4D
2021:01:22:14:21:33.378000,1611321693.378,$GPGGA,132133.00,6336.376660,N,01038.931806,E,2,12,0.6,12.38,M,40.56,M,7.0,0907*7E
2021:01:22:14:21:34.378000,1611321694.378,$GPGGA,132134.00,6336.374863,N,01038.926942,E,2,12,0.6,12.35,M,40.56,M,8.0,0907*73
2021:01:22:14:21:35.378000,1611321695.378,$GPGGA,132135.00,6336.373050,N,01038.922130,E,2,12,0.6,12.37,M,40.56,M,9.0,0907*77
2021:01:22:14:21:37.378000,1611321697.378,$GPGGA,132137.00,6336.369388,N,01038.912562,E,2,12,0.6,12.38,M,40.56,M,11.0,0907*4E
2021:01:22:14:21:38.378000,1611321698.378,$GPGGA,132138.00,6336.367569,N,01038.907760,E,2,12,0.6,12.38,M,40.56,M,12.0,0907*41
2021:01:22:14:21:39.378000,1611321699.378,$GPGGA,132139.00,6336.365743,N,01038.902972,E,2,12,0.6,12.37,M,40.56,M,13.0,0907*4E
2021:01:22:14:21:41.379000,1611321701.379,$GPGGA,132141.00,6336.362116,N,01038.893362,E,2,12,0.6,12.34,M,40.57,M,9.0,0907*7B
2021:01:22:14:21:42.379000,1611321702.379,$GPGGA,132142.00,6336.360299,N,01038.888546,E,2,12,0.6,12.36,M,40.57,M,10.0,0907*4E
2021:01:22:14:21:43.379000,1611321703.379,$GPGGA,132143.00,6336.358471,N,01038.883740,E,2,12,0.6,12.32,M,40.57,M,6.0,0907*78
2021:01:22:14:21:45.379000,1611321705.379,$GPGGA,132145.00,6336.354856,N,01038.874127,E,2,12,0.6,12.35,M,40.57,M,8.0,0907*7D
2021:01:22:14:21:46.379000,1611321706.379,$GPGGA,132146.00,6336.353077,N,01038.869268,E,2,12,0.6,12.35,M,40.57,M,4.0,0907*7A
2021:01:22:14:21:47.379000,1611321707.379,$GPGGA,132147.00,6336.351276,N,01038.864409,E,2,12,0.6,12.31,M,40.57,M,5.0,0907*73
2021:01:22:14:21:48.379000,1611321708.379,$GPGGA,132148.00,6336.349470,N,01038.859616,E,2,12,0.6,12.33,M,40.57,M,6.0,0907*76
2021:01:22:14:21:49.379000,1611321709.379,$GPGGA,132149.00,6336.347671,N,01038.854816,E,2,12,0.6,12.34,M,40.57,M,7.0,0907*7F
2021:01:22:14:21:50.379000,1611321710.379,$GPGGA,132150.00,6336.345873,N,01038.849944,E,2,12,0.6,12.36,M,40.57,M,8.0,0907*7E
2021:01:22:14:21:51.379000,1611321711.379,$GPGGA,132151.00,6336.344097,N,01038.845053,E,2,12,0.6,12.35,M,40.57,M,9.0,0907*7D
2021:01:22:14:21:53.379000,1611321713.379,$GPGGA,132153.00,6336.340502,N,01038.835424,E,2,12,0.6,12.37,M,40.57,M,11.0,0907*4A
2021:01:22:14:21:54.379000,1611321714.379,$GPGGA,132154.00,6336.338689,N,01038.830580,E,2,12,0.6,12.36,M,40.57,M,12.0,0907*4A
2021:01:22:14:21:55.380000,1611321715.38,$GPGGA,132155.00,6336.336901,N,01038.825734,E,2,12,0.6,12.38,M,40.57,M,13.0,0907*4C
2021:01:22:14:21:56.380000,1611321716.38,$GPGGA,132156.00,6336.335117,N,01038.820858,E,2,12,0.6,12.39,M,40.57,M,14.0,0907*45
2021:01:22:14:21:58.380000,1611321718.38,$GPGGA,132158.00,6336.331522,N,01038.811240,E,2,12,0.6,12.40,M,40.57,M,10.0,0907*46
2021:01:22:14:21:59.380000,1611321719.38,$GPGGA,132159.00,6336.329710,N,01038.806377,E,2,12,0.6,12.38,M,40.57,M,7.0,0907*77
2021:01:22:14:22:00.379000,1611321720.379,$GPGGA,132200.00,6336.327918,N,01038.801512,E,2,12,0.6,12.35,M,40.57,M,8.0,0907*70
2021:01:22:14:22:02.379000,1611321722.379,$GPGGA,132202.00,6336.324311,N,01038.791901,E,2,12,0.6,12.40,M,40.57,M,10.0,0907*41
2021:01:22:14:22:03.379000,1611321723.379,$GPGGA,132203.00,6336.322484,N,01038.787083,E,2,12,0.6,12.34,M,40.57,M,6.0,0907*7D
2021:01:22:14:22:04.379000,1611321724.379,$GPGGA,132204.00,6336.320671,N,01038.782306,E,2,12,0.6,12.34,M,40.57,M,7.0,0907*7A
2021:01:22:14:22:05.379000,1611321725.379,$GPGGA,132205.00,6336.318858,N,01038.777504,E,2,12,0.6,12.37,M,40.57,M,8.0,0907*77
2021:01:22:14:22:06.379000,1611321726.379,$GPGGA,132206.00,6336.317035,N,01038.772677,E,2,12,0.6,12.36,M,40.57,M,9.0,0907*7A
2021:01:22:14:22:07.379000,1611321727.379,$GPGGA,132207.00,6336.315197,N,01038.767883,E,2,12,0.6,12.33,M,40.57,M,10.0,0907*4C
2021:01:22:14:22:08.379000,1611321728.379,$GPGGA,132208.00,6336.313395,N,01038.763087,E,2,12,0.6,12.36,M,40.57,M,11.0,0907*49
2021:01:22:14:22:10.380000,1611321730.38,$GPGGA,132210.00,6336.309763,N,01038.753443,E,2,12,0.6,12.37,M,40.57,M,13.0,0907*4A
2021:01:22:14:22:11.380000,1611321731.38,$GPGGA,132211.00,6336.307947,N,01038.748619,E,2,12,0.6,12.36,M,40.57,M,8.0,0907*71
2021:01:22:14:22:12.380000,1611321732.38,$GPGGA,132212.00,6336.306130,N,01038.743782,E,2,12,0.6,12.33,M,40.57,M,9.0,0907*77
2021:01:22:14:22:13.380000,1611321733.38,$GPGGA,132213.00,6336.304324,N,01038.738925,E,2,12,0.6,12.31,M,40.57,M,5.0,0907*72
2021:01:22:14:22:14.380000,1611321734.38,$GPGGA,132214.00,6336.302510,N,01038.734148,E,2,12,0.6,12.36,M,40.57,M,6.0,0907*79
2021:01:22:14:22:15.380000,1611321735.38,$GPGGA,132215.00,6336.300695,N,01038.729270,E,2,12,0.6,12.32,M,40.57,M,7.0,0907*75
2021:01:22:14:22:16.380000,1611321736.38,$GPGGA,132216.00,6336.298913,N,01038.724362,E,2,12,0.6,12.30,M,40.57,M,8.0,0907*75
2021:01:22:14:22:18.380000,1611321738.38,$GPGGA,132218.00,6336.295328,N,01038.714643,E,2,12,0.6,12.35,M,40.57,M,10.0,0907*4D
2021:01:22:14:22:19.380000,1611321739.38,$GPGGA,132219.00,6336.293548,N,01038.709682,E,2,12,0.6,12.30,M,40.57,M,11.0,0907*4F
2021:01:22:14:22:20.380000,1611321740.38,$GPGGA,132220.00,6336.291749,N,01038.704923,E,2,12,0.6,12.34,M,40.57,M,12.0,0907*4A
2021:01:22:14:22:22.380000,1611321742.38,$GPGGA,132222.00,6336.288095,N,01038.695228,E,2,12,0.6,12.27,M,40.57,M,9.0,0907*77
2021:01:22:14:22:23.380000,1611321743.38,$GPGGA,132223.00,6336.286277,N,01038.690462,E,2,12,0.6,12.29,M,40.57,M,4.0,0907*78
2021:01:22:14:22:24.381000,1611321744.381,$GPGGA,132224.00,6336.284418,N,01038.685707,E,2,12,0.6,12.31,M,40.57,M,5.0,0907*7E
2021:01:22:14:22:26.381000,1611321746.381,$GPGGA,132226.00,6336.280759,N,01038.676097,E,2,12,0.6,12.31,M,40.57,M,7.0,0907*7E
2021:01:22:14:22:27.381000,1611321747.381,$GPGGA,132227.00,6336.278949,N,01038.671255,E,2,12,0.6,12.32,M,40.57,M,8.0,0907*70
2021:01:22:14:22:28.381000,1611321748.381,$GPGGA,132228.00,6336.277135,N,01038.666424,E,2,12,0.6,12.31,M,40.57,M,9.0,0907*77
2021:01:22:14:22:31.381000,1611321751.381,$GPGGA,132231.00,6336.271665,N,01038.652025,E,2,12,0.6,12.33,M,40.57,M,7.0,0907*75
2021:01:22:14:22:32.380000,1611321752.38,$GPGGA,132232.00,6336.269857,N,01038.647193,E,2,12,0.6,12.31,M,40.57,M,8.0,0907*75
2021:01:22:14:22:33.380000,1611321753.38,$GPGGA,132233.00,6336.268044,N,01038.642373,E,2,12,0.6,12.31,M,40.57,M,9.0,0907*77
2021:01:22:14:22:35.380000,1611321755.38,$GPGGA,132235.00,6336.264450,N,01038.632676,E,2,12,0.6,12.31,M,40.57,M,11.0,0907*42
2021:01:22:14:22:36.380000,1611321756.38,$GPGGA,132236.00,6336.262655,N,01038.627815,E,2,12,0.6,12.31,M,40.57,M,7.0,0907*78
2021:01:22:14:22:37.380000,1611321757.38,$GPGGA,132237.00,6336.260867,N,01038.622965,E,2,12,0.6,12.31,M,40.57,M,8.0,0907*78
2021:01:22:14:22:38.380000,1611321758.38,$GPGGA,132238.00,6336.259084,N,01038.618081,E,2,12,0.6,12.32,M,40.57,M,9.0,0907*70
2021:01:22:14:22:39.381000,1611321759.381,$GPGGA,132239.00,6336.257288,N,01038.613195,E,2,12,0.6,12.31,M,40.57,M,10.0,0907*45
2021:01:22:14:22:40.381000,1611321760.381,$GPGGA,132240.00,6336.255487,N,01038.608379,E,2,12,0.6,12.31,M,40.57,M,11.0,0907*4B
2021:01:22:14:22:41.381000,1611321761.381,$GPGGA,132241.00,6336.253684,N,01038.603541,E,2,12,0.6,12.33,M,40.57,M,12.0,0907*4A
2021:01:22:14:22:43.381000,1611321763.381,$GPGGA,132243.00,6336.250062,N,01038.593930,E,2,12,0.6,12.33,M,40.57,M,14.0,0907*43
2021:01:22:14:22:44.381000,1611321764.381,$GPGGA,132244.00,6336.248247,N,01038.589153,E,2,12,0.6,12.34,M,40.57,M,5.0,0907*79
2021:01:22:14:22:45.381000,1611321765.381,$GPGGA,132245.00,6336.246436,N,01038.584346,E,2,12,0.6,12.34,M,40.57,M,6.0,0907*7E
2021:01:22:14:22:47.381000,1611321767.381,$GPGGA,132247.00,6336.242768,N,01038.574808,E,2,12,0.6,12.33,M,40.57,M,8.0,0907*77
2021:01:22:14:22:48.381000,1611321768.381,$GPGGA,132248.00,6336.240955,N,01038.570036,E,2,12,0.6,12.34,M,40.57,M,9.0,0907*7D
2021:01:22:14:22:49.381000,1611321769.381,$GPGGA,132249.00,6336.239162,N,01038.565223,E,2,12,0.6,12.37,M,40.57,M,10.0,0907*47
2021:01:22:14:22:50.381000,1611321770.381,$GPGGA,132250.00,6336.237336,N,01038.560377,E,2,12,0.6,12.33,M,40.57,M,5.0,0907*77
2021:01:22:14:22:51.381000,1611321771.381,$GPGGA,132251.00,6336.235542,N,01038.555548,E,2,12,0.6,12.33,M,40.57,M,6.0,0907*7E
2021:01:22:14:22:52.381000,1611321772.381,$GPGGA,132252.00,6336.233728,N,01038.550726,E,2,12,0.6,12.34,M,40.57,M,7.0,0907*7C
2021:01:22:14:22:53.382000,1611321773.382,$GPGGA,132253.00,6336.231925,N,01038.545862,E,2,12,0.6,12.33,M,40.57,M,8.0,0907*7F
2021:01:22:14:22:55.382000,1611321775.382,$GPGGA,132255.00,6336.228396,N,01038.536031,E,2,12,0.6,12.33,M,40.58,M,10.0,0907*4F
2021:01:22:14:22:56.382000,1611321776.382,$GPGGA,132256.00,6336.226659,N,01038.531083,E,2,12,0.6,12.33,M,40.58,M,11.0,0907*4B
2021:01:22:14:22:57.382000,1611321777.382,$GPGGA,132257.00,6336.224898,N,01038.526202,E,2,12,0.6,12.37,M,40.58,M,7.0,0907*75
2021:01:22:14:22:58.382000,1611321778.382,$GPGGA,132258.00,6336.223130,N,01038.521267,E,2,12,0.6,12.35,M,40.58,M,8.0,0907*7F
2021:01:22:14:22:59.382000,1611321779.382,$GPGGA,132259.00,6336.221387,N,01038.516363,E,2,12,0.6,12.34,M,40.58,M,9.0,0907*73
2021:01:22:14:23:00.382000,1611321780.382,$GPGGA,132300.00,6336.219604,N,01038.511542,E,2,12,0.6,12.39,M,40.58,M,5.0,0907*78
2021:01:22:14:23:01.382000,1611321781.382,$GPGGA,132301.00,6336.217799,N,01038.506678,E,2,12,0.6,12.37,M,40.58,M,6.0,0907*73
2021:01:22:14:23:03.381000,1611321783.381,$GPGGA,132303.00,6336.214241,N,01038.496975,E,2,12,0.6,12.40,M,40.58,M,8.0,0907*76
2021:01:22:14:23:04.381000,1611321784.381,$GPGGA,132304.00,6336.212437,N,01038.492180,E,2,12,0.6,12.42,M,40.58,M,9.0,0907*75
2021:01:22:14:23:05.381000,1611321785.381,$GPGGA,132305.00,6336.210655,N,01038.487284,E,2,12,0.6,12.36,M,40.58,M,10.0,0907*48
2021:01:22:14:23:06.381000,1611321786.381,$GPGGA,132306.00,6336.208865,N,01038.482457,E,2,12,0.6,12.37,M,40.58,M,11.0,0907*42
2021:01:22:14:23:08.382000,1611321788.382,$GPGGA,132308.00,6336.205274,N,01038.472825,E,2,12,0.6,12.37,M,40.58,M,8.0,0907*75
2021:01:22:14:23:09.382000,1611321789.382,$GPGGA,132309.00,6336.203489,N,01038.467980,E,2,12,0.6,12.36,M,40.58,M,9.0,0907*7C
2021:01:22:14:23:10.382000,1611321790.382,$GPGGA,132310.00,6336.201682,N,01038.463195,E,2,12,0.6,12.38,M,40.58,M,10.0,0907*41
2021:01:22:14:23:12.382000,1611321792.382,$GPGGA,132312.00,6336.198128,N,01038.453482,E,2,12,0.6,12.36,M,40.58,M,7.0,0907*7F
2021:01:22:14:23:13.382000,1611321793.382,$GPGGA,132313.00,6336.196325,N,01038.448724,E,2,12,0.6,12.37,M,40.58,M,8.0,0907*74
2021:01:22:14:23:14.382000,1611321794.382,$GPGGA,132314.00,6336.194521,N,01038.443888,E,2,12,0.6,12.37,M,40.58,M,9.0,0907*70
2021:01:22:14:23:16.382000,1611321796.382,$GPGGA,132316.00,6336.190959,N,01038.434184,E,2,12,0.6,12.35,M,40.58,M,11.0,0907*4B
2021:01:22:14:23:17.382000,1611321797.382,$GPGGA,132317.00,6336.189146,N,01038.429426,E,2,12,0.6,12.38,M,40.58,M,6.0,0907*7E
2021:01:22:14:23:18.382000,1611321798.382,$GPGGA,132318.00,6336.187339,N,01038.424593,E,2,12,0.6,12.36,M,40.58,M,7.0,0907*78
2021:01:22:14:23:20.382000,1611321800.382,$GPGGA,132320.00,6336.183737,N,01038.414937,E,2,12,0.6,12.37,M,40.58,M,9.0,0907*73
2021:01:22:14:23:21.382000,1611321801.382,$GPGGA,132321.00,6336.181943,N,01038.410071,E,2,12,0.6,12.37,M,40.58,M,10.0,0907*4A
2021:01:22:14:23:22.383000,1611321802.383,$GPGGA,132322.00,6336.180161,N,01038.405224,E,2,12,0.6,12.39,M,40.58,M,11.0,0907*49
2021:01:22:14:23:23.383000,1611321803.383,$GPGGA,132323.00,6336.178361,N,01038.400428,E,2,12,0.6,12.39,M,40.58,M,12.0,0907*41
2021:01:22:14:23:24.383000,1611321804.383,$GPGGA,132324.00,6336.176576,N,01038.395528,E,2,12,0.6,12.40,M,40.58,M,13.0,0907*4D
2021:01:22:14:23:25.383000,1611321805.383,$GPGGA,132325.00,6336.174777,N,01038.390697,E,2,12,0.6,12.40,M,40.58,M,14.0,0907*48
2021:01:22:14:23:26.383000,1611321806.383,$GPGGA,132326.00,6336.172981,N,01038.385863,E,2,12,0.6,12.40,M,40.58,M,15.0,0907*4A
2021:01:22:14:23:28.383000,1611321808.383,$GPGGA,132328.00,6336.169332,N,01038.376286,E,2,12,0.6,12.38,M,40.58,M,7.0,0907*7D
2021:01:22:14:23:29.383000,1611321809.383,$GPGGA,132329.00,6336.167505,N,01038.371510,E,2,12,0.6,12.38,M,40.58,M,8.0,0907*70
2021:01:22:14:23:30.383000,1611321810.383,$GPGGA,132330.00,6336.165671,N,01038.366734,E,2,12,0.6,12.38,M,40.58,M,9.0,0907*79
2021:01:22:14:23:33.382000,1611321813.382,$GPGGA,132333.00,6336.160218,N,01038.352302,E,2,12,0.6,12.38,M,40.58,M,7.0,0907*7C
2021:01:22:14:23:34.383000,1611321814.383,$GPGGA,132334.00,6336.158421,N,01038.347458,E,2,12,0.6,12.38,M,40.58,M,8.0,0907*7F
2021:01:22:14:23:35.382000,1611321815.382,$GPGGA,132335.00,6336.156625,N,01038.342595,E,2,12,0.6,12.37,M,40.58,M,9.0,0907*7D
2021:01:22:14:23:37.383000,1611321817.383,$GPGGA,132337.00,6336.153000,N,01038.332978,E,2,12,0.6,12.39,M,40.58,M,11.0,0907*44
2021:01:22:14:23:38.383000,1611321818.383,$GPGGA,132338.00,6336.151194,N,01038.328140,E,2,12,0.6,12.41,M,40.58,M,12.0,0907*41
2021:01:22:14:23:39.383000,1611321819.383,$GPGGA,132339.00,6336.149421,N,01038.323253,E,2,12,0.6,12.39,M,40.58,M,13.0,0907*46
2021:01:22:14:23:41.383000,1611321821.383,$GPGGA,132341.00,6336.145830,N,01038.313580,E,2,12,0.6,12.43,M,40.58,M,15.0,0907*48
2021:01:22:14:23:42.383000,1611321822.383,$GPGGA,132342.00,6336.144040,N,01038.308745,E,2,12,0.6,12.44,M,40.58,M,16.0,0907*40
2021:01:22:14:23:43.383000,1611321823.383,$GPGGA,132343.00,6336.142218,N,01038.303964,E,2,12,0.6,12.46,M,40.58,M,17.0,0907*4D
2021:01:22:14:23:45.383000,1611321825.383,$GPGGA,132345.00,6336.138586,N,01038.294359,E,2,12,0.6,12.41,M,40.58,M,12.0,0907*4F
2021:01:22:14:23:46.383000,1611321826.383,$GPGGA,132346.00,6336.136777,N,01038.289579,E,2,12,0.6,12.44,M,40.58,M,13.0,0907*42
2021:01:22:14:23:47.383000,1611321827.383,$GPGGA,132347.00,6336.134949,N,01038.284792,E,2,12,0.6,12.40,M,40.58,M,5.0,0907*7B
2021:01:22:14:23:48.383000,1611321828.383,$GPGGA,132348.00,6336.133150,N,01038.279946,E,2,12,0.6,12.36,M,40.58,M,6.0,0907*74
2021:01:22:14:23:49.383000,1611321829.383,$GPGGA,132349.00,6336.131356,N,01038.275159,E,2,12,0.6,12.38,M,40.58,M,7.0,0907*76
2021:01:22:14:23:50.383000,1611321830.383,$GPGGA,132350.00,6336.129534,N,01038.270355,E,2,12,0.6,12.37,M,40.58,M,8.0,0907*7E
2021:01:22:14:23:51.383000,1611321831.383,$GPGGA,132351.00,6336.127746,N,01038.265518,E,2,12,0.6,12.35,M,40.58,M,9.0,0907*7E
2021:01:22:14:23:53.384000,1611321833.384,$GPGGA,132353.00,6336.124090,N,01038.255979,E,2,12,0.6,12.37,M,40.58,M,11.0,0907*40
2021:01:22:14:23:54.384000,1611321834.384,$GPGGA,132354.00,6336.122256,N,01038.251209,E,2,12,0.6,12.35,M,40.58,M,7.0,0907*74
2021:01:22:14:23:55.384000,1611321835.384,$GPGGA,132355.00,6336.120449,N,01038.246383,E,2,12,0.6,12.36,M,40.58,M,8.0,0907*76
2021:01:22:14:23:57.384000,1611321837.384,$GPGGA,132357.00,6336.116811,N,01038.236788,E,2,12,0.6,12.37,M,40.58,M,10.0,0907*40
2021:01:22:14:23:58.384000,1611321838.384,$GPGGA,132358.00,6336.115009,N,01038.231929,E,2,12,0.6,12.35,M,40.58,M,11.0,0907*4C
2021:01:22:14:23:59.384000,1611321839.384,$GPGGA,132359.00,6336.113171,N,01038.227188,E,2,12,0.6,12.36,M,40.58,M,12.0,0907*41
2021:01:22:14:24:02.384000,1611321842.384,$GPGGA,132402.00,6336.107729,N,01038.212694,E,2,12,0.6,12.35,M,40.58,M,9.0,0907*73
2021:01:22:14:24:03.384000,1611321843.384,$GPGGA,132403.00,6336.105911,N,01038.207882,E,2,12,0.6,12.38,M,40.58,M,10.0,0907*4D
2021:01:22:14:24:04.385000,1611321844.385,$GPGGA,132404.00,6336.104073,N,01038.203096,E,2,12,0.6,12.37,M,40.58,M,6.0,0907*77
2021:01:22:14:24:06.385000,1611321846.385,$GPGGA,132406.00,6336.100468,N,01038.193375,E,2,12,0.6,12.34,M,40.58,M,8.0,0907*76
2021:01:22:14:24:07.384000,1611321847.384,$GPGGA,132407.00,6336.098642,N,01038.188578,E,2,12,0.6,12.34,M,40.58,M,9.0,0907*7D
2021:01:22:14:24:08.384000,1611321848.384,$GPGGA,132408.00,6336.096824,N,01038.183757,E,2,12,0.6,12.36,M,40.59,M,10.0,0907*4D
2021:01:22:14:24:10.384000,1611321850.384,$GPGGA,132410.00,6336.093150,N,01038.174166,E,2,12,0.6,12.35,M,40.59,M,12.0,0907*46
2021:01:22:14:24:11.384000,1611321851.384,$GPGGA,132411.00,6336.091335,N,01038.169322,E,2,12,0.6,12.37,M,40.59,M,7.0,0907*7C
2021:01:22:14:24:12.384000,1611321852.384,$GPGGA,132412.00,6336.089503,N,01038.164521,E,2,12,0.6,12.36,M,40.59,M,8.0,0907*73
2021:01:22:14:24:13.385000,1611321853.385,$GPGGA,132413.00,6336.087682,N,01038.159683,E,2,12,0.6,12.35,M,40.59,M,9.0,0907*71
2021:01:22:14:24:14.384000,1611321854.384,$GPGGA,132414.00,6336.085859,N,01038.154830,E,2,12,0.6,12.37,M,40.59,M,5.0,0907*79
2021:01:22:14:24:15.384000,1611321855.384,$GPGGA,132415.00,6336.084066,N,01038.149977,E,2,12,0.6,12.38,M,40.59,M,6.0,0907*7F
2021:01:22:14:24:16.385000,1611321856.385,$GPGGA,132416.00,6336.082267,N,01038.145138,E,2,12,0.6,12.39,M,40.59,M,7.0,0907*76
2021:01:22:14:24:18.384000,1611321858.384,$GPGGA,132418.00,6336.078665,N,01038.135326,E,2,12,0.6,12.37,M,40.59,M,9.0,0907*71
2021:01:22:14:24:19.384000,1611321859.384,$GPGGA,132419.00,6336.076877,N,01038.130506,E,2,12,0.6,12.41,M,40.59,M,10.0,0907*4B
2021:01:22:14:24:20.384000,1611321860.384,$GPGGA,132420.00,6336.075067,N,01038.125634,E,2,12,0.6,12.43,M,40.59,M,11.0,0907*4E
2021:01:22:14:24:22.385000,1611321862.385,$GPGGA,132422.00,6336.071468,N,01038.115867,E,2,12,0.6,12.39,M,40.59,M,8.0,0907*7D
2021:01:22:14:24:23.385000,1611321863.385,$GPGGA,132423.00,6336.069684,N,01038.111006,E,2,12,0.6,12.42,M,40.59,M,9.0,0907*73
2021:01:22:14:24:24.385000,1611321864.385,$GPGGA,132424.00,6336.067909,N,01038.106156,E,2,12,0.6,12.42,M,40.59,M,5.0,0907*7E
2021:01:22:14:24:26.385000,1611321866.385,$GPGGA,132426.00,6336.064321,N,01038.096349,E,2,12,0.6,12.40,M,40.59,M,7.0,0907*7B
2021:01:22:14:24:27.385000,1611321867.385,$GPGGA,132427.00,6336.062521,N,01038.091562,E,2,12,0.6,12.42,M,40.59,M,8.0,0907*7F
2021:01:22:14:24:28.385000,1611321868.385,$GPGGA,132428.00,6336.060696,N,01038.086701,E,2,12,0.6,12.42,M,40.59,M,9.0,0907*7D
2021:01:22:14:24:30.385000,1611321870.385,$GPGGA,132430.00,6336.057104,N,01038.077051,E,2,12,0.6,12.40,M,40.59,M,11.0,0907*4B
2021:01:22:14:24:31.385000,1611321871.385,$GPGGA,132431.00,6336.055291,N,01038.072204,E,2,12,0.6,12.35,M,40.59,M,7.0,0907*75
2021:01:22:14:24:32.385000,1611321872.385,$GPGGA,132432.00,6336.053495,N,01038.067378,E,2,12,0.6,12.34,M,40.59,M,8.0,0907*72
2021:01:22:14:24:33.385000,1611321873.385,$GPGGA,132433.00,6336.051687,N,01038.062556,E,2,12,0.6,12.35,M,40.59,M,9.0,0907*7F
2021:01:22:14:24:35.385000,1611321875.385,$GPGGA,132435.00,6336.048109,N,01038.052871,E,2,12,0.6,12.33,M,40.59,M,6.0,0907*72
2021:01:22:14:24:36.385000,1611321876.385,$GPGGA,132436.00,6336.046313,N,01038.048059,E,2,12,0.6,12.35,M,40.59,M,7.0,0907*78
2021:01:22:14:24:37.385000,1611321877.385,$GPGGA,132437.00,6336.044501,N,01038.043210,E,2,12,0.6,12.35,M,40.59,M,8.0,0907*75
2021:01:22:14:24:38.385000,1611321878.385,$GPGGA,132438.00,6336.042723,N,01038.038379,E,2,12,0.6,12.35,M,40.59,M,9.0,0907*7D
2021:01:22:14:24:39.385000,1611321879.385,$GPGGA,132439.00,6336.040950,N,01038.033529,E,2,12,0.6,12.36,M,40.59,M,10.0,0907*47
2021:01:22:14:24:40.385000,1611321880.385,$GPGGA,132440.00,6336.039158,N,01038.028678,E,2,12,0.6,12.36,M,40.59,M,11.0,0907*4B
2021:01:22:14:24:41.385000,1611321881.385,$GPGGA,132441.00,6336.037352,N,01038.023847,E,2,12,0.6,12.33,M,40.59,M,12.0,0907*43
2021:01:22:14:24:43.385000,1611321883.385,$GPGGA,132443.00,6336.033793,N,01038.014213,E,2,12,0.6,12.36,M,40.59,M,14.0,0907*40
2021:01:22:14:24:44.385000,1611321884.385,$GPGGA,132444.00,6336.032042,N,01038.009274,E,2,12,0.6,12.36,M,40.59,M,15.0,0907*41
2021:01:22:14:24:45.385000,1611321885.385,$GPGGA,132445.00,6336.030269,N,01038.004406,E,2,12,0.6,12.36,M,40.59,M,11.0,0907*43
2021:01:22:14:24:47.385000,1611321887.385,$GPGGA,132447.00,6336.026684,N,01037.994763,E,2,12,0.6,12.36,M,40.59,M,7.0,0907*79
2021:01:22:14:24:48.385000,1611321888.385,$GPGGA,132448.00,6336.024887,N,01037.989928,E,2,12,0.6,12.36,M,40.59,M,8.0,0907*7B
2021:01:22:14:24:49.385000,1611321889.385,$GPGGA,132449.00,6336.023096,N,01037.985095,E,2,12,0.6,12.36,M,40.59,M,9.0,0907*77
2021:01:22:14:24:51.386000,1611321891.386,$GPGGA,132451.00,6336.019471,N,01037.975511,E,2,12,0.6,12.36,M,40.59,M,6.0,0907*73
2021:01:22:14:24:52.386000,1611321892.386,$GPGGA,132452.00,6336.017653,N,01037.970735,E,2,12,0.6,12.37,M,40.59,M,7.0,0907*7D
2021:01:22:14:24:53.386000,1611321893.386,$GPGGA,132453.00,6336.015855,N,01037.965898,E,2,12,0.6,12.36,M,40.59,M,8.0,0907*74
2021:01:22:14:24:55.386000,1611321895.386,$GPGGA,132455.00,6336.012214,N,01037.956337,E,2,12,0.6,12.36,M,40.59,M,10.0,0907*4D
2021:01:22:14:24:56.386000,1611321896.386,$GPGGA,132456.00,6336.010405,N,01037.951556,E,2,12,0.6,12.35,M,40.59,M,11.0,0907*4E
2021:01:22:14:24:57.386000,1611321897.386,$GPGGA,132457.00,6336.008582,N,01037.946827,E,2,12,0.6,12.36,M,40.59,M,12.0,0907*45
2021:01:22:14:24:58.386000,1611321898.386,$GPGGA,132458.00,6336.006760,N,01037.942029,E,2,12,0.6,12.34,M,40.59,M,8.0,0907*71
2021:01:22:14:24:59.386000,1611321899.386,$GPGGA,132459.00,6336.004936,N,01037.937282,E,2,12,0.6,12.34,M,40.59,M,9.0,0907*7F
2021:01:22:14:25:00.386000,1611321900.386,$GPGGA,132500.00,6336.003109,N,01037.932520,E,2,12,0.6,12.32,M,40.59,M,10.0,0907*45
2021:01:22:14:25:01.386000,1611321901.386,$GPGGA,132501.00,6336.001317,N,01037.927662,E,2,12,0.6,12.32,M,40.59,M,11.0,0907*4B
2021:01:22:14:25:03.386000,1611321903.386,$GPGGA,132503.00,6335.997686,N,01037.918107,E,2,12,0.6,12.37,M,40.59,M,13.0,0907*4E
2021:01:22:14:25:04.386000,1611321904.386,$GPGGA,132504.00,6335.995886,N,01037.913293,E,2,12,0.6,12.37,M,40.59,M,14.0,0907*47
2021:01:22:14:25:05.387000,1611321905.387,$GPGGA,132505.00,6335.994083,N,01037.908467,E,2,12,0.6,12.32,M,40.59,M,9.0,0907*74
2021:01:22:14:25:08.386000,1611321908.386,$GPGGA,132508.00,6335.988680,N,01037.894001,E,2,12,0.6,12.36,M,40.59,M,12.0,0907*4F
2021:01:22:14:25:09.386000,1611321909.386,$GPGGA,132509.00,6335.986890,N,01037.889139,E,2,12,0.6,12.34,M,40.59,M,13.0,0907*4A
2021:01:22:14:25:10.386000,1611321910.386,$GPGGA,132510.00,6335.985110,N,01037.884297,E,2,12,0.6,12.34,M,40.59,M,14.0,0907*4D
2021:01:22:14:25:12.386000,1611321912.386,$GPGGA,132512.00,6335.981503,N,01037.874697,E,2,12,0.6,12.38,M,40.59,M,6.0,0907*79
2021:01:22:14:25:13.387000,1611321913.387,$GPGGA,132513.00,6335.979672,N,01037.869920,E,2,12,0.6,12.37,M,40.59,M,7.0,0907*7B
2021:01:22:14:25:14.386000,1611321914.386,$GPGGA,132514.00,6335.977840,N,01037.865130,E,2,12,0.6,12.35,M,40.59,M,8.0,0907*75
2021:01:22:14:25:15.386000,1611321915.386,$GPGGA,132515.00,6335.976001,N,01037.860433,E,2,12,0.6,12.36,M,40.59,M,9.0,0907*79
2021:01:22:14:25:16.386000,1611321916.386,$GPGGA,132516.00,6335.974175,N,01037.855677,E,2,12,0.6,12.39,M,40.59,M,10.0,0907*49
2021:01:22:14:25:17.386000,1611321917.386,$GPGGA,132517.00,6335.972317,N,01037.850958,E,2,12,0.6,12.37,M,40.59,M,11.0,0907*40
2021:01:22:14:25:18.386000,1611321918.386,$GPGGA,132518.00,6335.970469,N,01037.846219,E,2,12,0.6,12.37,M,40.59,M,12.0,0907*49
2021:01:22:14:25:20.387000,1611321920.387,$GPGGA,132520.00,6335.966819,N,01037.836685,E,2,12,0.6,12.35,M,40.59,M,14.0,0907*4C
2021:01:22:14:25:21.387000,1611321921.387,$GPGGA,132521.00,6335.964996,N,01037.831911,E,2,12,0.6,12.37,M,40.59,M,15.0,0907*4F
2021:01:22:14:25:22.387000,1611321922.387,$GPGGA,132522.00,6335.963148,N,01037.827174,E,2,12,0.6,12.32,M,40.60,M,10.0,0907*46
2021:01:22:14:25:23.387000,1611321923.387,$GPGGA,132523.00,6335.961329,N,01037.822393,E,2,12,0.6,12.31,M,40.60,M,11.0,0907*4C
2021:01:22:14:25:24.387000,1611321924.387,$GPGGA,132524.00,6335.959484,N,01037.817626,E,2,12,0.6,12.29,M,40.60,M,7.0,0907*73
2021:01:22:14:25:25.387000,1611321925.387,$GPGGA,132525.00,6335.957688,N,01037.812838,E,2,12,0.6,12.32,M,40.60,M,8.0,0907*73
2021:01:22:14:25:26.387000,1611321926.387,$GPGGA,132526.00,6335.955866,N,01037.808034,E,2,12,0.6,12.31,M,40.60,M,9.0,0907*71
2021:01:22:14:25:28.387000,1611321928.387,$GPGGA,132528.00,6335.952204,N,01037.798507,E,2,12,0.6,12.36,M,40.60,M,6.0,0907*7D
2021:01:22:14:25:29.387000,1611321929.387,$GPGGA,132529.00,6335.950388,N,01037.793676,E,2,12,0.6,12.37,M,40.60,M,7.0,0907*75
2021:01:22:14:25:30.387000,1611321930.387,$GPGGA,132530.00,6335.948572,N,01037.788845,E,2,12,0.6,12.34,M,40.60,M,8.0,0907*7F
2021:01:22:14:25:32.387000,1611321932.387,$GPGGA,132532.00,6335.944907,N,01037.779234,E,2,12,0.6,12.36,M,40.60,M,10.0,0907*46
2021:01:22:14:25:33.387000,1611321933.387,$GPGGA,132533.00,6335.943071,N,01037.774476,E,2,12,0.6,12.37,M,40.60,M,11.0,0907*45
2021:01:22:14:25:34.388000,1611321934.388,$GPGGA,132534.00,6335.941213,N,01037.769707,E,2,12,0.6,12.37,M,40.60,M,12.0,0907*4C
2021:01:22:14:25:35.388000,1611321935.388,$GPGGA,132535.00,6335.939361,N,01037.764931,E,2,12,0.6,12.36,M,40.60,M,8.0,0907*7A
2021:01:22:14:25:37.387000,1611321937.387,$GPGGA,132537.00,6335.935628,N,01037.755452,E,2,12,0.6,12.38,M,40.60,M,10.0,0907*41
2021:01:22:14:25:38.388000,1611321938.388,$GPGGA,132538.00,6335.933799,N,01037.750642,E,2,12,0.6,12.36,M,40.60,M,6.0,0907*7C
2021:01:22:14:25:39.387000,1611321939.387,$GPGGA,132539.00,6335.931985,N,01037.745761,E,2,12,0.6,12.38,M,40.60,M,7.0,0907*77
2021:01:22:14:25:40.387000,1611321940.387,$GPGGA,132540.00,6335.930163,N,01037.740952,E,2,12,0.6,12.37,M,40.60,M,8.0,0907*73
2021:01:22:14:25:41.387000,1611321941.387,$GPGGA,132541.00,6335.928366,N,01037.736109,E,2,12,0.6,12.41,M,40.60,M,9.0,0907*7B
2021:01:22:14:25:42.387000,1611321942.387,$GPGGA,132542.00,6335.926549,N,01037.731222,E,2,12,0.6,12.39,M,40.60,M,10.0,0907*47
2021:01:22:14:25:43.387000,1611321943.387,$GPGGA,132543.00,6335.924738,N,01037.726334,E,2,12,0.6,12.36,M,40.60,M,11.0,0907*4E
2021:01:22:14:25:45.387000,1611321945.387,$GPGGA,132545.00,6335.921124,N,01037.716645,E,2,12,0.6,12.33,M,40.60,M,7.0,0907*74
2021:01:22:14:25:46.387000,1611321946.387,$GPGGA,132546.00,6335.919313,N,01037.711819,E,2,12,0.6,12.36,M,40.60,M,8.0,0907*70
2021:01:22:14:25:47.387000,1611321947.387,$GPGGA,132547.00,6335.917480,N,01037.706944,E,2,12,0.6,12.31,M,40.60,M,9.0,0907*7B
2021:01:22:14:25:48.388000,1611321948.388,$GPGGA,132548.00,6335.915702,N,01037.702089,E,2,12,0.6,12.31,M,40.60,M,10.0,0907*4B
2021:01:22:14:25:49.388000,1611321949.388,$GPGGA,132549.00,6335.913882,N,01037.697278,E,2,12,0.6,12.31,M,40.60,M,11.0,0907*4B
2021:01:22:14:25:50.388000,1611321950.388,$GPGGA,132550.00,6335.912068,N,01037.692406,E,2,12,0.6,12.30,M,40.60,M,12.0,0907*46
2021:01:22:14:25:51.388000,1611321951.388,$GPGGA,132551.00,6335.910275,N,01037.687583,E,2,12,0.6,12.31,M,40.60,M,8.0,0907*79
2021:01:22:14:25:53.388000,1611321953.388,$GPGGA,132553.00,6335.906672,N,01037.677865,E,2,12,0.6,12.30,M,40.60,M,10.0,0907*4D
2021:01:22:14:25:54.388000,1611321954.388,$GPGGA,132554.00,6335.904856,N,01037.673093,E,2,12,0.6,12.33,M,40.60,M,11.0,0907*47
2021:01:22:14:25:55.388000,1611321955.388,$GPGGA,132555.00,6335.903035,N,01037.668224,E,2,12,0.6,12.32,M,40.60,M,7.0,0907*7E
2021:01:22:14:25:57.388000,1611321957.388,$GPGGA,132557.00,6335.899424,N,01037.658661,E,2,12,0.6,12.33,M,40.60,M,9.0,0907*73
2021:01:22:14:25:58.388000,1611321958.388,$GPGGA,132558.00,6335.897614,N,01037.653834,E,2,12,0.6,12.33,M,40.60,M,10.0,0907*4E
2021:01:22:14:25:59.388000,1611321959.388,$GPGGA,132559.00,6335.895811,N,01037.648999,E,2,12,0.6,12.29,M,40.60,M,11.0,0907*40
2021:01:22:14:26:00.388000,1611321960.388,$GPGGA,132600.00,6335.894002,N,01037.644268,E,2,12,0.6,12.30,M,40.60,M,12.0,0907*46
2021:01:22:14:26:01.388000,1611321961.388,$GPGGA,132601.00,6335.892178,N,01037.639499,E,2,12,0.6,12.34,M,40.60,M,6.0,0907*7E
2021:01:22:14:26:02.388000,1611321962.388,$GPGGA,132602.00,6335.890362,N,01037.634688,E,2,12,0.6,12.32,M,40.60,M,7.0,0907*7E
2021:01:22:14:26:03.389000,1611321963.389,$GPGGA,132603.00,6335.888572,N,01037.629908,E,2,12,0.6,12.31,M,40.60,M,8.0,0907*76
2021:01:22:14:26:05.389000,1611321965.389,$GPGGA,132605.00,6335.884991,N,01037.620298,E,2,12,0.6,12.31,M,40.60,M,10.0,0907*4F
2021:01:22:14:26:06.389000,1611321966.389,$GPGGA,132606.00,6335.883190,N,01037.615503,E,2,12,0.6,12.31,M,40.60,M,11.0,0907*40
2021:01:22:14:26:07.389000,1611321967.389,$GPGGA,132607.00,6335.881399,N,01037.610747,E,2,12,0.6,12.33,M,40.60,M,12.0,0907*4E
2021:01:22:14:26:08.389000,1611321968.389,$GPGGA,132608.00,6335.879616,N,01037.605935,E,2,12,0.6,12.32,M,40.60,M,13.0,0907*4B
2021:01:22:14:26:10.388000,1611321970.388,$GPGGA,132610.00,6335.876019,N,01037.596382,E,2,12,0.6,12.33,M,40.60,M,9.0,0907*71
2021:01:22:14:26:11.388000,1611321971.388,$GPGGA,132611.00,6335.874250,N,01037.591560,E,2,12,0.6,12.31,M,40.60,M,10.0,0907*4A
2021:01:22:14:26:12.388000,1611321972.388,$GPGGA,132612.00,6335.872456,N,01037.586814,E,2,12,0.6,12.34,M,40.60,M,6.0,0907*75
2021:01:22:14:26:13.388000,1611321973.388,$GPGGA,132613.00,6335.870651,N,01037.582016,E,2,12,0.6,12.36,M,40.60,M,7.0,0907*7E
2021:01:22:14:26:14.388000,1611321974.388,$GPGGA,132614.00,6335.868864,N,01037.577214,E,2,12,0.6,12.32,M,40.60,M,8.0,0907*79
2021:01:22:14:26:15.388000,1611321975.388,$GPGGA,132615.00,6335.867076,N,01037.572501,E,2,12,0.6,12.35,M,40.60,M,4.0,0907*71
2021:01:22:14:26:16.388000,1611321976.388,$GPGGA,132616.00,6335.865262,N,01037.567678,E,2,12,0.6,12.34,M,40.60,M,5.0,0907*7E
2021:01:22:14:26:18.389000,1611321978.389,$GPGGA,132618.00,6335.861639,N,01037.558180,E,2,12,0.6,12.36,M,40.60,M,7.0,0907*72
2021:01:22:14:26:19.389000,1611321979.389,$GPGGA,132619.00,6335.859818,N,01037.553415,E,2,12,0.6,12.34,M,40.60,M,8.0,0907*7A
2021:01:22:14:26:20.389000,1611321980.389,$GPGGA,132620.00,6335.858024,N,01037.548658,E,2,12,0.6,12.36,M,40.60,M,9.0,0907*74
2021:01:22:14:26:22.389000,1611321982.389,$GPGGA,132622.00,6335.854357,N,01037.539236,E,2,12,0.6,12.38,M,40.60,M,11.0,0907*40
2021:01:22:14:26:23.389000,1611321983.389,$GPGGA,132623.00,6335.852522,N,01037.534529,E,2,12,0.6,12.36,M,40.60,M,12.0,0907*4A
2021:01:22:14:26:24.389000,1611321984.389,$GPGGA,132624.00,6335.850708,N,01037.529841,E,2,12,0.6,12.40,M,40.60,M,13.0,0907*4A
2021:01:22:14:26:25.389000,1611321985.389,$GPGGA,132625.00,6335.848861,N,01037.525103,E,2,12,0.6,12.35,M,40.60,M,4.0,0907*75
2021:01:22:14:26:26.389000,1611321986.389,$GPGGA,132626.00,6335.847024,N,01037.520392,E,2,12,0.6,12.32,M,40.60,M,5.0,0907*79
2021:01:22:14:26:27.389000,1611321987.389,$GPGGA,132627.00,6335.845169,N,01037.515774,E,2,12,0.6,12.37,M,40.60,M,6.0,0907*7E
2021:01:22:14:26:28.389000,1611321988.389,$GPGGA,132628.00,6335.843295,N,01037.511072,E,2,12,0.6,12.37,M,40.60,M,7.0,0907*73
2021:01:22:14:26:30.389000,1611321990.389,$GPGGA,132630.00,6335.839583,N,01037.501735,E,2,12,0.6,12.37,M,40.60,M,9.0,0907*7C
2021:01:22:14:26:31.389000,1611321991.389,$GPGGA,132631.00,6335.837702,N,01037.497041,E,2,12,0.6,12.37,M,40.60,M,10.0,0907*4A
2021:01:22:14:26:32.390000,1611321992.39,$GPGGA,132632.00,6335.835847,N,01037.492345,E,2,12,0.6,12.34,M,40.60,M,6.0,0907*73
2021:01:22:14:26:33.390000,1611321993.39,$GPGGA,132633.00,6335.834003,N,01037.487611,E,2,12,0.6,12.34,M,40.60,M,7.0,0907*7A
2021:01:22:14:26:34.390000,1611321994.39,$GPGGA,132634.00,6335.832142,N,01037.482954,E,2,12,0.6,12.34,M,40.60,M,8.0,0907*7B
2021:01:22:14:26:35.390000,1611321995.39,$GPGGA,132635.00,6335.830304,N,01037.478215,E,2,12,0.6,12.36,M,40.60,M,9.0,0907*70
2021:01:22:14:26:36.390000,1611321996.39,$GPGGA,132636.00,6335.828447,N,01037.473435,E,2,12,0.6,12.31,M,40.61,M,10.0,0907*4B
2021:01:22:14:26:38.390000,1611321998.39,$GPGGA,132638.00,6335.824733,N,01037.464127,E,2,12,0.6,12.39,M,40.61,M,6.0,0907*76
2021:01:22:14:26:39.390000,1611321999.39,$GPGGA,132639.00,6335.822880,N,01037.459313,E,2,12,0.6,12.33,M,40.61,M,7.0,0907*76
2021:01:22:14:26:40.390000,1611322000.39,$GPGGA,132640.00,6335.821064,N,01037.454579,E,2,12,0.6,12.34,M,40.61,M,8.0,0907*76
2021:01:22:14:26:41.390000,1611322001.39,$GPGGA,132641.00,6335.819215,N,01037.449912,E,2,12,0.6,12.42,M,40.61,M,9.0,0907*75
2021:01:22:14:26:43.389000,1611322003.389,$GPGGA,132643.00,6335.815507,N,01037.440375,E,2,12,0.6,12.32,M,40.61,M,6.0,0907*75
2021:01:22:14:26:44.389000,1611322004.389,$GPGGA,132644.00,6335.813694,N,01037.435646,E,2,12,0.6,12.39,M,40.61,M,7.0,0907*70
2021:01:22:14:26:45.389000,1611322005.389,$GPGGA,132645.00,6335.811861,N,01037.430893,E,2,12,0.6,12.41,M,40.61,M,8.0,0907*74
2021:01:22:14:26:47.390000,1611322007.39,$GPGGA,132647.00,6335.808218,N,01037.421309,E,2,12,0.6,12.37,M,40.61,M,10.0,0907*4A
2021:01:22:14:26:48.390000,1611322008.39,$GPGGA,132648.00,6335.806416,N,01037.416550,E,2,12,0.7,12.41,M,40.61,M,5.0,0907*79
2021:01:22:14:26:49.390000,1611322009.39,$GPGGA,132649.00,6335.804600,N,01037.411675,E,2,12,0.7,12.38,M,40.61,M,6.0,0907*71
2021:01:22:14:26:50.390000,1611322010.39,$GPGGA,132650.00,6335.802767,N,01037.406968,E,2,12,0.6,12.36,M,40.61,M,7.0,0907*74
2021:01:22:14:26:51.390000,1611322011.39,$GPGGA,132651.00,6335.800929,N,01037.402277,E,2,12,0.6,12.38,M,40.61,M,8.0,0907*73
2021:01:22:14:26:52.390000,1611322012.39,$GPGGA,132652.00,6335.799129,N,01037.397437,E,2,12,0.6,12.36,M,40.61,M,9.0,0907*71
2021:01:22:14:26:53.390000,1611322013.39,$GPGGA,132653.00,6335.797327,N,01037.392631,E,2,12,0.6,12.33,M,40.61,M,10.0,0907*4E
2021:01:22:14:26:55.390000,1611322015.39,$GPGGA,132655.00,6335.793682,N,01037.383114,E,2,12,0.6,12.34,M,40.61,M,12.0,0907*43
2021:01:22:14:26:56.390000,1611322016.39,$GPGGA,132656.00,6335.791882,N,01037.378288,E,2,12,0.6,12.31,M,40.61,M,8.0,0907*70
2021:01:22:14:26:57.390000,1611322017.39,$GPGGA,132657.00,6335.790076,N,01037.373524,E,2,12,0.6,12.33,M,40.61,M,9.0,0907*7A
2021:01:22:14:26:58.390000,1611322018.39,$GPGGA,132658.00,6335.788248,N,01037.368747,E,2,12,0.6,12.33,M,40.61,M,10.0,0907*46
2021:01:22:14:26:59.390000,1611322019.39,$GPGGA,132659.00,6335.786444,N,01037.363921,E,2,12,0.6,12.36,M,40.61,M,6.0,0907*74
2021:01:22:14:27:00.390000,1611322020.39,$GPGGA,132700.00,6335.784635,N,01037.359132,E,2,12,0.6,12.34,M,40.61,M,7.0,0907*7F
2021:01:22:14:27:01.391000,1611322021.391,$GPGGA,132701.00,6335.782818,N,01037.354348,E,2,12,0.6,12.34,M,40.61,M,8.0,0907*74
2021:01:22:14:27:03.391000,1611322023.391,$GPGGA,132703.00,6335.779209,N,01037.344703,E,2,12,0.6,12.32,M,40.61,M,10.0,0907*4D
2021:01:22:14:27:04.391000,1611322024.391,$GPGGA,132704.00,6335.777400,N,01037.339913,E,2,12,0.6,12.33,M,40.61,M,11.0,0907*4E
2021:01:22:14:27:05.391000,1611322025.391,$GPGGA,132705.00,6335.775594,N,01037.335146,E,2,12,0.6,12.36,M,40.61,M,12.0,0907*43
2021:01:22:14:27:08.391000,1611322028.391,$GPGGA,132708.00,6335.770146,N,01037.320789,E,2,12,0.6,12.38,M,40.61,M,9.0,0907*75
2021:01:22:14:27:09.391000,1611322029.391,$GPGGA,132709.00,6335.768319,N,01037.316027,E,2,12,0.6,12.40,M,40.61,M,10.0,0907*44
2021:01:22:14:27:10.391000,1611322030.391,$GPGGA,132710.00,6335.766494,N,01037.311258,E,2,12,0.6,12.38,M,40.61,M,11.0,0907*43
2021:01:22:14:27:12.391000,1611322032.391,$GPGGA,132712.00,6335.762836,N,01037.301765,E,2,12,0.6,12.40,M,40.61,M,13.0,0907*46
2021:01:22:14:27:13.390000,1611322033.39,$GPGGA,132713.00,6335.760994,N,01037.297036,E,2,12,0.6,12.42,M,40.61,M,7.0,0907*74
2021:01:22:14:27:14.391000,1611322034.391,$GPGGA,132714.00,6335.759177,N,01037.292205,E,2,12,0.6,12.40,M,40.61,M,8.0,0907*76
2021:01:22:14:27:15.390000,1611322035.39,$GPGGA,132715.00,6335.757378,N,01037.287395,E,2,12,0.6,12.39,M,40.61,M,4.0,0907*7A
2021:01:22:14:27:16.391000,1611322036.391,$GPGGA,132716.00,6335.755566,N,01037.282636,E,2,12,0.6,12.43,M,40.61,M,5.0,0907*77
2021:01:22:14:27:17.391000,1611322037.391,$GPGGA,132717.00,6335.753768,N,01037.277819,E,2,12,0.6,12.42,M,40.61,M,6.0,0907*77
2021:01:22:14:27:18.391000,1611322038.391,$GPGGA,132718.00,6335.752002,N,01037.272916,E,2,12,0.6,12.40,M,40.61,M,7.0,0907*7A
2021:01:22:14:27:20.391000,1611322040.391,$GPGGA,132720.00,6335.748370,N,01037.263313,E,2,12,0.6,12.41,M,40.61,M,9.0,0907*7C
2021:01:22:14:27:21.391000,1611322041.391,$GPGGA,132721.00,6335.746567,N,01037.258516,E,2,12,0.6,12.37,M,40.61,M,10.0,0907*41
2021:01:22:14:27:22.391000,1611322042.391,$GPGGA,132722.00,6335.744768,N,01037.253708,E,2,12,0.6,12.36,M,40.61,M,11.0,0907*4B
2021:01:22:14:27:23.391000,1611322043.391,$GPGGA,132723.00,6335.742941,N,01037.248881,E,2,12,0.6,12.37,M,40.61,M,12.0,0907*4F
2021:01:22:14:27:24.391000,1611322044.391,$GPGGA,132724.00,6335.741118,N,01037.244107,E,2,12,0.6,12.37,M,40.61,M,13.0,0907*45
2021:01:22:14:27:25.391000,1611322045.391,$GPGGA,132725.00,6335.739278,N,01037.239394,E,2,12,0.6,12.37,M,40.61,M,14.0,0907*4B
2021:01:22:14:27:26.391000,1611322046.391,$GPGGA,132726.00,6335.737453,N,01037.234561,E,2,12,0.6,12.35,M,40.61,M,15.0,0907*4B
2021:01:22:14:27:28.391000,1611322048.391,$GPGGA,132728.00,6335.733845,N,01037.224973,E,2,12,0.6,12.38,M,40.61,M,17.0,0907*4B
2021:01:22:14:27:29.391000,1611322049.391,$GPGGA,132729.00,6335.732005,N,01037.220187,E,2,12,0.6,12.38,M,40.61,M,8.0,0907*7E
2021:01:22:14:27:30.391000,1611322050.391,$GPGGA,132730.00,6335.730185,N,01037.215416,E,2,12,0.6,12.34,M,40.61,M,9.0,0907*7B
2021:01:22:14:27:32.392000,1611322052.392,$GPGGA,132732.00,6335.726538,N,01037.205894,E,2,12,0.6,12.38,M,40.61,M,11.0,0907*4E
2021:01:22:14:27:33.392000,1611322053.392,$GPGGA,132733.00,6335.724757,N,01037.201081,E,2,12,0.6,12.38,M,40.61,M,7.0,0907*79
2021:01:22:14:27:34.392000,1611322054.392,$GPGGA,132734.00,6335.722969,N,01037.196277,E,2,12,0.6,12.38,M,40.61,M,8.0,0907*72
2021:01:22:14:27:35.392000,1611322055.392,$GPGGA,132735.00,6335.721175,N,01037.191453,E,2,12,0.6,12.38,M,40.61,M,9.0,0907*73
2021:01:22:14:27:36.392000,1611322056.392,$GPGGA,132736.00,6335.719394,N,01037.186638,E,2,12,0.6,12.37,M,40.61,M,10.0,0907*48
2021:01:22:14:27:37.392000,1611322057.392,$GPGGA,132737.00,6335.717605,N,01037.181878,E,2,12,0.6,12.40,M,40.61,M,11.0,0907*46
2021:01:22:14:27:38.392000,1611322058.392,$GPGGA,132738.00,6335.715820,N,01037.177084,E,2,12,0.6,12.41,M,40.61,M,12.0,0907*42
2021:01:22:14:27:40.392000,1611322060.392,$GPGGA,132740.00,6335.712226,N,01037.167481,E,2,12,0.6,12.36,M,40.61,M,8.0,0907*7D
2021:01:22:14:27:41.392000,1611322061.392,$GPGGA,132741.00,6335.710410,N,01037.162809,E,2,12,0.6,12.40,M,40.61,M,9.0,0907*74
2021:01:22:14:27:42.391000,1611322062.391,$GPGGA,132742.00,6335.708595,N,01037.158017,E,2,12,0.6,12.38,M,40.61,M,10.0,0907*4B
2021:01:22:14:27:43.391000,1611322063.391,$GPGGA,132743.00,6335.706803,N,01037.153198,E,2,12,0.6,12.35,M,40.61,M,6.0,0907*71
2021:01:22:14:27:45.391000,1611322065.391,$GPGGA,132745.00,6335.703163,N,01037.143769,E,2,12,0.6,12.37,M,40.61,M,8.0,0907*78
2021:01:22:14:27:46.392000,1611322066.392,$GPGGA,132746.00,6335.701358,N,01037.138970,E,2,12,0.6,12.32,M,40.61,M,9.0,0907*7D
2021:01:22:14:27:47.392000,1611322067.392,$GPGGA,132747.00,6335.699581,N,01037.134229,E,2,12,0.6,12.36,M,40.61,M,10.0,0907*49
2021:01:22:14:27:48.392000,1611322068.392,$GPGGA,132748.00,6335.697780,N,01037.129432,E,2,12,0.6,12.37,M,40.61,M,11.0,0907*4B
2021:01:22:14:27:49.392000,1611322069.392,$GPGGA,132749.00,6335.695979,N,01037.124644,E,2,12,0.6,12.36,M,40.61,M,12.0,0907*4C
2021:01:22:14:27:50.392000,1611322070.392,$GPGGA,132750.00,6335.694189,N,01037.119870,E,2,12,0.6,12.36,M,40.62,M,13.0,0907*47
2021:01:22:14:27:51.392000,1611322071.392,$GPGGA,132751.00,6335.692431,N,01037.115028,E,2,12,0.6,12.38,M,40.62,M,14.0,0907*46
2021:01:22:14:27:53.392000,1611322073.392,$GPGGA,132753.00,6335.688915,N,01037.105331,E,2,12,0.6,12.42,M,40.62,M,10.0,0907*47
2021:01:22:14:27:54.392000,1611322074.392,$GPGGA,132754.00,6335.687112,N,01037.100597,E,2,12,0.6,12.41,M,40.62,M,11.0,0907*4D
2021:01:22:14:27:55.392000,1611322075.392,$GPGGA,132755.00,6335.685298,N,01037.095818,E,2,12,0.6,12.39,M,40.62,M,12.0,0907*44
2021:01:22:14:27:57.392000,1611322077.392,$GPGGA,132757.00,6335.681749,N,01037.086144,E,2,12,0.6,12.40,M,40.62,M,9.0,0907*7D
2021:01:22:14:27:58.392000,1611322078.392,$GPGGA,132758.00,6335.679966,N,01037.081382,E,2,12,0.6,12.40,M,40.62,M,10.0,0907*41
2021:01:22:14:27:59.392000,1611322079.392,$GPGGA,132759.00,6335.678127,N,01037.076651,E,2,12,0.6,12.38,M,40.62,M,11.0,0907*41
2021:01:22:14:28:00.393000,1611322080.393,$GPGGA,132800.00,6335.676304,N,01037.071944,E,2,12,0.6,12.35,M,40.62,M,7.0,0907*79
2021:01:22:14:28:01.393000,1611322081.393,$GPGGA,132801.00,6335.674513,N,01037.067181,E,2,12,0.6,12.38,M,40.62,M,8.0,0907*7E
2021:01:22:14:28:02.393000,1611322082.393,$GPGGA,132802.00,6335.672693,N,01037.062391,E,2,12,0.6,12.36,M,40.62,M,9.0,0907*79
2021:01:22:14:28:03.393000,1611322083.393,$GPGGA,132803.00,6335.670866,N,01037.057704,E,2,12,0.6,12.34,M,40.62,M,10.0,0907*4A
2021:01:22:14:28:05.393000,1611322085.393,$GPGGA,132805.00,6335.667196,N,01037.048274,E,2,12,0.6,12.35,M,40.62,M,12.0,0907*43
2021:01:22:14:28:06.393000,1611322086.393,$GPGGA,132806.00,6335.665391,N,01037.043524,E,2,12,0.6,12.36,M,40.62,M,8.0,0907*76
2021:01:22:14:28:07.393000,1611322087.393,$GPGGA,132807.00,6335.663593,N,01037.038748,E,2,12,0.6,12.34,M,40.62,M,9.0,0907*72
2021:01:22:14:28:08.393000,1611322088.393,$GPGGA,132808.00,6335.661813,N,01037.033975,E,2,12,0.6,12.36,M,40.62,M,10.0,0907*4B
2021:01:22:14:28:10.393000,1611322090.393,$GPGGA,132810.00,6335.658222,N,01037.024318,E,2,12,0.6,12.39,M,40.62,M,7.0,0907*7E
2021:01:22:14:28:11.393000,1611322091.393,$GPGGA,132811.00,6335.656428,N,01037.019540,E,2,12,0.6,12.38,M,40.62,M,8.0,0907*76
2021:01:22:14:28:13.392000,1611322093.392,$GPGGA,132813.00,6335.652891,N,01037.009939,E,2,12,0.6,12.40,M,40.62,M,10.0,0907*4B
2021:01:22:14:28:14.393000,1611322094.393,$GPGGA,132814.00,6335.651125,N,01037.005026,E,2,12,0.6,12.37,M,40.62,M,11.0,0907*43
2021:01:22:14:28:15.393000,1611322095.393,$GPGGA,132815.00,6335.649368,N,01037.000254,E,2,12,0.6,12.37,M,40.62,M,12.0,0907*41
2021:01:22:14:28:16.393000,1611322096.393,$GPGGA,132816.00,6335.647585,N,01036.995510,E,2,12,0.6,12.39,M,40.62,M,6.0,0907*71
2021:01:22:14:28:18.393000,1611322098.393,$GPGGA,132818.00,6335.644017,N,01036.985855,E,2,12,0.6,12.33,M,40.62,M,8.0,0907*7B
2021:01:22:14:28:19.393000,1611322099.393,$GPGGA,132819.00,6335.642251,N,01036.981059,E,2,12,0.6,12.34,M,40.62,M,9.0,0907*7A
2021:01:22:14:28:20.393000,1611322100.393,$GPGGA,132820.00,6335.640463,N,01036.976290,E,2,12,0.6,12.38,M,40.62,M,10.0,0907*4E
2021:01:22:14:28:22.393000,1611322102.393,$GPGGA,132822.00,6335.636850,N,01036.966778,E,2,12,0.6,12.34,M,40.62,M,12.0,0907*4D
2021:01:22:14:28:23.393000,1611322103.393,$GPGGA,132823.00,6335.635055,N,01036.962016,E,2,12,0.6,12.35,M,40.62,M,8.0,0907*73
2021:01:22:14:28:24.393000,1611322104.393,$GPGGA,132824.00,6335.633279,N,01036.957236,E,2,12,0.6,12.37,M,40.62,M,9.0,0907*7B
2021:01:22:14:28:25.393000,1611322105.393,$GPGGA,132825.00,6335.631493,N,01036.952464,E,2,12,0.6,12.37,M,40.62,M,10.0,0907*46
2021:01:22:14:28:26.393000,1611322106.393,$GPGGA,132826.00,6335.629698,N,01036.947703,E,2,12,0.6,12.38,M,40.62,M,6.0,0907*7B
2021:01:22:14:28:27.393000,1611322107.393,$GPGGA,132827.00,6335.627911,N,01036.942925,E,2,12,0.6,12.39,M,40.62,M,7.0,0907*75
2021:01:22:14:28:28.393000,1611322108.393,$GPGGA,132828.00,6335.626143,N,01036.938120,E,2,12,0.6,12.40,M,40.62,M,8.0,0907*75
2021:01:22:14:28:30.394000,1611322110.394,$GPGGA,132830.00,6335.622613,N,01036.928480,E,2,12,0.6,12.36,M,40.62,M,5.0,0907*78
2021:01:22:14:28:31.394000,1611322111.394,$GPGGA,132831.00,6335.620852,N,01036.923684,E,2,12,0.6,12.37,M,40.62,M,6.0,0907*7F
2021:01:22:14:28:32.394000,1611322112.394,$GPGGA,132832.00,6335.619082,N,01036.918858,E,2,12,0.6,12.36,M,40.62,M,7.0,0907*74
2021:01:22:14:28:33.394000,1611322113.394,$GPGGA,132833.00,6335.617326,N,01036.913998,E,2,12,0.6,12.35,M,40.62,M,8.0,0907*7C
2021:01:22:14:28:34.394000,1611322114.394,$GPGGA,132834.00,6335.615575,N,01036.909164,E,2,12,0.6,12.35,M,40.62,M,9.0,0907*78
2021:01:22:14:28:35.394000,1611322115.394,$GPGGA,132835.00,6335.613838,N,01036.904319,E,2,12,0.6,12.34,M,40.62,M,10.0,0907*47
2021:01:22:14:28:36.394000,1611322116.394,$GPGGA,132836.00,6335.612116,N,01036.899468,E,2,12,0.6,12.36,M,40.62,M,11.0,0907*47
2021:01:22:14:28:38.394000,1611322118.394,$GPGGA,132838.00,6335.608598,N,01036.889807,E,2,12,0.6,12.35,M,40.62,M,8.0,0907*7F
2021:01:22:14:28:39.394000,1611322119.394,$GPGGA,132839.00,6335.606867,N,01036.884975,E,2,12,0.6,12.36,M,40.62,M,9.0,0907*76
2021:01:22:14:28:40.394000,1611322120.394,$GPGGA,132840.00,6335.605118,N,01036.880100,E,2,12,0.6,12.34,M,40.62,M,10.0,0907*4E
2021:01:22:14:28:43.395000,1611322123.395,$GPGGA,132843.00,6335.599796,N,01036.865776,E,2,12,0.7,12.40,M,40.62,M,7.0,0907*73
2021:01:22:14:28:44.394000,1611322124.394,$GPGGA,132844.00,6335.598050,N,01036.860961,E,2,12,0.7,12.40,M,40.62,M,8.0,0907*7A
2021:01:22:14:28:45.395000,1611322125.395,$GPGGA,132845.00,6335.596272,N,01036.856193,E,2,12,0.7,12.40,M,40.62,M,9.0,0907*76
2021:01:22:14:28:47.394000,1611322127.394,$GPGGA,132847.00,6335.592705,N,01036.846708,E,2,12,0.7,12.39,M,40.62,M,6.0,0907*71
2021:01:22:14:28:48.394000,1611322128.394,$GPGGA,132848.00,6335.590918,N,01036.841985,E,2,12,0.7,12.39,M,40.62,M,7.0,0907*73
2021:01:22:14:28:49.394000,1611322129.394,$GPGGA,132849.00,6335.589139,N,01036.837237,E,2,12,0.7,12.37,M,40.62,M,8.0,0907*73
2021:01:22:14:28:50.394000,1611322130.394,$GPGGA,132850.00,6335.587347,N,01036.832543,E,2,12,0.7,12.37,M,40.62,M,9.0,0907*7E
2021:01:22:14:28:51.394000,1611322131.394,$GPGGA,132851.00,6335.585557,N,01036.827858,E,2,12,0.6,12.41,M,40.62,M,10.0,0907*41
2021:01:22:14:28:52.394000,1611322132.394,$GPGGA,132852.00,6335.583788,N,01036.823075,E,2,12,0.6,12.40,M,40.62,M,11.0,0907*47
2021:01:22:14:28:53.394000,1611322133.394,$GPGGA,132853.00,6335.582042,N,01036.818292,E,2,12,0.6,12.38,M,40.62,M,12.0,0907*49
2021:01:22:14:28:55.394000,1611322135.394,$GPGGA,132855.00,6335.578516,N,01036.808779,E,2,12,0.6,12.39,M,40.62,M,14.0,0907*48
2021:01:22:14:28:56.395000,1611322136.395,$GPGGA,132856.00,6335.576765,N,01036.804022,E,2,12,0.6,12.39,M,40.62,M,15.0,0907*47
2021:01:22:14:28:57.394000,1611322137.394,$GPGGA,132857.00,6335.575013,N,01036.799236,E,2,12,0.6,12.39,M,40.62,M,10.0,0907*4A
2021:01:22:14:28:58.395000,1611322138.395,$GPGGA,132858.00,6335.573268,N,01036.794417,E,2,12,0.6,12.38,M,40.62,M,11.0,0907*45
2021:01:22:14:28:59.395000,1611322139.395,$GPGGA,132859.00,6335.571533,N,01036.789644,E,2,12,0.6,12.40,M,40.62,M,12.0,0907*4B
2021:01:22:14:29:00.395000,1611322140.395,$GPGGA,132900.00,6335.569794,N,01036.784892,E,2,12,0.6,12.44,M,40.62,M,8.0,0907*77
2021:01:22:14:29:01.395000,1611322141.395,$GPGGA,132901.00,6335.568032,N,01036.780099,E,2,12,0.6,12.43,M,40.62,M,9.0,0907*7D
2021:01:22:14:29:03.395000,1611322143.395,$GPGGA,132903.00,6335.564507,N,01036.770593,E,2,12,0.6,12.42,M,40.62,M,6.0,0907*7E
2021:01:22:14:29:04.395000,1611322144.395,$GPGGA,132904.00,6335.562718,N,01036.765877,E,2,12,0.6,12.42,M,40.63,M,7.0,0907*70
2021:01:22:14:29:05.395000,1611322145.395,$GPGGA,132905.00,6335.560963,N,01036.761177,E,2,12,0.6,12.44,M,40.63,M,8.0,0907*75
2021:01:22:14:29:07.395000,1611322147.395,$GPGGA,132907.00,6335.557375,N,01036.751723,E,2,12,0.6,12.40,M,40.63,M,10.0,0907*47
2021:01:22:14:29:08.395000,1611322148.395,$GPGGA,132908.00,6335.555582,N,01036.747085,E,2,12,0.6,12.44,M,40.63,M,11.0,0907*4D
2021:01:22:14:29:09.395000,1611322149.395,$GPGGA,132909.00,6335.553761,N,01036.742423,E,2,12,0.6,12.47,M,40.63,M,12.0,0907*48
2021:01:22:14:29:10.395000,1611322150.395,$GPGGA,132910.00,6335.551972,N,01036.737693,E,2,12,0.6,12.38,M,40.63,M,8.0,0907*76
2021:01:22:14:29:12.395000,1611322152.395,$GPGGA,132912.00,6335.548392,N,01036.728295,E,2,12,0.6,12.40,M,40.63,M,10.0,0907*42
2021:01:22:14:29:13.396000,1611322153.396,$GPGGA,132913.00,6335.546585,N,01036.723619,E,2,12,0.6,12.43,M,40.63,M,11.0,0907*44
2021:01:22:14:29:15.396000,1611322155.396,$GPGGA,132915.00,6335.543044,N,01036.714053,E,2,12,0.6,12.31,M,40.63,M,7.0,0907*71
2021:01:22:14:29:16.396000,1611322156.396,$GPGGA,132916.00,6335.541236,N,01036.709371,E,2,12,0.6,12.36,M,40.63,M,8.0,0907*70
2021:01:22:14:29:17.395000,1611322157.395,$GPGGA,132917.00,6335.539433,N,01036.704668,E,2,12,0.6,12.37,M,40.63,M,9.0,0907*7D
2021:01:22:14:29:18.395000,1611322158.395,$GPGGA,132918.00,6335.537669,N,01036.699928,E,2,12,0.6,12.37,M,40.63,M,10.0,0907*47
2021:01:22:14:29:20.395000,1611322160.395,$GPGGA,132920.00,6335.534149,N,01036.690377,E,2,12,0.6,12.33,M,40.63,M,6.0,0907*70
2021:01:22:14:29:21.395000,1611322161.395,$GPGGA,132921.00,6335.532379,N,01036.685687,E,2,12,0.6,12.37,M,40.63,M,7.0,0907*7D
2021:01:22:14:29:22.395000,1611322162.395,$GPGGA,132922.00,6335.530600,N,01036.680896,E,2,12,0.6,12.38,M,40.63,M,8.0,0907*7C
2021:01:22:14:29:23.395000,1611322163.395,$GPGGA,132923.00,6335.528839,N,01036.676115,E,2,12,0.6,12.34,M,40.63,M,9.0,0907*76
2021:01:22:14:29:24.395000,1611322164.395,$GPGGA,132924.00,6335.527077,N,01036.671425,E,2,12,0.6,12.38,M,40.63,M,10.0,0907*49
2021:01:22:14:29:25.395000,1611322165.395,$GPGGA,132925.00,6335.525269,N,01036.666729,E,2,12,0.6,12.39,M,40.63,M,11.0,0907*4E
2021:01:22:14:29:26.395000,1611322166.395,$GPGGA,132926.00,6335.523461,N,01036.661994,E,2,12,0.6,12.33,M,40.63,M,6.0,0907*76
2021:01:22:14:29:28.396000,1611322168.396,$GPGGA,132928.00,6335.519891,N,01036.652627,E,2,12,0.6,12.33,M,40.63,M,8.0,0907*7B
2021:01:22:14:29:29.396000,1611322169.396,$GPGGA,132929.00,6335.518104,N,01036.647887,E,2,12,0.6,12.31,M,40.63,M,9.0,0907*7D
2021:01:22:14:29:30.396000,1611322170.396,$GPGGA,132930.00,6335.516325,N,01036.643188,E,2,12,0.6,12.28,M,40.63,M,5.0,0907*7C
2021:01:22:14:29:32.396000,1611322172.396,$GPGGA,132932.00,6335.512753,N,01036.633780,E,2,12,0.6,12.28,M,40.63,M,7.0,0907*74
2021:01:22:14:29:33.396000,1611322173.396,$GPGGA,132933.00,6335.511008,N,01036.629014,E,2,12,0.6,12.25,M,40.63,M,8.0,0907*7C
2021:01:22:14:29:34.396000,1611322174.396,$GPGGA,132934.00,6335.509238,N,01036.624308,E,2,12,0.6,12.27,M,40.63,M,9.0,0907*73
2021:01:22:14:29:35.396000,1611322175.396,$GPGGA,132935.00,6335.507436,N,01036.619573,E,2,12,0.6,12.26,M,40.63,M,10.0,0907*49
2021:01:22:14:29:36.396000,1611322176.396,$GPGGA,132936.00,6335.505693,N,01036.614815,E,2,12,0.6,12.27,M,40.63,M,11.0,0907*45
2021:01:22:14:29:37.396000,1611322177.396,$GPGGA,132937.00,6335.503953,N,01036.609996,E,2,12,0.6,12.29,M,40.63,M,7.0,0907*7E
2021:01:22:14:29:38.396000,1611322178.396,$GPGGA,132938.00,6335.502199,N,01036.605202,E,2,12,0.6,12.31,M,40.63,M,8.0,0907*72
2021:01:22:14:29:40.396000,1611322180.396,$GPGGA,132940.00,6335.498640,N,01036.595679,E,2,12,0.6,12.29,M,40.63,M,10.0,0907*4E
2021:01:22:14:29:41.396000,1611322181.396,$GPGGA,132941.00,6335.496885,N,01036.590915,E,2,12,0.6,12.28,M,40.63,M,11.0,0907*46
2021:01:22:14:29:42.396000,1611322182.396,$GPGGA,132942.00,6335.495093,N,01036.586183,E,2,12,0.6,12.31,M,40.63,M,12.0,0907*42
2021:01:22:14:29:43.397000,1611322183.397,$GPGGA,132943.00,6335.493285,N,01036.581439,E,2,12,0.6,12.32,M,40.63,M,13.0,0907*41
2021:01:22:14:29:45.397000,1611322185.397,$GPGGA,132945.00,6335.489701,N,01036.571953,E,2,12,0.6,12.33,M,40.63,M,10.0,0907*49
2021:01:22:14:29:46.397000,1611322186.397,$GPGGA,132946.00,6335.487902,N,01036.567213,E,2,12,0.7,12.33,M,40.63,M,11.0,0907*41
2021:01:22:14:29:47.396000,1611322187.396,$GPGGA,132947.00,6335.486097,N,01036.562476,E,2,12,0.7,12.32,M,40.63,M,6.0,0907*73
2021:01:22:14:29:48.396000,1611322188.396,$GPGGA,132948.00,6335.484302,N,01036.557737,E,2,12,0.7,12.32,M,40.63,M,7.0,0907*70
2021:01:22:14:29:49.396000,1611322189.396,$GPGGA,132949.00,6335.482531,N,01036.552945,E,2,12,0.7,12.29,M,40.63,M,8.0,0907*7A
2021:01:22:14:29:50.396000,1611322190.396,$GPGGA,132950.00,6335.480768,N,01036.548174,E,2,12,0.6,12.30,M,40.63,M,9.0,0907*77
2021:01:22:14:29:51.396000,1611322191.396,$GPGGA,132951.00,6335.479012,N,01036.543331,E,2,12,0.6,12.28,M,40.63,M,10.0,0907*43
2021:01:22:14:29:53.396000,1611322193.396,$GPGGA,132953.00,6335.475513,N,01036.533747,E,2,12,0.6,12.31,M,40.63,M,12.0,0907*41
2021:01:22:14:29:54.396000,1611322194.396,$GPGGA,132954.00,6335.473782,N,01036.528900,E,2,12,0.6,12.28,M,40.63,M,13.0,0907*44
2021:01:22:14:29:55.396000,1611322195.396,$GPGGA,132955.00,6335.472054,N,01036.524056,E,2,12,0.6,12.27,M,40.63,M,14.0,0907*46
2021:01:22:14:29:57.397000,1611322197.397,$GPGGA,132957.00,6335.468558,N,01036.514456,E,2,12,0.6,12.31,M,40.63,M,11.0,0907*43
2021:01:22:14:29:58.397000,1611322198.397,$GPGGA,132958.00,6335.466820,N,01036.509608,E,2,12,0.6,12.29,M,40.63,M,12.0,0907*4F
2021:01:22:14:29:59.397000,1611322199.397,$GPGGA,132959.00,6335.465112,N,01036.504762,E,2,12,0.6,12.28,M,40.63,M,13.0,0907*45
2021:01:22:14:30:00.397000,1611322200.397,$GPGGA,133000.00,6335.463357,N,01036.499950,E,2,12,0.6,12.30,M,40.63,M,14.0,0907*40
2021:01:22:14:30:01.397000,1611322201.397,$GPGGA,133001.00,6335.461585,N,01036.495154,E,2,12,0.6,12.33,M,40.63,M,9.0,0907*75
2021:01:22:14:30:02.397000,1611322202.397,$GPGGA,133002.00,6335.459821,N,01036.490395,E,2,12,0.6,12.33,M,40.63,M,10.0,0907*4C
2021:01:22:14:30:03.397000,1611322203.397,$GPGGA,133003.00,6335.458077,N,01036.485603,E,2,12,0.6,12.35,M,40.63,M,5.0,0907*7B
2021:01:22:14:30:05.397000,1611322205.397,$GPGGA,133005.00,6335.454543,N,01036.475981,E,2,12,0.6,12.32,M,40.63,M,7.0,0907*7C
2021:01:22:14:30:06.397000,1611322206.397,$GPGGA,133006.00,6335.452760,N,01036.471238,E,2,12,0.6,12.34,M,40.63,M,8.0,0907*7E
2021:01:22:14:30:07.397000,1611322207.397,$GPGGA,133007.00,6335.451007,N,01036.466489,E,2,12,0.6,12.36,M,40.63,M,9.0,0907*73
2021:01:22:14:30:08.397000,1611322208.397,$GPGGA,133008.00,6335.449248,N,01036.461630,E,2,12,0.6,12.33,M,40.63,M,10.0,0907*46
2021:01:22:14:30:09.397000,1611322209.397,$GPGGA,133009.00,6335.447495,N,01036.456802,E,2,12,0.6,12.31,M,40.63,M,11.0,0907*47
2021:01:22:14:30:10.397000,1611322210.397,$GPGGA,133010.00,6335.445695,N,01036.452082,E,2,12,0.6,12.36,M,40.63,M,12.0,0907*4F
2021:01:22:14:30:11.397000,1611322211.397,$GPGGA,133011.00,6335.443889,N,01036.447328,E,2,12,0.6,12.35,M,40.63,M,8.0,0907*74
2021:01:22:14:30:13.398000,1611322213.398,$GPGGA,133013.00,6335.440370,N,01036.437702,E,2,12,0.6,12.33,M,40.63,M,10.0,0907*4C
2021:01:22:14:30:14.398000,1611322214.398,$GPGGA,133014.00,6335.438571,N,01036.432934,E,2,12,0.6,12.32,M,40.63,M,6.0,0907*7B
2021:01:22:14:30:15.398000,1611322215.398,$GPGGA,133015.00,6335.436787,N,01036.428253,E,2,12,0.6,12.38,M,40.63,M,7.0,0907*75
2021:01:22:14:30:18.397000,1611322218.397,$GPGGA,133018.00,6335.431555,N,01036.413764,E,2,12,0.6,12.34,M,40.64,M,10.0,0907*46
2021:01:22:14:30:19.397000,1611322219.397,$GPGGA,133019.00,6335.429792,N,01036.408980,E,2,12,0.6,12.38,M,40.64,M,11.0,0907*44
2021:01:22:14:30:20.397000,1611322220.397,$GPGGA,133020.00,6335.428040,N,01036.404136,E,2,12,0.6,12.34,M,40.64,M,12.0,0907*41
2021:01:22:14:30:22.397000,1611322222.397,$GPGGA,133022.00,6335.424586,N,01036.394510,E,2,12,0.6,12.34,M,40.64,M,8.0,0907*75
2021:01:22:14:30:23.397000,1611322223.397,$GPGGA,133023.00,6335.422826,N,01036.389668,E,2,12,0.6,12.32,M,40.64,M,9.0,0907*72
2021:01:22:14:30:24.397000,1611322224.397,$GPGGA,133024.00,6335.421073,N,01036.384877,E,2,12,0.6,12.30,M,40.64,M,5.0,0907*7D
2021:01:22:14:30:25.397000,1611322225.397,$GPGGA,133025.00,6335.419313,N,01036.380100,E,2,12,0.6,12.33,M,40.64,M,6.0,0907*7F
2021:01:22:14:30:26.398000,1611322226.398,$GPGGA,133026.00,6335.417559,N,01036.375297,E,2,12,0.6,12.34,M,40.64,M,7.0,0907*7B
2021:01:22:14:30:27.398000,1611322227.398,$GPGGA,133027.00,6335.415826,N,01036.370443,E,2,12,0.6,12.33,M,40.64,M,8.0,0907*7F
2021:01:22:14:30:28.398000,1611322228.398,$GPGGA,133028.00,6335.414058,N,01036.365673,E,2,12,0.6,12.33,M,40.64,M,9.0,0907*74
2021:01:22:14:30:30.398000,1611322230.398,$GPGGA,133030.00,6335.410470,N,01036.356142,E,2,12,0.6,12.31,M,40.64,M,6.0,0907*7F
2021:01:22:14:30:31.398000,1611322231.398,$GPGGA,133031.00,6335.408713,N,01036.351380,E,2,12,0.6,12.34,M,40.64,M,7.0,0907*7E
2021:01:22:14:30:32.398000,1611322232.398,$GPGGA,133032.00,6335.406933,N,01036.346576,E,2,12,0.6,12.33,M,40.64,M,8.0,0907*7E
2021:01:22:14:30:33.398000,1611322233.398,$GPGGA,133033.00,6335.405149,N,01036.341790,E,2,12,0.6,12.33,M,40.64,M,9.0,0907*75
2021:01:22:14:30:34.398000,1611322234.398,$GPGGA,133034.00,6335.403365,N,01036.337017,E,2,12,0.6,12.32,M,40.64,M,10.0,0907*48
2021:01:22:14:30:35.398000,1611322235.398,$GPGGA,133035.00,6335.401595,N,01036.332249,E,2,12,0.7,12.33,M,40.64,M,11.0,0907*4F
2021:01:22:14:30:36.398000,1611322236.398,$GPGGA,133036.00,6335.399834,N,01036.327414,E,2,12,0.7,12.33,M,40.64,M,12.0,0907*45
2021:01:22:14:30:38.398000,1611322238.398,$GPGGA,133038.00,6335.396333,N,01036.317786,E,2,12,0.6,12.31,M,40.64,M,8.0,0907*7B
2021:01:22:14:30:39.398000,1611322239.398,$GPGGA,133039.00,6335.394571,N,01036.312933,E,2,12,0.6,12.29,M,40.64,M,9.0,0907*75
2021:01:22:14:30:40.398000,1611322240.398,$GPGGA,133040.00,6335.392829,N,01036.308104,E,2,12,0.6,12.28,M,40.64,M,10.0,0907*43
2021:01:22:14:30:42.399000,1611322242.399,$GPGGA,133042.00,6335.389338,N,01036.298393,E,2,12,0.6,12.30,M,40.64,M,12.0,0907*4F
2021:01:22:14:30:43.399000,1611322243.399,$GPGGA,133043.00,6335.387585,N,01036.293565,E,2,12,0.6,12.29,M,40.64,M,13.0,0907*4D
2021:01:22:14:30:44.399000,1611322244.399,$GPGGA,133044.00,6335.385810,N,01036.288774,E,2,12,0.6,12.31,M,40.64,M,9.0,0907*73
2021:01:22:14:30:45.399000,1611322245.399,$GPGGA,133045.00,6335.384009,N,01036.283983,E,2,12,0.6,12.30,M,40.64,M,10.0,0907*47
2021:01:22:14:30:47.399000,1611322247.399,$GPGGA,133047.00,6335.380471,N,01036.274373,E,2,12,0.6,12.29,M,40.64,M,12.0,0907*4D
2021:01:22:14:30:48.398000,1611322248.398,$GPGGA,133048.00,6335.378705,N,01036.269567,E,2,12,0.6,12.32,M,40.64,M,8.0,0907*7B
2021:01:22:14:30:49.398000,1611322249.398,$GPGGA,133049.00,6335.376914,N,01036.264728,E,2,12,0.6,12.30,M,40.64,M,9.0,0907*7D
2021:01:22:14:30:50.398000,1611322250.398,$GPGGA,133050.00,6335.375117,N,01036.259971,E,2,12,0.6,12.29,M,40.64,M,10.0,0907*41
2021:01:22:14:30:51.398000,1611322251.398,$GPGGA,133051.00,6335.373304,N,01036.255270,E,2,12,0.6,12.32,M,40.64,M,11.0,0907*4B
2021:01:22:14:30:52.398000,1611322252.398,$GPGGA,133052.00,6335.371502,N,01036.250506,E,2,12,0.6,12.34,M,40.64,M,12.0,0907*4C
2021:01:22:14:30:53.398000,1611322253.398,$GPGGA,133053.00,6335.369709,N,01036.245708,E,2,12,0.6,12.30,M,40.64,M,13.0,0907*40
2021:01:22:14:30:55.399000,1611322255.399,$GPGGA,133055.00,6335.366077,N,01036.236229,E,2,12,0.6,12.31,M,40.64,M,9.0,0907*7F
2021:01:22:14:30:56.399000,1611322256.399,$GPGGA,133056.00,6335.364269,N,01036.231442,E,2,12,0.6,12.31,M,40.64,M,10.0,0907*47
2021:01:22:14:30:57.399000,1611322257.399,$GPGGA,133057.00,6335.362497,N,01036.226646,E,2,12,0.6,12.32,M,40.64,M,11.0,0907*45
2021:01:22:14:30:58.400000,1611322258.4,$GPGGA,133058.00,6335.360729,N,01036.221792,E,2,12,0.6,12.32,M,40.64,M,7.0,0907*76
2021:01:22:14:30:59.399000,1611322259.399,$GPGGA,133059.00,6335.358961,N,01036.216992,E,2,12,0.6,12.33,M,40.64,M,8.0,0907*7A
2021:01:22:14:31:00.399000,1611322260.399,$GPGGA,133100.00,6335.357136,N,01036.212193,E,2,12,0.6,12.33,M,40.64,M,9.0,0907*7E
2021:01:22:14:31:01.399000,1611322261.399,$GPGGA,133101.00,6335.355334,N,01036.207427,E,2,12,0.6,12.33,M,40.64,M,5.0,0907*7F
2021:01:22:14:31:03.399000,1611322263.399,$GPGGA,133103.00,6335.351779,N,01036.197795,E,2,12,0.6,12.33,M,40.64,M,7.0,0907*76
2021:01:22:14:31:04.399000,1611322264.399,$GPGGA,133104.00,6335.349993,N,01036.193010,E,2,12,0.6,12.35,M,40.64,M,8.0,0907*75
2021:01:22:14:31:05.399000,1611322265.399,$GPGGA,133105.00,6335.348181,N,01036.188234,E,2,12,0.6,12.34,M,40.64,M,9.0,0907*70
2021:01:22:14:31:07.399000,1611322267.399,$GPGGA,133107.00,6335.344582,N,01036.178695,E,2,12,0.6,12.35,M,40.64,M,5.0,0907*74
2021:01:22:14:31:08.399000,1611322268.399,$GPGGA,133108.00,6335.342792,N,01036.173911,E,2,12,0.6,12.37,M,40.64,M,6.0,0907*77
2021:01:22:14:31:09.399000,1611322269.399,$GPGGA,133109.00,6335.340997,N,01036.169070,E,2,12,0.6,12.33,M,40.64,M,7.0,0907*7F
2021:01:22:14:31:10.400000,1611322270.4,$GPGGA,133110.00,6335.339194,N,01036.164324,E,2,12,0.6,12.33,M,40.64,M,8.0,0907*72
2021:01:22:14:31:11.400000,1611322271.4,$GPGGA,133111.00,6335.337361,N,01036.159606,E,2,12,0.6,12.36,M,40.64,M,9.0,0907*7A
2021:01:22:14:31:12.400000,1611322272.4,$GPGGA,133112.00,6335.335579,N,01036.154785,E,2,12,0.6,12.36,M,40.64,M,10.0,0907*4B
2021:01:22:14:31:13.400000,1611322273.4,$GPGGA,133113.00,6335.333825,N,01036.149942,E,2,12,0.6,12.35,M,40.64,M,11.0,0907*43
2021:01:22:14:31:15.400000,1611322275.4,$GPGGA,133115.00,6335.330299,N,01036.140256,E,2,12,0.6,12.36,M,40.64,M,8.0,0907*77
2021:01:22:14:31:16.400000,1611322276.4,$GPGGA,133116.00,6335.328523,N,01036.135397,E,2,12,0.6,12.36,M,40.64,M,9.0,0907*74
2021:01:22:14:31:17.400000,1611322277.4,$GPGGA,133117.00,6335.326774,N,01036.130576,E,2,12,0.6,12.38,M,40.64,M,10.0,0907*41
2021:01:22:14:31:18.400000,1611322278.4,$GPGGA,133118.00,6335.325033,N,01036.125647,E,2,12,0.6,12.36,M,40.64,M,11.0,0907*43
2021:01:22:14:31:20.399000,1611322280.399,$GPGGA,133120.00,6335.321536,N,01036.115964,E,2,12,0.6,12.39,M,40.64,M,13.0,0907*4C
2021:01:22:14:31:21.399000,1611322281.399,$GPGGA,133121.00,6335.319740,N,01036.111144,E,2,12,0.6,12.38,M,40.64,M,9.0,0907*71
2021:01:22:14:31:23.399000,1611322283.399,$GPGGA,133123.00,6335.316242,N,01036.101417,E,2,12,0.6,12.37,M,40.64,M,11.0,0907*4F
2021:01:22:14:31:24.399000,1611322284.399,$GPGGA,133124.00,6335.314486,N,01036.096619,E,2,12,0.6,12.40,M,40.64,M,12.0,0907*44
2021:01:22:14:31:25.400000,1611322285.4,$GPGGA,133125.00,6335.312710,N,01036.091800,E,2,12,0.6,12.42,M,40.64,M,13.0,0907*4D
2021:01:22:14:31:26.400000,1611322286.4,$GPGGA,133126.00,6335.310924,N,01036.086959,E,2,12,0.6,12.37,M,40.64,M,14.0,0907*4B
2021:01:22:14:31:28.400000,1611322288.4,$GPGGA,133128.00,6335.307383,N,01036.077403,E,2,12,0.6,12.42,M,40.64,M,16.0,0907*48
2021:01:22:14:31:29.400000,1611322289.4,$GPGGA,133129.00,6335.305598,N,01036.072554,E,2,12,0.6,12.39,M,40.64,M,17.0,0907*4C
2021:01:22:14:31:30.400000,1611322290.4,$GPGGA,133130.00,6335.303823,N,01036.067747,E,2,12,0.6,12.36,M,40.64,M,18.0,0907*4B
2021:01:22:14:31:32.400000,1611322292.4,$GPGGA,133132.00,6335.300197,N,01036.058264,E,2,12,0.6,12.36,M,40.65,M,8.0,0907*74
2021:01:22:14:31:33.400000,1611322293.4,$GPGGA,133133.00,6335.298404,N,01036.053491,E,2,12,0.6,12.35,M,40.65,M,9.0,0907*7F
2021:01:22:14:31:34.400000,1611322294.4,$GPGGA,133134.00,6335.296603,N,01036.048688,E,2,12,0.6,12.34,M,40.65,M,10.0,0907*4A
2021:01:22:14:31:35.400000,1611322295.4,$GPGGA,133135.00,6335.294812,N,01036.043904,E,2,12,0.6,12.30,M,40.65,M,11.0,0907*42
2021:01:22:14:31:36.400000,1611322296.4,$GPGGA,133136.00,6335.293031,N,01036.039153,E,2,12,0.6,12.34,M,40.65,M,12.0,0907*4F
2021:01:22:14:31:37.400000,1611322297.4,$GPGGA,133137.00,6335.291218,N,01036.034358,E,2,12,0.6,12.32,M,40.65,M,13.0,0907*46
2021:01:22:14:31:38.400000,1611322298.4,$GPGGA,133138.00,6335.289437,N,01036.029562,E,2,12,0.6,12.32,M,40.65,M,7.0,0907*7D
2021:01:22:14:31:40.401000,1611322300.401,$GPGGA,133140.00,6335.285874,N,01036.019983,E,2,12,0.6,12.34,M,40.65,M,9.0,0907*7D
2021:01:22:14:31:41.401000,1611322301.401,$GPGGA,133141.00,6335.284124,N,01036.015126,E,2,12,0.6,12.34,M,40.65,M,5.0,0907*76
2021:01:22:14:31:42.401000,1611322302.401,$GPGGA,133142.00,6335.282368,N,01036.010298,E,2,12,0.6,12.34,M,40.65,M,6.0,0907*79
2021:01:22:14:31:43.401000,1611322303.401,$GPGGA,133143.00,6335.280577,N,01036.005530,E,2,12,0.6,12.36,M,40.65,M,7.0,0907*70
2021:01:22:14:31:44.401000,1611322304.401,$GPGGA,133144.00,6335.278790,N,01036.000683,E,2,12,0.6,12.35,M,40.65,M,8.0,0907*79
2021:01:22:14:31:45.401000,1611322305.401,$GPGGA,133145.00,6335.277034,N,01035.995851,E,2,12,0.6,12.34,M,40.65,M,9.0,0907*79
2021:01:22:14:31:46.401000,1611322306.401,$GPGGA,133146.00,6335.275272,N,01035.991078,E,2,12,0.6,12.36,M,40.65,M,10.0,0907*45
2021:01:22:14:31:48.401000,1611322308.401,$GPGGA,133148.00,6335.271659,N,01035.981501,E,2,12,0.6,12.33,M,40.65,M,7.0,0907*7B
2021:01:22:14:31:49.401000,1611322309.401,$GPGGA,133149.00,6335.269874,N,01035.976743,E,2,12,0.6,12.36,M,40.65,M,8.0,0907*74
2021:01:22:14:31:50.400000,1611322310.4,$GPGGA,133150.00,6335.268093,N,01035.971930,E,2,12,0.6,12.35,M,40.65,M,9.0,0907*73
2021:01:22:14:31:53.400000,1611322313.4,$GPGGA,133153.00,6335.262709,N,01035.957646,E,2,12,0.6,12.35,M,40.65,M,7.0,0907*7A
2021:01:22:14:31:54.400000,1611322314.4,$GPGGA,133154.00,6335.260918,N,01035.952912,E,2,12,0.6,12.38,M,40.65,M,8.0,0907*78
2021:01:22:14:31:55.401000,1611322315.401,$GPGGA,133155.00,6335.259127,N,01035.948116,E,2,12,0.6,12.38,M,40.65,M,9.0,0907*71
2021:01:22:14:31:57.401000,1611322317.401,$GPGGA,133157.00,6335.255561,N,01035.938557,E,2,12,0.6,12.37,M,40.65,M,11.0,0907*49
2021:01:22:14:31:58.401000,1611322318.401,$GPGGA,133158.00,6335.253771,N,01035.933759,E,2,12,0.6,12.37,M,40.65,M,12.0,0907*47
2021:01:22:14:31:59.401000,1611322319.401,$GPGGA,133159.00,6335.252000,N,01035.928985,E,2,12,0.6,12.35,M,40.65,M,13.0,0907*40
2021:01:22:14:32:00.401000,1611322320.401,$GPGGA,133200.00,6335.250230,N,01035.924166,E,2,12,0.6,12.34,M,40.65,M,14.0,0907*43
2021:01:22:14:32:01.401000,1611322321.401,$GPGGA,133201.00,6335.248467,N,01035.919356,E,2,12,0.6,12.34,M,40.65,M,15.0,0907*41
2021:01:22:14:32:02.401000,1611322322.401,$GPGGA,133202.00,6335.246709,N,01035.914559,E,2,12,0.6,12.35,M,40.65,M,10.0,0907*47
2021:01:22:14:32:03.401000,1611322323.401,$GPGGA,133203.00,6335.244924,N,01035.909785,E,2,12,0.6,12.32,M,40.65,M,11.0,0907*4C
2021:01:22:14:32:05.401000,1611322325.401,$GPGGA,133205.00,6335.241258,N,01035.900528,E,2,12,0.6,12.33,M,40.65,M,7.0,0907*75
2021:01:22:14:32:06.401000,1611322326.401,$GPGGA,133206.00,6335.239381,N,01035.895982,E,2,12,0.6,12.30,M,40.65,M,8.0,0907*71
2021:01:22:14:32:07.401000,1611322327.401,$GPGGA,133207.00,6335.237481,N,01035.891488,E,2,12,0.6,12.30,M,40.65,M,9.0,0907*7B
2021:01:22:14:32:08.401000,1611322328.401,$GPGGA,133208.00,6335.235514,N,01035.887103,E,2,12,0.6,12.34,M,40.65,M,5.0,0907*72
2021:01:22:14:32:09.401000,1611322329.401,$GPGGA,133209.00,6335.233560,N,01035.882763,E,2,12,0.6,12.34,M,40.65,M,6.0,0907*70
2021:01:22:14:32:10.402000,1611322330.402,$GPGGA,133210.00,6335.231611,N,01035.878438,E,2,12,0.6,12.36,M,40.65,M,7.0,0907*74
2021:01:22:14:32:11.402000,1611322331.402,$GPGGA,133211.00,6335.229618,N,01035.874148,E,2,12,0.6,12.35,M,40.65,M,8.0,0907*77
2021:01:22:14:32:13.402000,1611322333.402,$GPGGA,133213.00,6335.225528,N,01035.865889,E,2,12,0.6,12.34,M,40.65,M,10.0,0907*45
2021:01:22:14:32:14.402000,1611322334.402,$GPGGA,133214.00,6335.223487,N,01035.861805,E,2,12,0.6,12.36,M,40.65,M,11.0,0907*43
2021:01:22:14:32:15.402000,1611322335.402,$GPGGA,133215.00,6335.221410,N,01035.857754,E,2,12,0.6,12.35,M,40.65,M,7.0,0907*74
2021:01:22:14:32:18.402000,1611322338.402,$GPGGA,133218.00,6335.215118,N,01035.845810,E,2,12,0.6,12.37,M,40.65,M,10.0,0907*4B
2021:01:22:14:32:19.402000,1611322339.402,$GPGGA,133219.00,6335.212988,N,01035.841867,E,2,12,0.7,12.38,M,40.65,M,11.0,0907*47
2021:01:22:14:32:20.402000,1611322340.402,$GPGGA,133220.00,6335.210865,N,01035.837998,E,2,12,0.7,12.40,M,40.65,M,12.0,0907*41
2021:01:22:14:32:22.401000,1611322342.401,$GPGGA,133222.00,6335.206571,N,01035.830219,E,2,12,0.6,12.40,M,40.65,M,9.0,0907*72
2021:01:22:14:32:23.401000,1611322343.401,$GPGGA,133223.00,6335.204416,N,01035.826367,E,2,12,0.6,12.38,M,40.65,M,10.0,0907*49
2021:01:22:14:32:24.401000,1611322344.401,$GPGGA,133224.00,6335.202263,N,01035.822518,E,2,12,0.6,12.40,M,40.65,M,11.0,0907*48
2021:01:22:14:32:25.402000,1611322345.402,$GPGGA,133225.00,6335.200114,N,01035.818609,E,2,12,0.6,12.42,M,40.65,M,7.0,0907*77
2021:01:22:14:32:26.402000,1611322346.402,$GPGGA,133226.00,6335.197991,N,01035.814670,E,2,12,0.6,12.40,M,40.65,M,8.0,0907*73
2021:01:22:14:32:27.402000,1611322347.402,$GPGGA,133227.00,6335.195860,N,01035.810737,E,2,12,0.6,12.40,M,40.65,M,9.0,0907*78
2021:01:22:14:32:28.402000,1611322348.402,$GPGGA,133228.00,6335.193713,N,01035.806817,E,2,12,0.6,12.39,M,40.65,M,5.0,0907*72
2021:01:22:14:32:30.402000,1611322350.402,$GPGGA,133230.00,6335.189412,N,01035.799080,E,2,12,0.6,12.41,M,40.65,M,7.0,0907*70
2021:01:22:14:32:31.402000,1611322351.402,$GPGGA,133231.00,6335.187291,N,01035.795099,E,2,12,0.6,12.40,M,40.65,M,8.0,0907*78
2021:01:22:14:32:32.402000,1611322352.402,$GPGGA,133232.00,6335.185170,N,01035.791171,E,2,12,0.6,12.39,M,40.65,M,9.0,0907*79
2021:01:22:14:32:33.402000,1611322353.402,$GPGGA,133233.00,6335.183014,N,01035.787306,E,2,12,0.6,12.42,M,40.65,M,10.0,0907*4C
2021:01:22:14:32:34.402000,1611322354.402,$GPGGA,133234.00,6335.180861,N,01035.783429,E,2,12,0.6,12.42,M,40.65,M,11.0,0907*4D
2021:01:22:14:32:35.402000,1611322355.402,$GPGGA,133235.00,6335.178722,N,01035.779601,E,2,12,0.6,12.43,M,40.65,M,6.0,0907*79
2021:01:22:14:32:36.402000,1611322356.402,$GPGGA,133236.00,6335.176564,N,01035.775690,E,2,12,0.6,12.42,M,40.65,M,7.0,0907*70
2021:01:22:14:32:38.402000,1611322358.402,$GPGGA,133238.00,6335.172231,N,01035.768013,E,2,12,0.6,12.41,M,40.65,M,9.0,0907*71
2021:01:22:14:32:39.402000,1611322359.402,$GPGGA,133239.00,6335.170054,N,01035.764196,E,2,12,0.6,12.42,M,40.65,M,10.0,0907*48
2021:01:22:14:32:40.403000,1611322360.403,$GPGGA,133240.00,6335.167880,N,01035.760321,E,2,12,0.6,12.41,M,40.65,M,11.0,0907*49
2021:01:22:14:32:42.403000,1611322362.403,$GPGGA,133242.00,6335.163527,N,01035.752692,E,2,12,0.6,12.41,M,40.65,M,8.0,0907*7B
2021:01:22:14:32:43.403000,1611322363.403,$GPGGA,133243.00,6335.161350,N,01035.748845,E,2,12,0.6,12.40,M,40.65,M,9.0,0907*71
2021:01:22:14:32:44.403000,1611322364.403,$GPGGA,133244.00,6335.159197,N,01035.744987,E,2,12,0.6,12.40,M,40.65,M,10.0,0907*4F
2021:01:22:14:32:45.403000,1611322365.403,$GPGGA,133245.00,6335.157042,N,01035.741081,E,2,12,0.6,12.41,M,40.65,M,6.0,0907*75
2021:01:22:14:32:46.403000,1611322366.403,$GPGGA,133246.00,6335.154894,N,01035.737212,E,2,12,0.6,12.41,M,40.65,M,7.0,0907*7E
2021:01:22:14:32:47.403000,1611322367.403,$GPGGA,133247.00,6335.152733,N,01035.733333,E,2,12,0.6,12.41,M,40.65,M,8.0,0907*72
2021:01:22:14:32:48.403000,1611322368.403,$GPGGA,133248.00,6335.150576,N,01035.729437,E,2,12,0.6,12.40,M,40.65,M,9.0,0907*74
2021:01:22:14:32:50.403000,1611322370.403,$GPGGA,133250.00,6335.146244,N,01035.721716,E,2,12,0.6,12.41,M,40.65,M,11.0,0907*4C
2021:01:22:14:32:51.403000,1611322371.403,$GPGGA,133251.00,6335.144064,N,01035.717840,E,2,12,0.6,12.37,M,40.65,M,7.0,0907*70
2021:01:22:14:32:52.402000,1611322372.402,$GPGGA,133252.00,6335.141894,N,01035.714065,E,2,12,0.6,12.41,M,40.65,M,8.0,0907*73
2021:01:22:14:32:53.402000,1611322373.402,$GPGGA,133253.00,6335.139706,N,01035.710295,E,2,12,0.6,12.45,M,40.65,M,9.0,0907*75
2021:01:22:14:32:55.403000,1611322375.403,$GPGGA,133255.00,6335.135351,N,01035.702607,E,2,12,0.6,12.37,M,40.66,M,5.0,0907*7F
2021:01:22:14:32:56.403000,1611322376.403,$GPGGA,133256.00,6335.133157,N,01035.698876,E,2,12,0.6,12.42,M,40.66,M,6.0,0907*75
2021:01:22:14:32:57.403000,1611322377.403,$GPGGA,133257.00,6335.130945,N,01035.695155,E,2,12,0.6,12.45,M,40.66,M,7.0,0907*7F
2021:01:22:14:32:58.403000,1611322378.403,$GPGGA,133258.00,6335.128761,N,01035.691383,E,2,12,0.6,12.44,M,40.66,M,8.0,0907*72
2021:01:22:14:32:59.403000,1611322379.403,$GPGGA,133259.00,6335.126575,N,01035.687646,E,2,12,0.6,12.44,M,40.66,M,9.0,0907*70
2021:01:22:14:33:00.403000,1611322380.403,$GPGGA,133300.00,6335.124343,N,01035.683958,E,2,12,0.6,12.45,M,40.66,M,10.0,0907*41
2021:01:22:14:33:01.403000,1611322381.403,$GPGGA,133301.00,6335.122141,N,01035.680281,E,2,12,0.6,12.45,M,40.66,M,11.0,0907*4B
2021:01:22:14:33:03.403000,1611322383.403,$GPGGA,133303.00,6335.117724,N,01035.672844,E,2,12,0.6,12.40,M,40.66,M,8.0,0907*79
2021:01:22:14:33:04.403000,1611322384.403,$GPGGA,133304.00,6335.115518,N,01035.669178,E,2,12,0.6,12.44,M,40.66,M,9.0,0907*78
2021:01:22:14:33:05.403000,1611322385.403,$GPGGA,133305.00,6335.113322,N,01035.665442,E,2,12,0.6,12.39,M,40.66,M,5.0,0907*76
2021:01:22:14:33:07.403000,1611322387.403,$GPGGA,133307.00,6335.108940,N,01035.657980,E,2,12,0.6,12.32,M,40.66,M,7.0,0907*7B
2021:01:22:14:33:08.403000,1611322388.403,$GPGGA,133308.00,6335.106743,N,01035.654321,E,2,12,0.6,12.33,M,40.66,M,8.0,0907*7B
2021:01:22:14:33:09.403000,1611322389.403,$GPGGA,133309.00,6335.104539,N,01035.650658,E,2,12,0.6,12.34,M,40.66,M,9.0,0907*7E
2021:01:22:14:33:10.404000,1611322390.404,$GPGGA,133310.00,6335.102351,N,01035.646913,E,2,12,0.6,12.33,M,40.66,M,10.0,0907*40
2021:01:22:14:33:11.404000,1611322391.404,$GPGGA,133311.00,6335.100209,N,01035.643156,E,2,12,0.6,12.33,M,40.66,M,11.0,0907*42
2021:01:22:14:33:12.404000,1611322392.404,$GPGGA,133312.00,6335.098039,N,01035.639409,E,2,12,0.6,12.35,M,40.66,M,7.0,0907*73
2021:01:22:14:33:13.404000,1611322393.404,$GPGGA,133313.00,6335.095841,N,01035.635681,E,2,12,0.6,12.34,M,40.66,M,8.0,0907*78
2021:01:22:14:33:15.404000,1611322395.404,$GPGGA,133315.00,6335.091481,N,01035.628179,E,2,12,0.7,12.31,M,40.66,M,10.0,0907*4B
2021:01:22:14:33:16.404000,1611322396.404,$GPGGA,133316.00,6335.089311,N,01035.624431,E,2,12,0.7,12.38,M,40.66,M,5.0,0907*77
2021:01:22:14:33:17.404000,1611322397.404,$GPGGA,133317.00,6335.087134,N,01035.620721,E,2,12,0.7,12.42,M,40.66,M,6.0,0907*75
2021:01:22:14:33:19.404000,1611322399.404,$GPGGA,133319.00,6335.082764,N,01035.613200,E,2,12,0.7,12.36,M,40.66,M,8.0,0907*76
2021:01:22:14:33:20.404000,1611322400.404,$GPGGA,133320.00,6335.080569,N,01035.609498,E,2,12,0.6,12.37,M,40.66,M,9.0,0907*7C
2021:01:22:14:33:21.404000,1611322401.404,$GPGGA,133321.00,6335.078344,N,01035.605817,E,2,12,0.6,12.38,M,40.66,M,10.0,0907*43
2021:01:22:14:33:24.403000,1611322404.403,$GPGGA,133324.00,6335.071780,N,01035.594690,E,2,12,0.6,12.42,M,40.66,M,13.0,0907*47
2021:01:22:14:33:25.404000,1611322405.404,$GPGGA,133325.00,6335.069560,N,01035.591013,E,2,12,0.6,12.44,M,40.66,M,14.0,0907*4A
2021:01:22:14:33:28.404000,1611322408.404,$GPGGA,133328.00,6335.062947,N,01035.579901,E,2,12,0.6,12.41,M,40.66,M,7.0,0907*7E
2021:01:22:14:33:29.404000,1611322409.404,$GPGGA,133329.00,6335.060741,N,01035.576225,E,2,12,0.6,12.45,M,40.66,M,8.0,0907*7C
2021:01:22:14:33:30.404000,1611322410.404,$GPGGA,133330.00,6335.058543,N,01035.572492,E,2,12,0.6,12.45,M,40.66,M,9.0,0907*70
2021:01:22:14:33:32.404000,1611322412.404,$GPGGA,133332.00,6335.054181,N,01035.564972,E,2,12,0.6,12.41,M,40.66,M,6.0,0907*7B
2021:01:22:14:33:33.404000,1611322413.404,$GPGGA,133333.00,6335.051974,N,01035.561241,E,2,12,0.6,12.41,M,40.66,M,7.0,0907*72
2021:01:22:14:33:34.404000,1611322414.404,$GPGGA,133334.00,6335.049775,N,01035.557503,E,2,12,0.6,12.42,M,40.66,M,8.0,0907*7B
2021:01:22:14:33:35.404000,1611322415.404,$GPGGA,133335.00,6335.047593,N,01035.553729,E,2,12,0.6,12.42,M,40.66,M,9.0,0907*71
2021:01:22:14:33:36.404000,1611322416.404,$GPGGA,133336.00,6335.045424,N,01035.549966,E,2,12,0.6,12.43,M,40.66,M,10.0,0907*4A
2021:01:22:14:33:37.404000,1611322417.404,$GPGGA,133337.00,6335.043206,N,01035.546216,E,2,12,0.6,12.42,M,40.66,M,11.0,0907*48
2021:01:22:14:33:38.404000,1611322418.404,$GPGGA,133338.00,6335.041004,N,01035.542515,E,2,12,0.6,12.40,M,40.66,M,12.0,0907*44
2021:01:22:14:33:40.405000,1611322420.405,$GPGGA,133340.00,6335.036574,N,01035.535114,E,2,12,0.6,12.36,M,40.66,M,8.0,0907*76
2021:01:22:14:33:41.405000,1611322421.405,$GPGGA,133341.00,6335.034358,N,01035.531410,E,2,12,0.6,12.36,M,40.66,M,9.0,0907*79
2021:01:22:14:33:42.405000,1611322422.405,$GPGGA,133342.00,6335.032153,N,01035.527680,E,2,12,0.6,12.37,M,40.66,M,5.0,0907*74
2021:01:22:14:33:44.405000,1611322424.405,$GPGGA,133344.00,6335.027701,N,01035.520349,E,2,12,0.6,12.39,M,40.66,M,7.0,0907*7C
2021:01:22:14:33:45.405000,1611322425.405,$GPGGA,133345.00,6335.025464,N,01035.516714,E,2,12,0.6,12.39,M,40.66,M,8.0,0907*79
2021:01:22:14:33:46.405000,1611322426.405,$GPGGA,133346.00,6335.023230,N,01035.513023,E,2,12,0.6,12.38,M,40.66,M,9.0,0907*7D
2021:01:22:14:33:48.405000,1611322428.405,$GPGGA,133348.00,6335.018776,N,01035.505644,E,2,12,0.6,12.41,M,40.66,M,11.0,0907*4B
2021:01:22:14:33:49.405000,1611322429.405,$GPGGA,133349.00,6335.016551,N,01035.501964,E,2,12,0.6,12.42,M,40.66,M,12.0,0907*4A
2021:01:22:14:33:50.405000,1611322430.405,$GPGGA,133350.00,6335.014311,N,01035.498295,E,2,12,0.6,12.41,M,40.66,M,13.0,0907*44
2021:01:22:14:33:53.405000,1611322433.405,$GPGGA,133353.00,6335.007633,N,01035.487211,E,2,12,0.6,12.41,M,40.66,M,5.0,0907*75
2021:01:22:14:33:54.406000,1611322434.406,$GPGGA,133354.00,6335.005407,N,01035.483558,E,2,12,0.6,12.42,M,40.66,M,6.0,0907*7B
2021:01:22:14:33:55.405000,1611322435.405,$GPGGA,133355.00,6335.003152,N,01035.479850,E,2,12,0.6,12.40,M,40.66,M,7.0,0907*7A
2021:01:22:14:33:57.405000,1611322437.405,$GPGGA,133357.00,6334.998753,N,01035.472404,E,2,12,0.6,12.45,M,40.66,M,9.0,0907*78
2021:01:22:14:33:58.405000,1611322438.405,$GPGGA,133358.00,6334.996523,N,01035.468661,E,2,12,0.6,12.43,M,40.66,M,10.0,0907*48
2021:01:22:14:33:59.405000,1611322439.405,$GPGGA,133359.00,6334.994313,N,01035.464897,E,2,12,0.6,12.40,M,40.66,M,6.0,0907*71
2021:01:22:14:34:00.405000,1611322440.405,$GPGGA,133400.00,6334.992096,N,01035.461141,E,2,12,0.6,12.38,M,40.66,M,7.0,0907*7B
2021:01:22:14:34:01.405000,1611322441.405,$GPGGA,133401.00,6334.989888,N,01035.457424,E,2,12,0.6,12.41,M,40.66,M,8.0,0907*75
2021:01:22:14:34:02.405000,1611322442.405,$GPGGA,133402.00,6334.987669,N,01035.453711,E,2,12,0.6,12.45,M,40.66,M,9.0,0907*7D
2021:01:22:14:34:03.405000,1611322443.405,$GPGGA,133403.00,6334.985465,N,01035.449883,E,2,12,0.6,12.40,M,40.66,M,10.0,0907*42
2021:01:22:14:34:05.405000,1611322445.405,$GPGGA,133405.00,6334.981069,N,01035.442396,E,2,12,0.6,12.45,M,40.66,M,6.0,0907*7E
2021:01:22:14:34:06.405000,1611322446.405,$GPGGA,133406.00,6334.978857,N,01035.438615,E,2,12,0.6,12.41,M,40.66,M,7.0,0907*78
2021:01:22:14:34:07.405000,1611322447.405,$GPGGA,133407.00,6334.976661,N,01035.434883,E,2,12,0.6,12.41,M,40.66,M,8.0,0907*7E
2021:01:22:14:34:09.406000,1611322449.406,$GPGGA,133409.00,6334.972208,N,01035.427484,E,2,12,0.6,12.42,M,40.66,M,5.0,0907*78
2021:01:22:14:34:10.406000,1611322450.406,$GPGGA,133410.00,6334.970012,N,01035.423735,E,2,12,0.6,12.41,M,40.66,M,6.0,0907*76
2021:01:22:14:34:11.406000,1611322451.406,$GPGGA,133411.00,6334.967757,N,01035.420100,E,2,12,0.6,12.42,M,40.66,M,7.0,0907*76
2021:01:22:14:34:13.406000,1611322453.406,$GPGGA,133413.00,6334.963264,N,01035.412801,E,2,12,0.6,12.43,M,40.66,M,9.0,0907*73
2021:01:22:14:34:14.406000,1611322454.406,$GPGGA,133414.00,6334.961031,N,01035.409141,E,2,12,0.6,12.44,M,40.66,M,10.0,0907*4C
2021:01:22:14:34:15.406000,1611322455.406,$GPGGA,133415.00,6334.958772,N,01035.405478,E,2,12,0.6,12.41,M,40.66,M,11.0,0907*40
2021:01:22:14:34:17.406000,1611322457.406,$GPGGA,133417.00,6334.954299,N,01035.398150,E,2,12,0.6,12.45,M,40.66,M,8.0,0907*7E
2021:01:22:14:34:18.406000,1611322458.406,$GPGGA,133418.00,6334.952057,N,01035.394439,E,2,12,0.6,12.43,M,40.66,M,9.0,0907*76
2021:01:22:14:34:19.406000,1611322459.406,$GPGGA,133419.00,6334.949840,N,01035.390745,E,2,12,0.6,12.44,M,40.66,M,10.0,0907*40
2021:01:22:14:34:20.406000,1611322460.406,$GPGGA,133420.00,6334.947602,N,01035.387040,E,2,12,0.6,12.46,M,40.66,M,11.0,0907*4B
2021:01:22:14:34:21.406000,1611322461.406,$GPGGA,133421.00,6334.945370,N,01035.383303,E,2,12,0.6,12.43,M,40.66,M,12.0,0907*4E
2021:01:22:14:34:22.406000,1611322462.406,$GPGGA,133422.00,6334.943151,N,01035.379582,E,2,12,0.6,12.42,M,40.66,M,8.0,0907*7A
2021:01:22:14:34:23.407000,1611322463.407,$GPGGA,133423.00,6334.940918,N,01035.375868,E,2,12,0.6,12.45,M,40.66,M,9.0,0907*7E
2021:01:22:14:34:25.407000,1611322465.407,$GPGGA,133425.00,6334.936451,N,01035.368423,E,2,12,0.6,12.43,M,40.66,M,11.0,0907*49
2021:01:22:14:34:26.407000,1611322466.407,$GPGGA,133426.00,6334.934212,N,01035.364700,E,2,12,0.6,12.41,M,40.66,M,7.0,0907*72
2021:01:22:14:34:27.406000,1611322467.406,$GPGGA,133427.00,6334.931951,N,01035.361058,E,2,12,0.6,12.44,M,40.66,M,8.0,0907*7F
2021:01:22:14:34:30.406000,1611322470.406,$GPGGA,133430.00,6334.925241,N,01035.349939,E,2,12,0.6,12.38,M,40.66,M,5.0,0907*74
2021:01:22:14:34:31.406000,1611322471.406,$GPGGA,133431.00,6334.922993,N,01035.346319,E,2,12,0.6,12.40,M,40.66,M,6.0,0907*7D
2021:01:22:14:34:32.406000,1611322472.406,$GPGGA,133432.00,6334.920738,N,01035.342738,E,2,12,0.6,12.44,M,40.66,M,7.0,0907*75
2021:01:22:14:34:34.406000,1611322474.406,$GPGGA,133434.00,6334.916245,N,01035.335349,E,2,12,0.6,12.38,M,40.67,M,9.0,0907*7F
2021:01:22:14:34:35.406000,1611322475.406,$GPGGA,133435.00,6334.914026,N,01035.331667,E,2,12,0.6,12.39,M,40.67,M,10.0,0907*4F
2021:01:22:14:34:36.406000,1611322476.406,$GPGGA,133436.00,6334.911785,N,01035.328010,E,2,12,0.6,12.40,M,40.67,M,6.0,0907*70
2021:01:22:14:34:38.407000,1611322478.407,$GPGGA,133438.00,6334.907307,N,01035.320608,E,2,12,0.6,12.36,M,40.67,M,8.0,0907*7F
2021:01:22:14:34:39.407000,1611322479.407,$GPGGA,133439.00,6334.905072,N,01035.316913,E,2,12,0.6,12.39,M,40.67,M,9.0,0907*73
2021:01:22:14:34:40.407000,1611322480.407,$GPGGA,133440.00,6334.902823,N,01035.313241,E,2,12,0.6,12.40,M,40.67,M,10.0,0907*49
2021:01:22:14:34:42.407000,1611322482.407,$GPGGA,133442.00,6334.898351,N,01035.305833,E,2,12,0.6,12.36,M,40.67,M,7.0,0907*78
2021:01:22:14:34:43.407000,1611322483.407,$GPGGA,133443.00,6334.896103,N,01035.302177,E,2,12,0.6,12.39,M,40.67,M,8.0,0907*7C
2021:01:22:14:34:44.407000,1611322484.407,$GPGGA,133444.00,6334.893863,N,01035.298430,E,2,12,0.6,12.37,M,40.67,M,9.0,0907*7A
2021:01:22:14:34:45.407000,1611322485.407,$GPGGA,133445.00,6334.891647,N,01035.294654,E,2,12,0.6,12.34,M,40.67,M,10.0,0907*46
2021:01:22:14:34:46.407000,1611322486.407,$GPGGA,133446.00,6334.889424,N,01035.290988,E,2,12,0.6,12.40,M,40.67,M,6.0,0907*75
2021:01:22:14:34:47.407000,1611322487.407,$GPGGA,133447.00,6334.887180,N,01035.287292,E,2,12,0.6,12.40,M,40.67,M,7.0,0907*76
2021:01:22:14:34:48.407000,1611322488.407,$GPGGA,133448.00,6334.884939,N,01035.283535,E,2,12,0.6,12.33,M,40.67,M,8.0,0907*75
2021:01:22:14:34:50.407000,1611322490.407,$GPGGA,133450.00,6334.880462,N,01035.276250,E,2,12,0.7,12.38,M,40.67,M,10.0,0907*46
2021:01:22:14:34:51.407000,1611322491.407,$GPGGA,133451.00,6334.878226,N,01035.272523,E,2,12,0.7,12.36,M,40.67,M,11.0,0907*4E
2021:01:22:14:34:52.408000,1611322492.408,$GPGGA,133452.00,6334.875995,N,01035.268818,E,2,12,0.7,12.35,M,40.67,M,6.0,0907*78
2021:01:22:14:34:55.408000,1611322495.408,$GPGGA,133455.00,6334.869191,N,01035.258039,E,2,12,0.7,12.39,M,40.67,M,9.0,0907*75
2021:01:22:14:34:56.407000,1611322496.407,$GPGGA,133456.00,6334.866943,N,01035.254320,E,2,12,0.6,12.38,M,40.67,M,5.0,0907*75
2021:01:22:14:34:59.407000,1611322499.407,$GPGGA,133459.00,6334.860208,N,01035.243322,E,2,12,0.6,12.38,M,40.67,M,8.0,0907*71
2021:01:22:14:35:00.407000,1611322500.407,$GPGGA,133500.00,6334.857973,N,01035.239707,E,2,12,0.6,12.41,M,40.67,M,9.0,0907*7E
2021:01:22:14:35:01.407000,1611322501.407,$GPGGA,133501.00,6334.855728,N,01035.236036,E,2,12,0.6,12.43,M,40.67,M,10.0,0907*4D
2021:01:22:14:35:03.407000,1611322503.407,$GPGGA,133503.00,6334.851302,N,01035.228536,E,2,12,0.7,12.40,M,40.67,M,7.0,0907*79
2021:01:22:14:35:04.407000,1611322504.407,$GPGGA,133504.00,6334.849080,N,01035.224836,E,2,12,0.7,12.43,M,40.67,M,8.0,0907*73
2021:01:22:14:35:05.407000,1611322505.407,$GPGGA,133505.00,6334.846855,N,01035.221089,E,2,12,0.7,12.42,M,40.67,M,9.0,0907*74
2021:01:22:14:35:07.408000,1611322507.408,$GPGGA,133507.00,6334.842472,N,01035.213572,E,2,12,0.7,12.43,M,40.67,M,11.0,0907*43
2021:01:22:14:35:08.408000,1611322508.408,$GPGGA,133508.00,6334.840263,N,01035.209772,E,2,12,0.6,12.43,M,40.67,M,12.0,0907*43
2021:01:22:14:35:09.408000,1611322509.408,$GPGGA,133509.00,6334.838046,N,01035.206027,E,2,12,0.7,12.38,M,40.67,M,8.0,0907*76
2021:01:22:14:35:10.408000,1611322510.408,$GPGGA,133510.00,6334.835835,N,01035.202388,E,2,12,0.7,12.40,M,40.67,M,9.0,0907*73
2021:01:22:14:35:11.408000,1611322511.408,$GPGGA,133511.00,6334.833609,N,01035.198691,E,2,12,0.7,12.39,M,40.67,M,10.0,0907*4E
2021:01:22:14:35:12.408000,1611322512.408,$GPGGA,133512.00,6334.831391,N,01035.194928,E,2,12,0.8,12.36,M,40.67,M,11.0,0907*4B
2021:01:22:14:35:13.408000,1611322513.408,$GPGGA,133513.00,6334.829203,N,01035.191185,E,2,12,0.8,12.36,M,40.67,M,6.0,0907*75
2021:01:22:14:35:15.408000,1611322515.408,$GPGGA,133515.00,6334.824728,N,01035.183802,E,2,12,0.6,12.36,M,40.67,M,8.0,0907*77
2021:01:22:14:35:16.408000,1611322516.408,$GPGGA,133516.00,6334.822501,N,01035.180121,E,2,12,0.6,12.35,M,40.67,M,9.0,0907*72
2021:01:22:14:35:17.408000,1611322517.408,$GPGGA,133517.00,6334.820271,N,01035.176442,E,2,12,0.6,12.37,M,40.67,M,10.0,0907*42
2021:01:22:14:35:19.408000,1611322519.408,$GPGGA,133519.00,6334.815782,N,01035.169124,E,2,12,0.6,12.37,M,40.67,M,7.0,0907*7E
2021:01:22:14:35:20.408000,1611322520.408,$GPGGA,133520.00,6334.813534,N,01035.165494,E,2,12,0.6,12.34,M,40.67,M,8.0,0907*73
2021:01:22:14:35:21.409000,1611322521.409,$GPGGA,133521.00,6334.811281,N,01035.161859,E,2,12,0.6,12.35,M,40.67,M,9.0,0907*70
2021:01:22:14:35:23.409000,1611322523.409,$GPGGA,133523.00,6334.806755,N,01035.154604,E,2,12,0.6,12.38,M,40.67,M,11.0,0907*4C
2021:01:22:14:35:24.409000,1611322524.409,$GPGGA,133524.00,6334.804538,N,01035.150938,E,2,12,0.6,12.40,M,40.67,M,12.0,0907*48
2021:01:22:14:35:25.409000,1611322525.409,$GPGGA,133525.00,6334.802304,N,01035.147191,E,2,12,0.6,12.37,M,40.67,M,13.0,0907*4A
2021:01:22:14:35:28.408000,1611322528.408,$GPGGA,133528.00,6334.795558,N,01035.136279,E,2,12,0.6,12.38,M,40.67,M,9.0,0907*7E
2021:01:22:14:35:29.408000,1611322529.408,$GPGGA,133529.00,6334.793312,N,01035.132624,E,2,12,0.6,12.35,M,40.67,M,6.0,0907*7B
2021:01:22:14:35:32.408000,1611322532.408,$GPGGA,133532.00,6334.786599,N,01035.121586,E,2,12,0.6,12.36,M,40.67,M,9.0,0907*75
2021:01:22:14:35:33.408000,1611322533.408,$GPGGA,133533.00,6334.784379,N,01035.117909,E,2,12,0.6,12.35,M,40.67,M,10.0,0907*4B
2021:01:22:14:35:34.408000,1611322534.408,$GPGGA,133534.00,6334.782137,N,01035.114184,E,2,12,0.6,12.31,M,40.67,M,11.0,0907*49
2021:01:22:14:35:36.409000,1611322536.409,$GPGGA,133536.00,6334.777635,N,01035.106959,E,2,12,0.6,12.38,M,40.67,M,13.0,0907*44
2021:01:22:14:35:37.409000,1611322537.409,$GPGGA,133537.00,6334.775399,N,01035.103240,E,2,12,0.6,12.33,M,40.67,M,9.0,0907*72
2021:01:22:14:35:38.409000,1611322538.409,$GPGGA,133538.00,6334.773184,N,01035.099600,E,2,12,0.6,12.37,M,40.67,M,10.0,0907*4B
2021:01:22:14:35:40.409000,1611322540.409,$GPGGA,133540.00,6334.768625,N,01035.092329,E,2,12,0.6,12.36,M,40.67,M,7.0,0907*70
2021:01:22:14:35:41.409000,1611322541.409,$GPGGA,133541.00,6334.766401,N,01035.088687,E,2,12,0.6,12.38,M,40.67,M,8.0,0907*70
2021:01:22:14:35:42.409000,1611322542.409,$GPGGA,133542.00,6334.764159,N,01035.085019,E,2,12,0.6,12.40,M,40.67,M,9.0,0907*7B
2021:01:22:14:35:44.409000,1611322544.409,$GPGGA,133544.00,6334.759639,N,01035.077652,E,2,12,0.6,12.33,M,40.67,M,6.0,0907*7D
2021:01:22:14:35:45.409000,1611322545.409,$GPGGA,133545.00,6334.757406,N,01035.074055,E,2,12,0.6,12.39,M,40.67,M,7.0,0907*75
2021:01:22:14:35:46.409000,1611322546.409,$GPGGA,133546.00,6334.755167,N,01035.070354,E,2,12,0.6,12.39,M,40.67,M,8.0,0907*7F
2021:01:22:14:35:48.409000,1611322548.409,$GPGGA,133548.00,6334.750706,N,01035.062885,E,2,12,0.8,12.35,M,40.67,M,10.0,0907*4A
2021:01:22:14:35:49.409000,1611322549.409,$GPGGA,133549.00,6334.748465,N,01035.059228,E,2,12,0.8,12.38,M,40.67,M,11.0,0907*4D
2021:01:22:14:35:50.409000,1611322550.409,$GPGGA,133550.00,6334.746224,N,01035.055531,E,2,12,0.8,12.38,M,40.67,M,6.0,0907*7D
2021:01:22:14:35:52.410000,1611322552.41,$GPGGA,133552.00,6334.741803,N,01035.048008,E,2,12,0.8,12.35,M,40.67,M,8.0,0907*77
2021:01:22:14:35:53.410000,1611322553.41,$GPGGA,133553.00,6334.739575,N,01035.044258,E,2,12,0.8,12.35,M,40.67,M,4.0,0907*72
2021:01:22:14:35:54.410000,1611322554.41,$GPGGA,133554.00,6334.737350,N,01035.040556,E,2,12,0.8,12.38,M,40.67,M,5.0,0907*7B
2021:01:22:14:35:57.410000,1611322557.41,$GPGGA,133557.00,6334.730681,N,01035.029427,E,2,12,0.8,12.38,M,40.67,M,8.0,0907*73
2021:01:22:14:35:58.410000,1611322558.41,$GPGGA,133558.00,6334.728450,N,01035.025681,E,2,12,0.8,12.36,M,40.67,M,9.0,0907*76
2021:01:22:14:36:01.409000,1611322561.409,$GPGGA,133601.00,6334.721760,N,01035.014580,E,2,12,0.8,12.39,M,40.67,M,7.0,0907*71
2021:01:22:14:36:02.409000,1611322562.409,$GPGGA,133602.00,6334.719554,N,01035.010841,E,2,12,0.8,12.37,M,40.67,M,8.0,0907*79
2021:01:22:14:36:05.409000,1611322565.409,$GPGGA,133605.00,6334.712798,N,01034.999850,E,2,12,0.8,12.41,M,40.67,M,11.0,0907*47
2021:01:22:14:36:06.410000,1611322566.41,$GPGGA,133606.00,6334.710589,N,01034.996055,E,2,12,0.8,12.39,M,40.67,M,6.0,0907*7F
2021:01:22:14:36:07.410000,1611322567.41,$GPGGA,133607.00,6334.708375,N,01034.992308,E,2,12,0.8,12.43,M,40.67,M,7.0,0907*71
2021:01:22:14:36:09.410000,1611322569.41,$GPGGA,133609.00,6334.703943,N,01034.984710,E,2,12,0.8,12.40,M,40.67,M,9.0,0907*7C
2021:01:22:14:36:10.410000,1611322570.41,$GPGGA,133610.00,6334.701713,N,01034.980969,E,2,12,0.8,12.39,M,40.67,M,5.0,0907*7B
2021:01:22:14:36:11.410000,1611322571.41,$GPGGA,133611.00,6334.699464,N,01034.977268,E,2,12,0.8,12.43,M,40.67,M,6.0,0907*75
2021:01:22:14:36:13.410000,1611322573.41,$GPGGA,133613.00,6334.695031,N,01034.969722,E,2,12,0.8,12.40,M,40.68,M,8.0,0907*79
2021:01:22:14:36:14.410000,1611322574.41,$GPGGA,133614.00,6334.692829,N,01034.965901,E,2,12,0.8,12.38,M,40.68,M,9.0,0907*75
2021:01:22:14:36:15.410000,1611322575.41,$GPGGA,133615.00,6334.690572,N,01034.962255,E,2,12,0.8,12.42,M,40.68,M,10.0,0907*4D
2021:01:22:14:36:17.410000,1611322577.41,$GPGGA,133617.00,6334.686103,N,01034.954836,E,2,12,0.8,12.38,M,40.68,M,7.0,0907*7B
2021:01:22:14:36:18.410000,1611322578.41,$GPGGA,133618.00,6334.683904,N,01034.951045,E,2,12,0.8,12.39,M,40.68,M,8.0,0907*79
2021:01:22:14:36:19.410000,1611322579.41,$GPGGA,133619.00,6334.681645,N,01034.947353,E,2,12,0.8,12.39,M,40.68,M,9.0,0907*72
2021:01:22:14:36:21.411000,1611322581.411,$GPGGA,133621.00,6334.677144,N,01034.940068,E,2,12,0.8,12.40,M,40.68,M,6.0,0907*7B
2021:01:22:14:36:22.411000,1611322582.411,$GPGGA,133622.00,6334.674934,N,01034.936264,E,2,12,0.8,12.36,M,40.68,M,7.0,0907*7B
2021:01:22:14:36:23.411000,1611322583.411,$GPGGA,133623.00,6334.672717,N,01034.932520,E,2,12,0.8,12.37,M,40.68,M,8.0,0907*7E
2021:01:22:14:36:25.411000,1611322585.411,$GPGGA,133625.00,6334.668229,N,01034.925132,E,2,12,0.8,12.42,M,40.68,M,10.0,0907*41
2021:01:22:14:36:26.411000,1611322586.411,$GPGGA,133626.00,6334.666021,N,01034.921398,E,2,12,0.8,12.40,M,40.68,M,11.0,0907*43
2021:01:22:14:36:27.411000,1611322587.411,$GPGGA,133627.00,6334.663800,N,01034.917668,E,2,12,0.8,12.38,M,40.68,M,7.0,0907*7B
2021:01:22:14:36:30.410000,1611322590.41,$GPGGA,133630.00,6334.657107,N,01034.906468,E,2,12,0.8,12.35,M,40.68,M,5.0,0907*79
2021:01:22:14:36:31.410000,1611322591.41,$GPGGA,133631.00,6334.654884,N,01034.902717,E,2,12,0.8,12.34,M,40.68,M,6.0,0907*74
2021:01:22:14:36:32.410000,1611322592.41,$GPGGA,133632.00,6334.652677,N,01034.899048,E,2,12,0.8,12.38,M,40.68,M,7.0,0907*70
2021:01:22:14:36:34.410000,1611322594.41,$GPGGA,133634.00,6334.648209,N,01034.891551,E,2,12,0.8,12.35,M,40.68,M,9.0,0907*76
2021:01:22:14:36:35.410000,1611322595.41,$GPGGA,133635.00,6334.645961,N,01034.887859,E,2,12,0.8,12.35,M,40.68,M,10.0,0907*45
2021:01:22:14:36:36.411000,1611322596.411,$GPGGA,133636.00,6334.643707,N,01034.884291,E,2,12,0.8,12.39,M,40.68,M,11.0,0907*4E
2021:01:22:14:36:38.411000,1611322598.411,$GPGGA,133638.00,6334.639234,N,01034.876830,E,2,12,0.8,12.35,M,40.68,M,8.0,0907*70
2021:01:22:14:36:39.411000,1611322599.411,$GPGGA,133639.00,6334.636989,N,01034.873126,E,2,12,0.8,12.31,M,40.68,M,9.0,0907*7D
2021:01:22:14:36:40.411000,1611322600.411,$GPGGA,133640.00,6334.634733,N,01034.869590,E,2,12,0.8,12.41,M,40.68,M,10.0,0907*43
2021:01:22:14:36:42.411000,1611322602.411,$GPGGA,133642.00,6334.630258,N,01034.862105,E,2,12,0.7,12.34,M,40.68,M,12.0,0907*41
2021:01:22:14:36:43.411000,1611322603.411,$GPGGA,133643.00,6334.628027,N,01034.858457,E,2,12,0.7,12.37,M,40.68,M,7.0,0907*7F
2021:01:22:14:36:44.411000,1611322604.411,$GPGGA,133644.00,6334.625766,N,01034.854733,E,2,12,0.7,12.36,M,40.68,M,8.0,0907*74
2021:01:22:14:36:45.411000,1611322605.411,$GPGGA,133645.00,6334.623539,N,01034.850992,E,2,12,0.7,12.31,M,40.68,M,9.0,0907*7C
2021:01:22:14:36:46.411000,1611322606.411,$GPGGA,133646.00,6334.621320,N,01034.847351,E,2,12,0.7,12.36,M,40.68,M,10.0,0907*4F
2021:01:22:14:36:47.411000,1611322607.411,$GPGGA,133647.00,6334.619068,N,01034.843625,E,2,12,0.7,12.38,M,40.68,M,6.0,0907*71
2021:01:22:14:36:48.411000,1611322608.411,$GPGGA,133648.00,6334.616859,N,01034.839858,E,2,12,0.7,12.36,M,40.68,M,7.0,0907*7D
2021:01:22:14:36:49.411000,1611322609.411,$GPGGA,133649.00,6334.614652,N,01034.836085,E,2,12,0.7,12.37,M,40.68,M,8.0,0907*72
2021:01:22:14:36:50.412000,1611322610.412,$GPGGA,133650.00,6334.612413,N,01034.832346,E,2,12,0.7,12.37,M,40.68,M,9.0,0907*72
2021:01:22:14:36:51.412000,1611322611.412,$GPGGA,133651.00,6334.610214,N,01034.828529,E,2,12,0.7,12.36,M,40.68,M,10.0,0907*4D
2021:01:22:14:36:52.412000,1611322612.412,$GPGGA,133652.00,6334.608034,N,01034.824700,E,2,12,0.7,12.34,M,40.68,M,11.0,0907*41
2021:01:22:14:36:53.412000,1611322613.412,$GPGGA,133653.00,6334.605848,N,01034.820861,E,2,12,0.7,12.35,M,40.68,M,7.0,0907*74
2021:01:22:14:36:54.412000,1611322614.412,$GPGGA,133654.00,6334.603636,N,01034.817087,E,2,12,0.7,12.35,M,40.68,M,8.0,0907*79
2021:01:22:14:36:55.412000,1611322615.412,$GPGGA,133655.00,6334.601412,N,01034.813353,E,2,12,0.7,12.32,M,40.68,M,9.0,0907*76
2021:01:22:14:36:56.412000,1611322616.412,$GPGGA,133656.00,6334.599198,N,01034.809594,E,2,12,0.7,12.33,M,40.68,M,10.0,0907*4F
2021:01:22:14:36:57.412000,1611322617.412,$GPGGA,133657.00,6334.596985,N,01034.805821,E,2,12,0.7,12.33,M,40.68,M,6.0,0907*7D
2021:01:22:14:36:59.412000,1611322619.412,$GPGGA,133659.00,6334.592564,N,01034.798323,E,2,12,0.7,12.36,M,40.68,M,8.0,0907*7D
2021:01:22:14:37:00.412000,1611322620.412,$GPGGA,133700.00,6334.590353,N,01034.794618,E,2,12,0.7,12.38,M,40.68,M,4.0,0907*73
2021:01:22:14:37:01.412000,1611322621.412,$GPGGA,133701.00,6334.588135,N,01034.790863,E,2,12,0.7,12.35,M,40.68,M,5.0,0907*73
2021:01:22:14:37:03.411000,1611322623.411,$GPGGA,133703.00,6334.583675,N,01034.783540,E,2,12,0.7,12.35,M,40.68,M,7.0,0907*75
2021:01:22:14:37:04.411000,1611322624.411,$GPGGA,133704.00,6334.581421,N,01034.779894,E,2,12,0.7,12.35,M,40.68,M,8.0,0907*7D
2021:01:22:14:37:05.412000,1611322625.412,$GPGGA,133705.00,6334.579200,N,01034.776218,E,2,12,0.7,12.34,M,40.68,M,9.0,0907*7F
2021:01:22:14:37:07.412000,1611322627.412,$GPGGA,133707.00,6334.574733,N,01034.768863,E,2,12,0.7,12.36,M,40.68,M,11.0,0907*47
2021:01:22:14:37:08.412000,1611322628.412,$GPGGA,133708.00,6334.572484,N,01034.765219,E,2,12,0.7,12.36,M,40.68,M,12.0,0907*48
2021:01:22:14:37:09.412000,1611322629.412,$GPGGA,133709.00,6334.570264,N,01034.761458,E,2,12,0.7,12.31,M,40.68,M,13.0,0907*42
2021:01:22:14:37:11.412000,1611322631.412,$GPGGA,133711.00,6334.565817,N,01034.754099,E,2,12,0.7,12.34,M,40.68,M,9.0,0907*70
2021:01:22:14:37:12.412000,1611322632.412,$GPGGA,133712.00,6334.563555,N,01034.750491,E,2,12,0.7,12.36,M,40.68,M,10.0,0907*4C
2021:01:22:14:37:13.412000,1611322633.412,$GPGGA,133713.00,6334.561335,N,01034.746710,E,2,12,0.7,12.30,M,40.68,M,11.0,0907*45
2021:01:22:14:37:14.412000,1611322634.412,$GPGGA,133714.00,6334.559132,N,01034.742967,E,2,12,0.7,12.31,M,40.68,M,12.0,0907*44
2021:01:22:14:37:15.412000,1611322635.412,$GPGGA,133715.00,6334.556905,N,01034.739251,E,2,12,0.7,12.35,M,40.68,M,13.0,0907*41
2021:01:22:14:37:16.412000,1611322636.412,$GPGGA,133716.00,6334.554669,N,01034.735553,E,2,12,0.7,12.37,M,40.68,M,14.0,0907*49
2021:01:22:14:37:17.412000,1611322637.412,$GPGGA,133717.00,6334.552441,N,01034.731861,E,2,12,0.7,12.35,M,40.68,M,15.0,0907*4D
2021:01:22:14:37:19.413000,1611322639.413,$GPGGA,133719.00,6334.548031,N,01034.724345,E,2,12,0.7,12.34,M,40.68,M,11.0,0907*47
2021:01:22:14:37:20.413000,1611322640.413,$GPGGA,133720.00,6334.545811,N,01034.720712,E,2,12,0.7,12.42,M,40.68,M,8.0,0907*71
2021:01:22:14:37:21.413000,1611322641.413,$GPGGA,133721.00,6334.543579,N,01034.717026,E,2,12,0.7,12.43,M,40.68,M,9.0,0907*71
2021:01:22:14:37:23.413000,1611322643.413,$GPGGA,133723.00,6334.539209,N,01034.709340,E,2,12,0.7,12.34,M,40.68,M,11.0,0907*4B
2021:01:22:14:37:24.413000,1611322644.413,$GPGGA,133724.00,6334.536986,N,01034.705695,E,2,12,0.7,12.42,M,40.68,M,12.0,0907*4C
2021:01:22:14:37:25.413000,1611322645.413,$GPGGA,133725.00,6334.534735,N,01034.702011,E,2,12,0.7,12.43,M,40.68,M,13.0,0907*44
2021:01:22:14:37:27.413000,1611322647.413,$GPGGA,133727.00,6334.530382,N,01034.694341,E,2,12,0.7,12.34,M,40.68,M,15.0,0907*44
2021:01:22:14:37:28.413000,1611322648.413,$GPGGA,133728.00,6334.528166,N,01034.690601,E,2,12,0.7,12.35,M,40.68,M,9.0,0907*73
2021:01:22:14:37:29.413000,1611322649.413,$GPGGA,133729.00,6334.525938,N,01034.686956,E,2,12,0.7,12.41,M,40.68,M,10.0,0907*4D
2021:01:22:14:37:31.413000,1611322651.413,$GPGGA,133731.00,6334.521538,N,01034.679401,E,2,12,0.7,12.37,M,40.68,M,8.0,0907*7B
2021:01:22:14:37:32.412000,1611322652.412,$GPGGA,133732.00,6334.519346,N,01034.675558,E,2,12,0.7,12.38,M,40.68,M,9.0,0907*73
2021:01:22:14:37:33.412000,1611322653.412,$GPGGA,133733.00,6334.517138,N,01034.671776,E,2,12,0.7,12.38,M,40.68,M,10.0,0907*45
2021:01:22:14:37:34.413000,1611322654.413,$GPGGA,133734.00,6334.514950,N,01034.668020,E,2,12,0.7,12.42,M,40.68,M,6.0,0907*71
2021:01:22:14:37:35.413000,1611322655.413,$GPGGA,133735.00,6334.512732,N,01034.664221,E,2,12,0.7,12.40,M,40.68,M,7.0,0907*70
2021:01:22:14:37:36.413000,1611322656.413,$GPGGA,133736.00,6334.510545,N,01034.660430,E,2,12,0.7,12.40,M,40.68,M,8.0,0907*7E
2021:01:22:14:37:37.413000,1611322657.413,$GPGGA,133737.00,6334.508334,N,01034.656680,E,2,12,0.7,12.42,M,40.68,M,9.0,0907*79
2021:01:22:14:37:38.413000,1611322658.413,$GPGGA,133738.00,6334.506114,N,01034.652932,E,2,12,0.7,12.42,M,40.68,M,10.0,0907*42
2021:01:22:14:37:39.413000,1611322659.413,$GPGGA,133739.00,6334.503896,N,01034.649157,E,2,12,0.7,12.40,M,40.68,M,11.0,0907*47
2021:01:22:14:37:40.413000,1611322660.413,$GPGGA,133740.00,6334.501681,N,01034.645410,E,2,12,0.7,12.41,M,40.68,M,12.0,0907*4B
2021:01:22:14:37:41.413000,1611322661.413,$GPGGA,133741.00,6334.499457,N,01034.641657,E,2,12,0.7,12.39,M,40.68,M,7.0,0907*7D
2021:01:22:14:37:42.413000,1611322662.413,$GPGGA,133742.00,6334.497237,N,01034.637914,E,2,12,0.7,12.39,M,40.68,M,8.0,0907*76
2021:01:22:14:37:43.413000,1611322663.413,$GPGGA,133743.00,6334.495016,N,01034.634183,E,2,12,0.7,12.39,M,40.68,M,9.0,0907*70
2021:01:22:14:37:44.413000,1611322664.413,$GPGGA,133744.00,6334.492789,N,01034.630430,E,2,12,0.7,12.40,M,40.68,M,5.0,0907*7A
2021:01:22:14:37:45.413000,1611322665.413,$GPGGA,133745.00,6334.490551,N,01034.626715,E,2,12,0.7,12.38,M,40.68,M,6.0,0907*71
2021:01:22:14:37:46.413000,1611322666.413,$GPGGA,133746.00,6334.488304,N,01034.623056,E,2,12,0.7,12.38,M,40.68,M,7.0,0907*79
2021:01:22:14:37:47.413000,1611322667.413,$GPGGA,133747.00,6334.486063,N,01034.619431,E,2,12,0.7,12.42,M,40.68,M,8.0,0907*7A
2021:01:22:14:37:48.413000,1611322668.413,$GPGGA,133748.00,6334.483817,N,01034.615717,E,2,12,0.7,12.40,M,40.68,M,9.0,0907*73
2021:01:22:14:37:49.414000,1611322669.414,$GPGGA,133749.00,6334.481607,N,01034.612048,E,2,12,0.7,12.40,M,40.68,M,10.0,0907*4D
2021:01:22:14:37:50.414000,1611322670.414,$GPGGA,133750.00,6334.479381,N,01034.608328,E,2,12,0.7,12.39,M,40.69,M,11.0,0907*49
2021:01:22:14:37:51.414000,1611322671.414,$GPGGA,133751.00,6334.477147,N,01034.604592,E,2,12,0.7,12.35,M,40.69,M,6.0,0907*7F
2021:01:22:14:37:52.414000,1611322672.414,$GPGGA,133752.00,6334.474942,N,01034.600959,E,2,12,0.7,12.38,M,40.69,M,7.0,0907*71
2021:01:22:14:37:53.414000,1611322673.414,$GPGGA,133753.00,6334.472706,N,01034.597203,E,2,12,0.7,12.36,M,40.69,M,8.0,0907*70
2021:01:22:14:37:54.414000,1611322674.414,$GPGGA,133754.00,6334.470506,N,01034.593477,E,2,12,0.7,12.33,M,40.69,M,4.0,0907*7F
2021:01:22:14:37:55.414000,1611322675.414,$GPGGA,133755.00,6334.468271,N,01034.589815,E,2,12,0.7,12.36,M,40.69,M,5.0,0907*77
2021:01:22:14:37:56.414000,1611322676.414,$GPGGA,133756.00,6334.466013,N,01034.586222,E,2,12,0.7,12.40,M,40.69,M,6.0,0907*7F
2021:01:22:14:37:57.414000,1611322677.414,$GPGGA,133757.00,6334.463785,N,01034.582506,E,2,12,0.7,12.37,M,40.69,M,7.0,0907*77
2021:01:22:14:37:58.414000,1611322678.414,$GPGGA,133758.00,6334.461562,N,01034.578760,E,2,12,0.7,12.31,M,40.69,M,8.0,0907*7F
2021:01:22:14:37:59.414000,1611322679.414,$GPGGA,133759.00,6334.459337,N,01034.575134,E,2,12,0.7,12.35,M,40.69,M,9.0,0907*7C
2021:01:22:14:38:01.414000,1611322681.414,$GPGGA,133801.00,6334.454853,N,01034.567849,E,2,12,0.7,12.40,M,40.69,M,5.0,0907*74
2021:01:22:14:38:02.413000,1611322682.413,$GPGGA,133802.00,6334.452627,N,01034.564201,E,2,12,0.7,12.37,M,40.69,M,6.0,0907*7A
2021:01:22:14:38:03.413000,1611322683.413,$GPGGA,133803.00,6334.450379,N,01034.560574,E,2,12,0.7,12.35,M,40.69,M,7.0,0907*75
2021:01:22:14:38:04.414000,1611322684.414,$GPGGA,133804.00,6334.448123,N,01034.556973,E,2,12,0.7,12.40,M,40.69,M,8.0,0907*75
2021:01:22:14:38:05.414000,1611322685.414,$GPGGA,133805.00,6334.445865,N,01034.553375,E,2,12,0.7,12.41,M,40.69,M,9.0,0907*7B
2021:01:22:14:38:06.414000,1611322686.414,$GPGGA,133806.00,6334.443670,N,01034.549705,E,2,12,0.7,12.44,M,40.69,M,10.0,0907*41
2021:01:22:14:38:07.414000,1611322687.414,$GPGGA,133807.00,6334.441429,N,01034.545929,E,2,12,0.7,12.39,M,40.69,M,6.0,0907*7D
2021:01:22:14:38:09.414000,1611322689.414,$GPGGA,133809.00,6334.437028,N,01034.538570,E,2,12,0.7,12.44,M,40.69,M,8.0,0907*79
2021:01:22:14:38:10.414000,1611322690.414,$GPGGA,133810.00,6334.434792,N,01034.534918,E,2,12,0.7,12.41,M,40.69,M,9.0,0907*7E
2021:01:22:14:38:11.414000,1611322691.414,$GPGGA,133811.00,6334.432580,N,01034.531235,E,2,12,0.7,12.38,M,40.69,M,10.0,0907*4F
2021:01:22:14:38:13.414000,1611322693.414,$GPGGA,133813.00,6334.428137,N,01034.523973,E,2,12,0.7,12.43,M,40.69,M,12.0,0907*4A
2021:01:22:14:38:14.414000,1611322694.414,$GPGGA,133814.00,6334.425866,N,01034.520435,E,2,12,0.7,12.48,M,40.69,M,13.0,0907*4B
2021:01:22:14:38:15.414000,1611322695.414,$GPGGA,133815.00,6334.423649,N,01034.516672,E,2,12,0.7,12.40,M,40.69,M,8.0,0907*79
2021:01:22:14:38:17.414000,1611322697.414,$GPGGA,133817.00,6334.419254,N,01034.509290,E,2,12,0.7,12.42,M,40.69,M,10.0,0907*47
2021:01:22:14:38:18.415000,1611322698.415,$GPGGA,133818.00,6334.416990,N,01034.505760,E,2,12,0.7,12.41,M,40.69,M,11.0,0907*40
2021:01:22:14:38:19.415000,1611322699.415,$GPGGA,133819.00,6334.414716,N,01034.502346,E,2,12,0.7,12.41,M,40.69,M,12.0,0907*47
2021:01:22:14:38:21.415000,1611322701.415,$GPGGA,133821.00,6334.410135,N,01034.495652,E,2,12,0.7,12.38,M,40.69,M,9.0,0907*74
2021:01:22:14:38:22.415000,1611322702.415,$GPGGA,133822.00,6334.407794,N,01034.492513,E,2,12,0.7,12.42,M,40.69,M,10.0,0907*48
2021:01:22:14:38:23.415000,1611322703.415,$GPGGA,133823.00,6334.405423,N,01034.489495,E,2,12,0.7,12.45,M,40.69,M,11.0,0907*47
2021:01:22:14:38:24.416000,1611322704.416,$GPGGA,133824.00,6334.403045,N,01034.486436,E,2,12,0.7,12.38,M,40.69,M,7.0,0907*79
2021:01:22:14:38:25.415000,1611322705.415,$GPGGA,133825.00,6334.400667,N,01034.483415,E,2,12,0.7,12.38,M,40.69,M,8.0,0907*76
2021:01:22:14:38:26.415000,1611322706.415,$GPGGA,133826.00,6334.398279,N,01034.480538,E,2,12,0.7,12.41,M,40.69,M,9.0,0907*7A
2021:01:22:14:38:27.415000,1611322707.415,$GPGGA,133827.00,6334.395866,N,01034.477766,E,2,12,0.7,12.43,M,40.69,M,10.0,0907*49
2021:01:22:14:38:29.416000,1611322709.416,$GPGGA,133829.00,6334.390987,N,01034.472309,E,2,12,0.7,12.38,M,40.69,M,7.0,0907*7E
2021:01:22:14:38:30.415000,1611322710.415,$GPGGA,133830.00,6334.388557,N,01034.469643,E,2,12,0.7,12.43,M,40.69,M,8.0,0907*7C
2021:01:22:14:38:31.415000,1611322711.415,$GPGGA,133831.00,6334.386123,N,01034.466988,E,2,12,0.7,12.43,M,40.69,M,9.0,0907*72
2021:01:22:14:38:33.416000,1611322713.416,$GPGGA,133833.00,6334.381216,N,01034.461741,E,2,12,0.7,12.39,M,40.69,M,11.0,0907*4A
2021:01:22:14:38:34.416000,1611322714.416,$GPGGA,133834.00,6334.378745,N,01034.459221,E,2,12,0.7,12.35,M,40.69,M,7.0,0907*7B
2021:01:22:14:38:35.415000,1611322715.415,$GPGGA,133835.00,6334.376254,N,01034.456740,E,2,12,0.7,12.36,M,40.69,M,8.0,0907*70
2021:01:22:14:38:37.415000,1611322717.415,$GPGGA,133837.00,6334.371288,N,01034.451791,E,2,12,0.7,12.34,M,40.69,M,10.0,0907*44
2021:01:22:14:38:38.415000,1611322718.415,$GPGGA,133838.00,6334.368798,N,01034.449334,E,2,12,0.7,12.30,M,40.69,M,11.0,0907*40
2021:01:22:14:38:39.415000,1611322719.415,$GPGGA,133839.00,6334.366287,N,01034.447001,E,2,12,0.7,12.34,M,40.69,M,12.0,0907*48
2021:01:22:14:38:40.415000,1611322720.415,$GPGGA,133840.00,6334.363749,N,01034.444655,E,2,12,0.7,12.33,M,40.69,M,13.0,0907*46
2021:01:22:14:38:41.415000,1611322721.415,$GPGGA,133841.00,6334.361231,N,01034.442286,E,2,12,0.7,12.31,M,40.69,M,14.0,0907*46
2021:01:22:14:38:42.416000,1611322722.416,$GPGGA,133842.00,6334.358738,N,01034.439881,E,2,12,0.7,12.33,M,40.69,M,9.0,0907*7C
2021:01:22:14:38:43.415000,1611322723.415,$GPGGA,133843.00,6334.356214,N,01034.437470,E,2,12,0.7,12.33,M,40.69,M,10.0,0907*4C
2021:01:22:14:38:44.415000,1611322724.415,$GPGGA,133844.00,6334.353703,N,01034.435072,E,2,12,0.7,12.36,M,40.69,M,6.0,0907*7B
2021:01:22:14:38:45.415000,1611322725.415,$GPGGA,133845.00,6334.351187,N,01034.432681,E,2,12,0.7,12.36,M,40.69,M,7.0,0907*7E
2021:01:22:14:38:46.415000,1611322726.415,$GPGGA,133846.00,6334.348677,N,01034.430259,E,2,12,0.7,12.35,M,40.69,M,8.0,0907*72
2021:01:22:14:38:47.416000,1611322727.416,$GPGGA,133847.00,6334.346178,N,01034.427877,E,2,12,0.7,12.35,M,40.69,M,9.0,0907*74
2021:01:22:14:38:48.416000,1611322728.416,$GPGGA,133848.00,6334.343659,N,01034.425434,E,2,12,0.7,12.34,M,40.69,M,5.0,0907*7E
2021:01:22:14:38:49.416000,1611322729.416,$GPGGA,133849.00,6334.341145,N,01034.423045,E,2,12,0.7,12.33,M,40.69,M,6.0,0907*77
2021:01:22:14:38:50.417000,1611322730.417,$GPGGA,133850.00,6334.338643,N,01034.420626,E,2,12,0.7,12.35,M,40.69,M,7.0,0907*77
2021:01:22:14:38:51.416000,1611322731.416,$GPGGA,133851.00,6334.336162,N,01034.418168,E,2,12,0.7,12.38,M,40.69,M,8.0,0907*78
2021:01:22:14:38:52.416000,1611322732.416,$GPGGA,133852.00,6334.333648,N,01034.415657,E,2,12,0.7,12.34,M,40.69,M,9.0,0907*7A
2021:01:22:14:38:53.416000,1611322733.416,$GPGGA,133853.00,6334.331136,N,01034.413282,E,2,12,0.7,12.33,M,40.69,M,10.0,0907*42
2021:01:22:14:38:54.416000,1611322734.416,$GPGGA,133854.00,6334.328603,N,01034.410867,E,2,12,0.7,12.32,M,40.69,M,6.0,0907*78
2021:01:22:14:38:55.416000,1611322735.416,$GPGGA,133855.00,6334.326096,N,01034.408503,E,2,12,0.7,12.32,M,40.69,M,7.0,0907*7A
2021:01:22:14:38:56.416000,1611322736.416,$GPGGA,133856.00,6334.323571,N,01034.406088,E,2,12,0.7,12.31,M,40.69,M,8.0,0907*74
2021:01:22:14:38:57.416000,1611322737.416,$GPGGA,133857.00,6334.321059,N,01034.403705,E,2,12,0.7,12.33,M,40.69,M,9.0,0907*7C
2021:01:22:14:38:58.416000,1611322738.416,$GPGGA,133858.00,6334.318518,N,01034.401345,E,2,12,0.7,12.30,M,40.69,M,10.0,0907*40
2021:01:22:14:38:59.416000,1611322739.416,$GPGGA,133859.00,6334.315981,N,01034.398976,E,2,12,0.7,12.28,M,40.69,M,11.0,0907*45
2021:01:22:14:39:00.416000,1611322740.416,$GPGGA,133900.00,6334.313469,N,01034.396630,E,2,12,0.7,12.32,M,40.69,M,12.0,0907*4E
2021:01:22:14:39:01.416000,1611322741.416,$GPGGA,133901.00,6334.310918,N,01034.394286,E,2,12,0.7,12.33,M,40.69,M,7.0,0907*79
2021:01:22:14:39:03.417000,1611322743.417,$GPGGA,133903.00,6334.305851,N,01034.389675,E,2,12,0.7,12.32,M,40.69,M,9.0,0907*78
2021:01:22:14:39:04.417000,1611322744.417,$GPGGA,133904.00,6334.303311,N,01034.387372,E,2,12,0.7,12.31,M,40.69,M,10.0,0907*41
2021:01:22:14:39:05.417000,1611322745.417,$GPGGA,133905.00,6334.300773,N,01034.385090,E,2,12,0.7,12.32,M,40.69,M,5.0,0907*79
2021:01:22:14:39:07.416000,1611322747.416,$GPGGA,133907.00,6334.295694,N,01034.380517,E,2,12,0.7,12.33,M,40.69,M,7.0,0907*72
2021:01:22:14:39:08.416000,1611322748.416,$GPGGA,133908.00,6334.293170,N,01034.378206,E,2,12,0.7,12.35,M,40.69,M,8.0,0907*7F
2021:01:22:14:39:09.416000,1611322749.416,$GPGGA,133909.00,6334.290623,N,01034.375846,E,2,12,0.7,12.30,M,40.69,M,9.0,0907*7B
2021:01:22:14:39:11.416000,1611322751.416,$GPGGA,133911.00,6334.285537,N,01034.371326,E,2,12,0.7,12.33,M,40.69,M,6.0,0907*75
2021:01:22:14:39:12.416000,1611322752.416,$GPGGA,133912.00,6334.283015,N,01034.369042,E,2,12,0.7,12.38,M,40.69,M,7.0,0907*77
2021:01:22:14:39:13.416000,1611322753.416,$GPGGA,133913.00,6334.280458,N,01034.366710,E,2,12,0.7,12.36,M,40.69,M,8.0,0907*76
2021:01:22:14:39:14.416000,1611322754.416,$GPGGA,133914.00,6334.277921,N,01034.364390,E,2,12,0.7,12.35,M,40.69,M,9.0,0907*76
2021:01:22:14:39:15.416000,1611322755.416,$GPGGA,133915.00,6334.275366,N,01034.362144,E,2,12,0.7,12.36,M,40.69,M,10.0,0907*4A
2021:01:22:14:39:16.417000,1611322756.417,$GPGGA,133916.00,6334.272802,N,01034.359920,E,2,12,0.7,12.40,M,40.69,M,11.0,0907*45
2021:01:22:14:39:17.417000,1611322757.417,$GPGGA,133917.00,6334.270277,N,01034.357620,E,2,12,0.7,12.39,M,40.69,M,12.0,0907*42
2021:01:22:14:39:19.417000,1611322759.417,$GPGGA,133919.00,6334.265192,N,01034.353033,E,2,12,0.7,12.40,M,40.69,M,9.0,0907*74
2021:01:22:14:39:20.417000,1611322760.417,$GPGGA,133920.00,6334.262653,N,01034.350819,E,2,12,0.7,12.42,M,40.69,M,10.0,0907*4A
2021:01:22:14:39:21.417000,1611322761.417,$GPGGA,133921.00,6334.260080,N,01034.348502,E,2,12,0.7,12.36,M,40.69,M,11.0,0907*4D
2021:01:22:14:39:23.417000,1611322763.417,$GPGGA,133923.00,6334.254978,N,01034.344080,E,2,12,0.7,12.38,M,40.69,M,13.0,0907*49
2021:01:22:14:39:24.417000,1611322764.417,$GPGGA,133924.00,6334.252439,N,01034.341907,E,2,12,0.7,12.40,M,40.69,M,14.0,0907*4B
2021:01:22:14:39:25.417000,1611322765.417,$GPGGA,133925.00,6334.249889,N,01034.339575,E,2,12,0.8,12.30,M,40.69,M,10.0,0907*4D
2021:01:22:14:39:27.417000,1611322767.417,$GPGGA,133927.00,6334.244786,N,01034.335313,E,2,12,0.8,12.35,M,40.69,M,12.0,0907*4F
2021:01:22:14:39:28.417000,1611322768.417,$GPGGA,133928.00,6334.242214,N,01034.333056,E,2,12,0.7,12.31,M,40.69,M,13.0,0907*46
2021:01:22:14:39:29.417000,1611322769.417,$GPGGA,133929.00,6334.239673,N,01034.330796,E,2,12,0.7,12.26,M,40.69,M,14.0,0907*47
2021:01:22:14:39:30.418000,1611322770.418,$GPGGA,133930.00,6334.237118,N,01034.328589,E,2,12,0.7,12.30,M,40.69,M,15.0,0907*48
2021:01:22:14:39:31.418000,1611322771.418,$GPGGA,133931.00,6334.234556,N,01034.326477,E,2,12,0.7,12.34,M,40.69,M,9.0,0907*73
2021:01:22:14:39:32.418000,1611322772.418,$GPGGA,133932.00,6334.232010,N,01034.324324,E,2,12,0.7,12.35,M,40.69,M,10.0,0907*4B
2021:01:22:14:39:33.418000,1611322773.418,$GPGGA,133933.00,6334.229458,N,01034.321970,E,2,12,0.7,12.29,M,40.69,M,11.0,0907*4A
2021:01:22:14:39:34.418000,1611322774.418,$GPGGA,133934.00,6334.226927,N,01034.319748,E,2,12,0.7,12.29,M,40.69,M,12.0,0907*4A
2021:01:22:14:39:35.418000,1611322775.418,$GPGGA,133935.00,6334.224361,N,01034.317528,E,2,12,0.7,12.32,M,40.69,M,8.0,0907*7A
2021:01:22:14:39:36.418000,1611322776.418,$GPGGA,133936.00,6334.221819,N,01034.315345,E,2,12,0.7,12.35,M,40.69,M,9.0,0907*71
2021:01:22:14:39:37.417000,1611322777.417,$GPGGA,133937.00,6334.219276,N,01034.313085,E,2,12,0.7,12.34,M,40.69,M,10.0,0907*48
2021:01:22:14:39:38.417000,1611322778.417,$GPGGA,133938.00,6334.216740,N,01034.310858,E,2,12,0.7,12.33,M,40.69,M,11.0,0907*45
2021:01:22:14:39:39.417000,1611322779.417,$GPGGA,133939.00,6334.214181,N,01034.308562,E,2,12,0.7,12.29,M,40.69,M,12.0,0907*48
2021:01:22:14:39:40.417000,1611322780.417,$GPGGA,133940.00,6334.211611,N,01034.306440,E,2,12,0.7,12.29,M,40.69,M,13.0,0907*43
2021:01:22:14:39:41.417000,1611322781.417,$GPGGA,133941.00,6334.209024,N,01034.304349,E,2,12,0.7,12.29,M,40.69,M,14.0,0907*40
2021:01:22:14:39:42.417000,1611322782.417,$GPGGA,133942.00,6334.206470,N,01034.302159,E,2,12,0.7,12.30,M,40.69,M,9.0,0907*78
2021:01:22:14:39:43.417000,1611322783.417,$GPGGA,133943.00,6334.203931,N,01034.299916,E,2,12,0.7,12.31,M,40.69,M,10.0,0907*4D
2021:01:22:14:39:44.417000,1611322784.417,$GPGGA,133944.00,6334.201376,N,01034.297683,E,2,12,0.7,12.30,M,40.69,M,11.0,0907*4C
2021:01:22:14:39:45.418000,1611322785.418,$GPGGA,133945.00,6334.198820,N,01034.295490,E,2,12,0.7,12.29,M,40.69,M,7.0,0907*7B
2021:01:22:14:39:46.418000,1611322786.418,$GPGGA,133946.00,6334.196252,N,01034.293348,E,2,12,0.7,12.30,M,40.69,M,8.0,0907*7A
2021:01:22:14:39:47.418000,1611322787.418,$GPGGA,133947.00,6334.193682,N,01034.291158,E,2,12,0.7,12.29,M,40.69,M,9.0,0907*7F
2021:01:22:14:39:48.418000,1611322788.418,$GPGGA,133948.00,6334.191149,N,01034.289020,E,2,12,0.7,12.39,M,40.69,M,5.0,0907*78
2021:01:22:14:39:49.419000,1611322789.419,$GPGGA,133949.00,6334.188575,N,01034.286772,E,2,12,0.7,12.38,M,40.69,M,6.0,0907*77
2021:01:22:14:39:50.418000,1611322790.418,$GPGGA,133950.00,6334.186030,N,01034.284646,E,2,12,0.7,12.39,M,40.69,M,7.0,0907*71
2021:01:22:14:39:51.418000,1611322791.418,$GPGGA,133951.00,6334.183450,N,01034.282470,E,2,12,0.7,12.37,M,40.69,M,8.0,0907*77
2021:01:22:14:39:52.418000,1611322792.418,$GPGGA,133952.00,6334.180895,N,01034.280336,E,2,12,0.7,12.39,M,40.69,M,9.0,0907*7A
2021:01:22:14:39:53.418000,1611322793.418,$GPGGA,133953.00,6334.178315,N,01034.278211,E,2,12,0.7,12.39,M,40.69,M,10.0,0907*44
2021:01:22:14:39:54.418000,1611322794.418,$GPGGA,133954.00,6334.175738,N,01034.276030,E,2,12,0.7,12.37,M,40.69,M,11.0,0907*45
2021:01:22:14:39:55.418000,1611322795.418,$GPGGA,133955.00,6334.173190,N,01034.273882,E,2,12,0.7,12.35,M,40.69,M,7.0,0907*77
2021:01:22:14:39:56.418000,1611322796.418,$GPGGA,133956.00,6334.170624,N,01034.271715,E,2,12,0.7,12.37,M,40.69,M,8.0,0907*71
2021:01:22:14:39:57.418000,1611322797.418,$GPGGA,133957.00,6334.168086,N,01034.269556,E,2,12,0.7,12.41,M,40.69,M,9.0,0907*7B
2021:01:22:14:39:58.418000,1611322798.418,$GPGGA,133958.00,6334.165518,N,01034.267284,E,2,12,0.7,12.34,M,40.69,M,5.0,0907*73
2021:01:22:14:39:59.418000,1611322799.418,$GPGGA,133959.00,6334.162967,N,01034.265086,E,2,12,0.7,12.30,M,40.69,M,6.0,0907*74
2021:01:22:14:40:00.419000,1611322800.419,$GPGGA,134000.00,6334.160408,N,01034.262878,E,2,12,0.7,12.34,M,40.69,M,7.0,0907*7B
2021:01:22:14:40:01.419000,1611322801.419,$GPGGA,134001.00,6334.157854,N,01034.260735,E,2,12,0.7,12.37,M,40.69,M,8.0,0907*73
2021:01:22:14:40:02.419000,1611322802.419,$GPGGA,134002.00,6334.155319,N,01034.258535,E,2,12,0.7,12.42,M,40.69,M,9.0,0907*7A
2021:01:22:14:40:03.419000,1611322803.419,$GPGGA,134003.00,6334.152793,N,01034.256217,E,2,12,0.7,12.38,M,40.69,M,10.0,0907*46
2021:01:22:14:40:04.419000,1611322804.419,$GPGGA,134004.00,6334.150261,N,01034.253906,E,2,12,0.7,12.35,M,40.69,M,11.0,0907*49
2021:01:22:14:40:05.419000,1611322805.419,$GPGGA,134005.00,6334.147695,N,01034.251743,E,2,12,0.7,12.35,M,40.69,M,12.0,0907*4F
2021:01:22:14:40:06.419000,1611322806.419,$GPGGA,134006.00,6334.145144,N,01034.249687,E,2,12,0.7,12.37,M,40.69,M,7.0,0907*73
2021:01:22:14:40:07.418000,1611322807.418,$GPGGA,134007.00,6334.142612,N,01034.247450,E,2,12,0.7,12.39,M,40.69,M,8.0,0907*76
2021:01:22:14:40:09.418000,1611322809.418,$GPGGA,134009.00,6334.137600,N,01034.242827,E,2,12,0.7,12.39,M,40.69,M,5.0,0907*7D
2021:01:22:14:40:10.418000,1611322810.418,$GPGGA,134010.00,6334.135053,N,01034.240624,E,2,12,0.7,12.40,M,40.69,M,6.0,0907*75
2021:01:22:14:40:11.418000,1611322811.418,$GPGGA,134011.00,6334.132503,N,01034.238454,E,2,12,0.7,12.35,M,40.69,M,7.0,0907*7A
2021:01:22:14:40:13.418000,1611322813.418,$GPGGA,134013.00,6334.127467,N,01034.233952,E,2,12,0.7,12.34,M,40.69,M,9.0,0907*70
2021:01:22:14:40:14.419000,1611322814.419,$GPGGA,134014.00,6334.124958,N,01034.231718,E,2,12,0.7,12.40,M,40.69,M,10.0,0907*4C
2021:01:22:14:40:15.419000,1611322815.419,$GPGGA,134015.00,6334.122424,N,01034.229443,E,2,12,0.7,12.35,M,40.69,M,6.0,0907*7C
2021:01:22:14:40:17.419000,1611322817.419,$GPGGA,134017.00,6334.117415,N,01034.224910,E,2,12,0.7,12.35,M,40.70,M,8.0,0907*7A
2021:01:22:14:40:18.419000,1611322818.419,$GPGGA,134018.00,6334.114899,N,01034.222702,E,2,12,0.7,12.37,M,40.70,M,9.0,0907*76
2021:01:22:14:40:19.419000,1611322819.419,$GPGGA,134019.00,6334.112385,N,01034.220357,E,2,12,0.7,12.33,M,40.70,M,10.0,0907*4D
2021:01:22:14:40:21.419000,1611322821.419,$GPGGA,134021.00,6334.107394,N,01034.215804,E,2,12,0.7,12.33,M,40.70,M,12.0,0907*4B
2021:01:22:14:40:22.419000,1611322822.419,$GPGGA,134022.00,6334.104882,N,01034.213576,E,2,12,0.7,12.34,M,40.70,M,13.0,0907*4F
2021:01:22:14:40:23.419000,1611322823.419,$GPGGA,134023.00,6334.102393,N,01034.211277,E,2,12,0.7,12.33,M,40.70,M,14.0,0907*47
2021:01:22:14:40:24.419000,1611322824.419,$GPGGA,134024.00,6334.099864,N,01034.208969,E,2,12,0.7,12.30,M,40.70,M,15.0,0907*4E
2021:01:22:14:40:25.419000,1611322825.419,$GPGGA,134025.00,6334.097381,N,01034.206649,E,2,12,0.7,12.30,M,40.70,M,10.0,0907*47
2021:01:22:14:40:26.419000,1611322826.419,$GPGGA,134026.00,6334.094876,N,01034.204290,E,2,12,0.7,12.33,M,40.70,M,11.0,0907*44
2021:01:22:14:40:27.419000,1611322827.419,$GPGGA,134027.00,6334.092381,N,01034.202025,E,2,12,0.7,12.37,M,40.70,M,12.0,0907*4D
2021:01:22:14:40:29.420000,1611322829.42,$GPGGA,134029.00,6334.087405,N,01034.197404,E,2,12,0.7,12.37,M,40.70,M,9.0,0907*7E
2021:01:22:14:40:30.420000,1611322830.42,$GPGGA,134030.00,6334.084899,N,01034.195136,E,2,12,0.7,12.35,M,40.70,M,10.0,0907*40
2021:01:22:14:40:31.420000,1611322831.42,$GPGGA,134031.00,6334.082380,N,01034.192851,E,2,12,0.7,12.34,M,40.70,M,11.0,0907*4B
2021:01:22:14:40:33.420000,1611322833.42,$GPGGA,134033.00,6334.077391,N,01034.188335,E,2,12,0.7,12.37,M,40.70,M,8.0,0907*7A
2021:01:22:14:40:34.420000,1611322834.42,$GPGGA,134034.00,6334.074916,N,01034.185945,E,2,12,0.7,12.36,M,40.70,M,9.0,0907*7B
2021:01:22:14:40:35.420000,1611322835.42,$GPGGA,134035.00,6334.072419,N,01034.183570,E,2,12,0.7,12.33,M,40.70,M,10.0,0907*4F
2021:01:22:14:40:37.419000,1611322837.419,$GPGGA,134037.00,6334.067394,N,01034.179197,E,2,12,0.7,12.34,M,40.70,M,12.0,0907*46
2021:01:22:14:40:38.420000,1611322838.42,$GPGGA,134038.00,6334.064876,N,01034.176951,E,2,12,0.7,12.34,M,40.70,M,13.0,0907*41
2021:01:22:14:40:39.419000,1611322839.419,$GPGGA,134039.00,6334.062372,N,01034.174666,E,2,12,0.7,12.30,M,40.70,M,8.0,0907*7E
2021:01:22:14:40:41.419000,1611322841.419,$GPGGA,134041.00,6334.057342,N,01034.170241,E,2,12,0.7,12.34,M,40.70,M,10.0,0907*4C
2021:01:22:14:40:42.419000,1611322842.419,$GPGGA,134042.00,6334.054813,N,01034.168078,E,2,12,0.7,12.30,M,40.70,M,11.0,0907*47
2021:01:22:14:40:43.420000,1611322843.42,$GPGGA,134043.00,6334.052319,N,01034.165931,E,2,12,0.7,12.37,M,40.70,M,7.0,0907*78
2021:01:22:14:40:44.420000,1611322844.42,$GPGGA,134044.00,6334.049787,N,01034.163726,E,2,12,0.7,12.37,M,40.70,M,8.0,0907*77
2021:01:22:14:40:45.420000,1611322845.42,$GPGGA,134045.00,6334.047264,N,01034.161565,E,2,12,0.7,12.32,M,40.70,M,4.0,0907*7E
2021:01:22:14:40:46.420000,1611322846.42,$GPGGA,134046.00,6334.044750,N,01034.159488,E,2,12,0.7,12.37,M,40.70,M,5.0,0907*71
2021:01:22:14:40:47.420000,1611322847.42,$GPGGA,134047.00,6334.042204,N,01034.157400,E,2,12,0.7,12.37,M,40.70,M,6.0,0907*7F
2021:01:22:14:40:48.420000,1611322848.42,$GPGGA,134048.00,6334.039713,N,01034.155303,E,2,12,0.7,12.38,M,40.70,M,7.0,0907*77
2021:01:22:14:40:49.420000,1611322849.42,$GPGGA,134049.00,6334.037185,N,01034.153085,E,2,12,0.7,12.35,M,40.70,M,8.0,0907*78
2021:01:22:14:40:50.420000,1611322850.42,$GPGGA,134050.00,6334.034658,N,01034.151018,E,2,12,0.7,12.37,M,40.70,M,9.0,0907*71
2021:01:22:14:40:51.420000,1611322851.42,$GPGGA,134051.00,6334.032110,N,01034.148856,E,2,12,0.7,12.34,M,40.70,M,10.0,0907*4C
2021:01:22:14:40:52.420000,1611322852.42,$GPGGA,134052.00,6334.029583,N,01034.146790,E,2,12,0.7,12.33,M,40.70,M,11.0,0907*46
2021:01:22:14:40:53.420000,1611322853.42,$GPGGA,134053.00,6334.027055,N,01034.144661,E,2,12,0.7,12.36,M,40.70,M,6.0,0907*79
2021:01:22:14:40:54.420000,1611322854.42,$GPGGA,134054.00,6334.024531,N,01034.142512,E,2,12,0.7,12.35,M,40.70,M,7.0,0907*79
2021:01:22:14:40:55.420000,1611322855.42,$GPGGA,134055.00,6334.022002,N,01034.140400,E,2,12,0.7,12.37,M,40.70,M,8.0,0907*76
2021:01:22:14:40:56.420000,1611322856.42,$GPGGA,134056.00,6334.019468,N,01034.138251,E,2,12,0.7,12.35,M,40.70,M,9.0,0907*7B
2021:01:22:14:40:57.420000,1611322857.42,$GPGGA,134057.00,6334.016947,N,01034.136103,E,2,12,0.7,12.33,M,40.70,M,10.0,0907*41
2021:01:22:14:40:58.421000,1611322858.421,$GPGGA,134058.00,6334.014421,N,01034.133899,E,2,12,0.7,12.34,M,40.70,M,11.0,0907*48
2021:01:22:14:40:59.421000,1611322859.421,$GPGGA,134059.00,6334.011897,N,01034.131915,E,2,12,0.7,12.42,M,40.70,M,7.0,0907*7C
2021:01:22:14:41:00.421000,1611322860.421,$GPGGA,134100.00,6334.009332,N,01034.129876,E,2,12,0.7,12.42,M,40.70,M,8.0,0907*7E
2021:01:22:14:41:01.421000,1611322861.421,$GPGGA,134101.00,6334.006805,N,01034.127734,E,2,12,0.7,12.36,M,40.70,M,9.0,0907*7A
2021:01:22:14:41:02.421000,1611322862.421,$GPGGA,134102.00,6334.004276,N,01034.125691,E,2,12,0.7,12.37,M,40.70,M,5.0,0907*74
2021:01:22:14:41:03.421000,1611322863.421,$GPGGA,134103.00,6334.001706,N,01034.123776,E,2,12,0.7,12.43,M,40.70,M,6.0,0907*7C
2021:01:22:14:41:04.421000,1611322864.421,$GPGGA,134104.00,6333.999151,N,01034.121804,E,2,12,0.7,12.44,M,40.70,M,7.0,0907*7E
2021:01:22:14:41:05.421000,1611322865.421,$GPGGA,134105.00,6333.996600,N,01034.119551,E,2,12,0.7,12.37,M,40.70,M,8.0,0907*7E
2021:01:22:14:41:07.421000,1611322867.421,$GPGGA,134107.00,6333.991524,N,01034.115382,E,2,12,0.7,12.42,M,40.70,M,10.0,0907*41
2021:01:22:14:41:08.420000,1611322868.42,$GPGGA,134108.00,6333.988976,N,01034.113289,E,2,12,0.7,12.45,M,40.70,M,11.0,0907*47
2021:01:22:14:41:09.420000,1611322869.42,$GPGGA,134109.00,6333.986397,N,01034.111187,E,2,12,0.7,12.38,M,40.70,M,7.0,0907*7F
2021:01:22:14:41:11.420000,1611322871.42,$GPGGA,134111.00,6333.981326,N,01034.106816,E,2,12,0.7,12.35,M,40.70,M,9.0,0907*7F
2021:01:22:14:41:12.420000,1611322872.42,$GPGGA,134112.00,6333.978789,N,01034.104664,E,2,12,0.7,12.38,M,40.70,M,5.0,0907*73
2021:01:22:14:41:13.421000,1611322873.421,$GPGGA,134113.00,6333.976242,N,01034.102600,E,2,12,0.7,12.40,M,40.70,M,6.0,0907*76
2021:01:22:14:41:14.421000,1611322874.421,$GPGGA,134114.00,6333.973669,N,01034.100442,E,2,12,0.7,12.36,M,40.70,M,7.0,0907*7F
2021:01:22:14:41:15.421000,1611322875.421,$GPGGA,134115.00,6333.971120,N,01034.098310,E,2,12,0.7,12.32,M,40.70,M,8.0,0907*7D
2021:01:22:14:41:16.421000,1611322876.421,$GPGGA,134116.00,6333.968589,N,01034.096236,E,2,12,0.7,12.40,M,40.70,M,9.0,0907*7E
2021:01:22:14:41:17.421000,1611322877.421,$GPGGA,134117.00,6333.966020,N,01034.094112,E,2,12,0.7,12.41,M,40.70,M,10.0,0907*49
2021:01:22:14:41:18.421000,1611322878.421,$GPGGA,134118.00,6333.963456,N,01034.091991,E,2,12,0.7,12.38,M,40.70,M,5.0,0907*7A
2021:01:22:14:41:19.421000,1611322879.421,$GPGGA,134119.00,6333.960926,N,01034.089861,E,2,12,0.7,12.38,M,40.70,M,6.0,0907*76
2021:01:22:14:41:20.421000,1611322880.421,$GPGGA,134120.00,6333.958355,N,01034.087767,E,2,12,0.7,12.36,M,40.70,M,7.0,0907*71
2021:01:22:14:41:21.421000,1611322881.421,$GPGGA,134121.00,6333.955828,N,01034.085734,E,2,12,0.7,12.39,M,40.70,M,8.0,0907*78
2021:01:22:14:41:23.421000,1611322883.421,$GPGGA,134123.00,6333.950682,N,01034.081585,E,2,12,0.7,12.35,M,40.70,M,10.0,0907*48
2021:01:22:14:41:24.421000,1611322884.421,$GPGGA,134124.00,6333.948145,N,01034.079571,E,2,12,0.7,12.40,M,40.70,M,11.0,0907*45
2021:01:22:14:41:25.421000,1611322885.421,$GPGGA,134125.00,6333.945574,N,01034.077430,E,2,12,0.7,12.40,M,40.70,M,12.0,0907*46
2021:01:22:14:41:27.422000,1611322887.422,$GPGGA,134127.00,6333.940468,N,01034.073151,E,2,12,0.7,12.33,M,40.70,M,14.0,0907*49
2021:01:22:14:41:28.422000,1611322888.422,$GPGGA,134128.00,6333.937914,N,01034.071122,E,2,12,0.7,12.34,M,40.70,M,15.0,0907*40
2021:01:22:14:41:29.422000,1611322889.422,$GPGGA,134129.00,6333.935343,N,01034.069104,E,2,12,0.7,12.31,M,40.70,M,16.0,0907*40
2021:01:22:14:41:31.422000,1611322891.422,$GPGGA,134131.00,6333.930231,N,01034.065027,E,2,12,0.7,12.32,M,40.70,M,18.0,0907*49
2021:01:22:14:41:32.422000,1611322892.422,$GPGGA,134132.00,6333.927701,N,01034.063016,E,2,12,0.7,12.33,M,40.70,M,9.0,0907*7F
2021:01:22:14:41:33.422000,1611322893.422,$GPGGA,134133.00,6333.925159,N,01034.060852,E,2,12,0.7,12.31,M,40.70,M,10.0,0907*46
2021:01:22:14:41:34.422000,1611322894.422,$GPGGA,134134.00,6333.922604,N,01034.058800,E,2,12,0.7,12.28,M,40.70,M,11.0,0907*4C
2021:01:22:14:41:35.422000,1611322895.422,$GPGGA,134135.00,6333.920068,N,01034.056647,E,2,12,0.7,12.29,M,40.70,M,12.0,0907*42
2021:01:22:14:41:36.422000,1611322896.422,$GPGGA,134136.00,6333.917558,N,01034.054491,E,2,12,0.7,12.32,M,40.70,M,8.0,0907*79
2021:01:22:14:41:37.422000,1611322897.422,$GPGGA,134137.00,6333.915012,N,01034.052308,E,2,12,0.7,12.29,M,40.70,M,9.0,0907*7B
2021:01:22:14:41:39.422000,1611322899.422,$GPGGA,134139.00,6333.909919,N,01034.048141,E,2,12,0.7,12.34,M,40.70,M,5.0,0907*7E
2021:01:22:14:41:40.421000,1611322900.421,$GPGGA,134140.00,6333.907371,N,01034.046107,E,2,12,0.7,12.37,M,40.70,M,6.0,0907*76
2021:01:22:14:41:41.421000,1611322901.421,$GPGGA,134141.00,6333.904829,N,01034.044019,E,2,12,0.7,12.38,M,40.70,M,7.0,0907*70
2021:01:22:14:41:43.422000,1611322903.422,$GPGGA,134143.00,6333.899751,N,01034.039611,E,2,12,0.7,12.32,M,40.70,M,9.0,0907*77
2021:01:22:14:41:44.422000,1611322904.422,$GPGGA,134144.00,6333.897201,N,01034.037595,E,2,12,0.7,12.37,M,40.70,M,10.0,0907*42
2021:01:22:14:41:45.422000,1611322905.422,$GPGGA,134145.00,6333.894631,N,01034.035501,E,2,12,0.7,12.36,M,40.70,M,11.0,0907*48
2021:01:22:14:41:46.422000,1611322906.422,$GPGGA,134146.00,6333.892080,N,01034.033419,E,2,12,0.7,12.32,M,40.70,M,7.0,0907*7C
2021:01:22:14:41:47.422000,1611322907.422,$GPGGA,134147.00,6333.889551,N,01034.031361,E,2,12,0.7,12.36,M,40.70,M,8.0,0907*7F
2021:01:22:14:41:48.422000,1611322908.422,$GPGGA,134148.00,6333.886967,N,01034.029239,E,2,12,0.7,12.34,M,40.70,M,9.0,0907*70
2021:01:22:14:41:49.422000,1611322909.422,$GPGGA,134149.00,6333.884447,N,01034.027179,E,2,12,0.7,12.34,M,40.70,M,10.0,0907*4D
2021:01:22:14:41:50.422000,1611322910.422,$GPGGA,134150.00,6333.881891,N,01034.025058,E,2,12,0.7,12.34,M,40.70,M,11.0,0907*46
2021:01:22:14:41:51.422000,1611322911.422,$GPGGA,134151.00,6333.879329,N,01034.022978,E,2,12,0.7,12.34,M,40.70,M,12.0,0907*47
2021:01:22:14:41:52.422000,1611322912.422,$GPGGA,134152.00,6333.876773,N,01034.020948,E,2,12,0.7,12.34,M,40.70,M,13.0,0907*40
2021:01:22:14:41:53.422000,1611322913.422,$GPGGA,134153.00,6333.874224,N,01034.018820,E,2,12,0.7,12.34,M,40.70,M,9.0,0907*7B
2021:01:22:14:41:54.422000,1611322914.422,$GPGGA,134154.00,6333.871666,N,01034.016773,E,2,12,0.7,12.33,M,40.70,M,10.0,0907*43
2021:01:22:14:41:55.422000,1611322915.422,$GPGGA,134155.00,6333.869097,N,01034.014750,E,2,12,0.7,12.37,M,40.70,M,6.0,0907*73
2021:01:22:14:41:56.422000,1611322916.422,$GPGGA,134156.00,6333.866517,N,01034.012800,E,2,12,0.7,12.38,M,40.70,M,7.0,0907*70
2021:01:22:14:41:57.423000,1611322917.423,$GPGGA,134157.00,6333.863950,N,01034.010751,E,2,12,0.7,12.38,M,40.70,M,8.0,0907*7D
2021:01:22:14:41:58.423000,1611322918.423,$GPGGA,134158.00,6333.861403,N,01034.008787,E,2,12,0.7,12.41,M,40.70,M,9.0,0907*76
2021:01:22:14:41:59.423000,1611322919.423,$GPGGA,134159.00,6333.858818,N,01034.006776,E,2,12,0.7,12.38,M,40.70,M,5.0,0907*79
2021:01:22:14:42:00.423000,1611322920.423,$GPGGA,134200.00,6333.856289,N,01034.004728,E,2,12,0.7,12.37,M,40.70,M,6.0,0907*7F
2021:01:22:14:42:01.423000,1611322921.423,$GPGGA,134201.00,6333.853694,N,01034.002712,E,2,12,0.7,12.34,M,40.70,M,7.0,0907*7E
2021:01:22:14:42:02.423000,1611322922.423,$GPGGA,134202.00,6333.851130,N,01034.000801,E,2,12,0.7,12.37,M,40.70,M,8.0,0907*75
2021:01:22:14:42:03.423000,1611322923.423,$GPGGA,134203.00,6333.848563,N,01033.998799,E,2,12,0.7,12.39,M,40.70,M,9.0,0907*70
2021:01:22:14:42:04.423000,1611322924.423,$GPGGA,134204.00,6333.846021,N,01033.996671,E,2,12,0.7,12.38,M,40.70,M,10.0,0907*4A
2021:01:22:14:42:05.423000,1611322925.423,$GPGGA,134205.00,6333.843461,N,01033.994499,E,2,12,0.7,12.36,M,40.70,M,11.0,0907*47
2021:01:22:14:42:06.423000,1611322926.423,$GPGGA,134206.00,6333.840896,N,01033.992430,E,2,12,0.7,12.36,M,40.70,M,12.0,0907*45
2021:01:22:14:42:07.423000,1611322927.423,$GPGGA,134207.00,6333.838308,N,01033.990435,E,2,12,0.7,12.32,M,40.70,M,7.0,0907*70
2021:01:22:14:42:09.423000,1611322929.423,$GPGGA,134209.00,6333.833209,N,01033.985977,E,2,12,0.7,12.31,M,40.70,M,4.0,0907*7A
2021:01:22:14:42:10.422000,1611322930.422,$GPGGA,134210.00,6333.830669,N,01033.983794,E,2,12,0.7,12.32,M,40.70,M,5.0,0907*74
2021:01:22:14:42:11.423000,1611322931.423,$GPGGA,134211.00,6333.828101,N,01033.981556,E,2,12,0.7,12.31,M,40.70,M,6.0,0907*7B
2021:01:22:14:42:12.423000,1611322932.423,$GPGGA,134212.00,6333.825521,N,01033.979446,E,2,12,0.7,12.26,M,40.70,M,7.0,0907*73
2021:01:22:14:42:13.423000,1611322933.423,$GPGGA,134213.00,6333.822960,N,01033.977429,E,2,12,0.7,12.29,M,40.70,M,8.0,0907*7B
2021:01:22:14:42:14.423000,1611322934.423,$GPGGA,134214.00,6333.820407,N,01033.975204,E,2,12,0.7,12.36,M,40.70,M,9.0,0907*76
2021:01:22:14:42:15.423000,1611322935.423,$GPGGA,134215.00,6333.817810,N,01033.973010,E,2,12,0.7,12.28,M,40.70,M,10.0,0907*4F
2021:01:22:14:42:16.423000,1611322936.423,$GPGGA,134216.00,6333.815289,N,01033.970924,E,2,12,0.7,12.32,M,40.70,M,6.0,0907*75
2021:01:22:14:42:17.423000,1611322937.423,$GPGGA,134217.00,6333.812702,N,01033.968860,E,2,12,0.7,12.37,M,40.70,M,7.0,0907*79
2021:01:22:14:42:18.423000,1611322938.423,$GPGGA,134218.00,6333.810131,N,01033.966779,E,2,12,0.7,12.35,M,40.70,M,8.0,0907*76
2021:01:22:14:42:19.423000,1611322939.423,$GPGGA,134219.00,6333.807570,N,01033.964808,E,2,12,0.7,12.32,M,40.70,M,9.0,0907*7D
2021:01:22:14:42:21.423000,1611322941.423,$GPGGA,134221.00,6333.802425,N,01033.960778,E,2,12,0.7,12.37,M,40.70,M,11.0,0907*42
2021:01:22:14:42:22.423000,1611322942.423,$GPGGA,134222.00,6333.799867,N,01033.958798,E,2,12,0.7,12.39,M,40.70,M,12.0,0907*4E
2021:01:22:14:42:23.423000,1611322943.423,$GPGGA,134223.00,6333.797252,N,01033.956893,E,2,12,0.7,12.34,M,40.70,M,13.0,0907*4B
2021:01:22:14:42:24.423000,1611322944.423,$GPGGA,134224.00,6333.794711,N,01033.954866,E,2,12,0.7,12.36,M,40.70,M,14.0,0907*40
2021:01:22:14:42:25.423000,1611322945.423,$GPGGA,134225.00,6333.792136,N,01033.952802,E,2,12,0.7,12.39,M,40.70,M,15.0,0907*4E
2021:01:22:14:42:26.424000,1611322946.424,$GPGGA,134226.00,6333.789573,N,01033.950827,E,2,12,0.7,12.35,M,40.70,M,9.0,0907*76
2021:01:22:14:42:27.424000,1611322947.424,$GPGGA,134227.00,6333.787016,N,01033.948814,E,2,12,0.7,12.38,M,40.70,M,10.0,0907*43
2021:01:22:14:42:29.424000,1611322949.424,$GPGGA,134229.00,6333.781906,N,01033.944622,E,2,12,0.7,12.38,M,40.70,M,12.0,0907*46
2021:01:22:14:42:30.424000,1611322950.424,$GPGGA,134230.00,6333.779346,N,01033.942412,E,2,12,0.7,12.36,M,40.70,M,8.0,0907*75
2021:01:22:14:42:31.424000,1611322951.424,$GPGGA,134231.00,6333.776814,N,01033.940299,E,2,12,0.7,12.39,M,40.70,M,9.0,0907*7E
2021:01:22:14:42:33.424000,1611322953.424,$GPGGA,134233.00,6333.771708,N,01033.935867,E,2,12,0.7,12.31,M,40.70,M,6.0,0907*77
2021:01:22:14:42:34.424000,1611322954.424,$GPGGA,134234.00,6333.769160,N,01033.933815,E,2,12,0.7,12.32,M,40.70,M,7.0,0907*70
2021:01:22:14:42:35.424000,1611322955.424,$GPGGA,134235.00,6333.766639,N,01033.931801,E,2,12,0.7,12.42,M,40.70,M,8.0,0907*7A
2021:01:22:14:42:36.424000,1611322956.424,$GPGGA,134236.00,6333.764053,N,01033.929563,E,2,12,0.7,12.33,M,40.70,M,9.0,0907*76
2021:01:22:14:42:37.424000,1611322957.424,$GPGGA,134237.00,6333.761599,N,01033.927176,E,2,12,0.7,12.29,M,40.70,M,10.0,0907*4C
2021:01:22:14:42:38.424000,1611322958.424,$GPGGA,134238.00,6333.759063,N,01033.924990,E,2,12,0.7,12.34,M,40.70,M,11.0,0907*46
2021:01:22:14:42:39.424000,1611322959.424,$GPGGA,134239.00,6333.756491,N,01033.922997,E,2,12,0.7,12.33,M,40.70,M,12.0,0907*44
2021:01:22:14:42:41.424000,1611322961.424,$GPGGA,134241.00,6333.751467,N,01033.918420,E,2,12,0.7,12.33,M,40.70,M,9.0,0907*77
2021:01:22:14:42:42.424000,1611322962.424,$GPGGA,134242.00,6333.748978,N,01033.916189,E,2,12,0.7,12.34,M,40.70,M,10.0,0907*48
2021:01:22:14:42:43.424000,1611322963.424,$GPGGA,134243.00,6333.746423,N,01033.914009,E,2,12,0.7,12.30,M,40.70,M,11.0,0907*4A
2021:01:22:14:42:44.424000,1611322964.424,$GPGGA,134244.00,6333.743888,N,01033.911885,E,2,12,0.7,12.33,M,40.70,M,7.0,0907*78
2021:01:22:14:42:45.424000,1611322965.424,$GPGGA,134245.00,6333.741358,N,01033.909826,E,2,12,0.7,12.37,M,40.70,M,8.0,0907*76
2021:01:22:14:42:46.424000,1611322966.424,$GPGGA,134246.00,6333.738833,N,01033.907735,E,2,12,0.7,12.34,M,40.70,M,9.0,0907*7C
2021:01:22:14:42:47.424000,1611322967.424,$GPGGA,134247.00,6333.736301,N,01033.905482,E,2,12,0.7,12.29,M,40.70,M,10.0,0907*40
2021:01:22:14:42:48.424000,1611322968.424,$GPGGA,134248.00,6333.733790,N,01033.903276,E,2,12,0.7,12.32,M,40.70,M,11.0,0907*46
2021:01:22:14:42:49.424000,1611322969.424,$GPGGA,134249.00,6333.731266,N,01033.901223,E,2,12,0.7,12.38,M,40.70,M,12.0,0907*42
2021:01:22:14:42:50.424000,1611322970.424,$GPGGA,134250.00,6333.728681,N,01033.899456,E,2,12,0.7,12.31,M,40.70,M,7.0,0907*76
2021:01:22:14:42:51.424000,1611322971.424,$GPGGA,134251.00,6333.726145,N,01033.897833,E,2,12,0.7,12.33,M,40.70,M,8.0,0907*7A
2021:01:22:14:42:52.424000,1611322972.424,$GPGGA,134252.00,6333.723569,N,01033.896246,E,2,12,0.7,12.39,M,40.70,M,9.0,0907*74
2021:01:22:14:42:53.424000,1611322973.424,$GPGGA,134253.00,6333.720981,N,01033.894939,E,2,12,0.7,12.35,M,40.70,M,5.0,0907*7D
2021:01:22:14:42:54.424000,1611322974.424,$GPGGA,134254.00,6333.718452,N,01033.893665,E,2,12,0.7,12.39,M,40.70,M,6.0,0907*7C
2021:01:22:14:42:55.424000,1611322975.424,$GPGGA,134255.00,6333.715842,N,01033.892455,E,2,12,0.7,12.37,M,40.70,M,7.0,0907*72
2021:01:22:14:42:56.425000,1611322976.425,$GPGGA,134256.00,6333.713309,N,01033.891468,E,2,12,0.7,12.38,M,40.70,M,8.0,0907*7E
2021:01:22:14:42:57.425000,1611322977.425,$GPGGA,134257.00,6333.710722,N,01033.890622,E,2,12,0.7,12.37,M,40.70,M,9.0,0907*72
2021:01:22:14:42:58.425000,1611322978.425,$GPGGA,134258.00,6333.708141,N,01033.889953,E,2,12,0.7,12.35,M,40.70,M,10.0,0907*4C
2021:01:22:14:42:59.425000,1611322979.425,$GPGGA,134259.00,6333.705608,N,01033.889390,E,2,12,0.7,12.39,M,40.70,M,11.0,0907*42
2021:01:22:14:43:00.425000,1611322980.425,$GPGGA,134300.00,6333.703030,N,01033.888992,E,2,12,0.7,12.40,M,40.70,M,7.0,0907*74
2021:01:22:14:43:01.425000,1611322981.425,$GPGGA,134301.00,6333.700501,N,01033.888720,E,2,12,0.7,12.41,M,40.70,M,8.0,0907*78
2021:01:22:14:43:02.425000,1611322982.425,$GPGGA,134302.00,6333.697909,N,01033.888425,E,2,12,0.7,12.39,M,40.70,M,9.0,0907*78
2021:01:22:14:43:03.425000,1611322983.425,$GPGGA,134303.00,6333.695345,N,01033.888420,E,2,12,0.7,12.37,M,40.70,M,10.0,0907*4A
2021:01:22:14:43:04.425000,1611322984.425,$GPGGA,134304.00,6333.692813,N,01033.888554,E,2,12,0.7,12.42,M,40.70,M,6.0,0907*75
2021:01:22:14:43:05.425000,1611322985.425,$GPGGA,134305.00,6333.690241,N,01033.888584,E,2,12,0.7,12.41,M,40.70,M,7.0,0907*74
2021:01:22:14:43:06.425000,1611322986.425,$GPGGA,134306.00,6333.687700,N,01033.888722,E,2,12,0.7,12.37,M,40.70,M,8.0,0907*71
2021:01:22:14:43:07.425000,1611322987.425,$GPGGA,134307.00,6333.685133,N,01033.888987,E,2,12,0.7,12.38,M,40.70,M,9.0,0907*7B
2021:01:22:14:43:08.425000,1611322988.425,$GPGGA,134308.00,6333.682562,N,01033.889345,E,2,12,0.7,12.35,M,40.70,M,10.0,0907*43
2021:01:22:14:43:09.425000,1611322989.425,$GPGGA,134309.00,6333.680043,N,01033.889796,E,2,12,0.7,12.38,M,40.70,M,11.0,0907*40
2021:01:22:14:43:11.426000,1611322991.426,$GPGGA,134311.00,6333.674945,N,01033.890606,E,2,12,0.7,12.39,M,40.70,M,8.0,0907*74
2021:01:22:14:43:12.426000,1611322992.426,$GPGGA,134312.00,6333.672364,N,01033.891100,E,2,12,0.7,12.36,M,40.70,M,9.0,0907*76
2021:01:22:14:43:13.425000,1611322993.425,$GPGGA,134313.00,6333.669807,N,01033.891797,E,2,12,0.7,12.38,M,40.70,M,4.0,0907*78
2021:01:22:14:43:14.425000,1611322994.425,$GPGGA,134314.00,6333.667283,N,01033.892518,E,2,12,0.7,12.40,M,40.70,M,5.0,0907*7F
2021:01:22:14:43:15.426000,1611322995.426,$GPGGA,134315.00,6333.664717,N,01033.893162,E,2,12,0.7,12.38,M,40.70,M,6.0,0907*71
2021:01:22:14:43:16.425000,1611322996.425,$GPGGA,134316.00,6333.662173,N,01033.893793,E,2,12,0.7,12.39,M,40.70,M,7.0,0907*78
2021:01:22:14:43:17.425000,1611322997.425,$GPGGA,134317.00,6333.659580,N,01033.894482,E,2,12,0.7,12.36,M,40.70,M,8.0,0907*7D
2021:01:22:14:43:19.425000,1611322999.425,$GPGGA,134319.00,6333.654483,N,01033.896146,E,2,12,0.7,12.39,M,40.70,M,10.0,0907*45
2021:01:22:14:43:20.425000,1611323000.425,$GPGGA,134320.00,6333.651903,N,01033.896848,E,2,12,0.7,12.37,M,40.70,M,11.0,0907*47
2021:01:22:14:43:21.425000,1611323001.425,$GPGGA,134321.00,6333.649335,N,01033.897597,E,2,12,0.7,12.37,M,40.70,M,12.0,0907*4D
2021:01:22:14:43:23.425000,1611323003.425,$GPGGA,134323.00,6333.644175,N,01033.899306,E,2,12,0.7,12.37,M,40.70,M,9.0,0907*7E
2021:01:22:14:43:24.425000,1611323004.425,$GPGGA,134324.00,6333.641611,N,01033.900211,E,2,12,0.7,12.42,M,40.70,M,10.0,0907*45
2021:01:22:14:43:25.426000,1611323005.426,$GPGGA,134325.00,6333.639038,N,01033.900937,E,2,12,0.7,12.41,M,40.70,M,11.0,0907*4B
2021:01:22:14:43:26.426000,1611323006.426,$GPGGA,134326.00,6333.636444,N,01033.901753,E,2,12,0.7,12.38,M,40.70,M,12.0,0907*48
2021:01:22:14:43:27.426000,1611323007.426,$GPGGA,134327.00,6333.633851,N,01033.902608,E,2,12,0.7,12.36,M,40.70,M,13.0,0907*47
2021:01:22:14:43:28.426000,1611323008.426,$GPGGA,134328.00,6333.631282,N,01033.903564,E,2,12,0.7,12.39,M,40.70,M,14.0,0907*4E
2021:01:22:14:43:29.426000,1611323009.426,$GPGGA,134329.00,6333.628674,N,01033.904507,E,2,12,0.7,12.38,M,40.70,M,15.0,0907*48
2021:01:22:14:43:31.426000,1611323011.426,$GPGGA,134331.00,6333.623502,N,01033.906066,E,2,12,0.7,12.44,M,40.70,M,17.0,0907*41
2021:01:22:14:43:32.426000,1611323012.426,$GPGGA,134332.00,6333.620909,N,01033.906804,E,2,12,0.7,12.40,M,40.70,M,18.0,0907*41
2021:01:22:14:43:33.426000,1611323013.426,$GPGGA,134333.00,6333.618294,N,01033.907704,E,2,12,0.7,12.35,M,40.70,M,7.0,0907*76
2021:01:22:14:43:34.426000,1611323014.426,$GPGGA,134334.00,6333.615717,N,01033.908574,E,2,12,0.7,12.37,M,40.70,M,8.0,0907*75
2021:01:22:14:43:35.426000,1611323015.426,$GPGGA,134335.00,6333.613112,N,01033.909419,E,2,12,0.7,12.35,M,40.70,M,9.0,0907*79
2021:01:22:14:43:36.426000,1611323016.426,$GPGGA,134336.00,6333.610503,N,01033.910273,E,2,12,0.7,12.32,M,40.70,M,10.0,0907*40
2021:01:22:14:43:37.426000,1611323017.426,$GPGGA,134337.00,6333.607917,N,01033.911020,E,2,12,0.7,12.35,M,40.70,M,11.0,0907*4D
2021:01:22:14:43:39.426000,1611323019.426,$GPGGA,134339.00,6333.602674,N,01033.912594,E,2,12,0.7,12.32,M,40.70,M,13.0,0907*40
2021:01:22:14:43:40.427000,1611323020.427,$GPGGA,134340.00,6333.600048,N,01033.913320,E,2,12,0.7,12.32,M,40.70,M,9.0,0907*76
2021:01:22:14:43:41.428000,1611323021.428,$GPGGA,134341.00,6333.597441,N,01033.914073,E,2,12,0.7,12.35,M,40.70,M,10.0,0907*4A
2021:01:22:14:43:42.427000,1611323022.427,$GPGGA,134342.00,6333.594820,N,01033.914756,E,2,12,0.7,12.33,M,40.70,M,11.0,0907*46
2021:01:22:14:43:43.426000,1611323023.426,$GPGGA,134343.00,6333.592186,N,01033.915410,E,2,12,0.7,12.28,M,40.70,M,12.0,0907*4D
2021:01:22:14:43:44.427000,1611323024.427,$GPGGA,134344.00,6333.589592,N,01033.916179,E,2,12,0.7,12.33,M,40.70,M,8.0,0907*79
2021:01:22:14:43:45.426000,1611323025.426,$GPGGA,134345.00,6333.586953,N,01033.917004,E,2,12,0.7,12.31,M,40.70,M,9.0,0907*7F
2021:01:22:14:43:46.426000,1611323026.426,$GPGGA,134346.00,6333.584356,N,01033.917799,E,2,12,0.7,12.35,M,40.70,M,10.0,0907*4E
2021:01:22:14:43:47.426000,1611323027.426,$GPGGA,134347.00,6333.581740,N,01033.918555,E,2,12,0.7,12.37,M,40.70,M,5.0,0907*72
2021:01:22:14:43:48.426000,1611323028.426,$GPGGA,134348.00,6333.579100,N,01033.919327,E,2,12,0.7,12.34,M,40.70,M,6.0,0907*7A
2021:01:22:14:43:49.426000,1611323029.426,$GPGGA,134349.00,6333.576490,N,01033.920152,E,2,12,0.7,12.36,M,40.70,M,7.0,0907*71
2021:01:22:14:43:50.426000,1611323030.426,$GPGGA,134350.00,6333.573849,N,01033.920918,E,2,12,0.7,12.36,M,40.70,M,8.0,0907*7D
2021:01:22:14:43:51.426000,1611323031.426,$GPGGA,134351.00,6333.571221,N,01033.921678,E,2,12,0.7,12.36,M,40.70,M,9.0,0907*73
2021:01:22:14:43:52.426000,1611323032.426,$GPGGA,134352.00,6333.568573,N,01033.922534,E,2,12,0.7,12.35,M,40.70,M,10.0,0907*4B
2021:01:22:14:43:53.426000,1611323033.426,$GPGGA,134353.00,6333.565994,N,01033.923357,E,2,12,0.7,12.41,M,40.70,M,11.0,0907*42
2021:01:22:14:43:54.426000,1611323034.426,$GPGGA,134354.00,6333.563358,N,01033.924188,E,2,12,0.7,12.41,M,40.70,M,7.0,0907*79
2021:01:22:14:43:55.427000,1611323035.427,$GPGGA,134355.00,6333.560733,N,01033.925018,E,2,12,0.7,12.38,M,40.70,M,8.0,0907*7A
2021:01:22:14:43:56.427000,1611323036.427,$GPGGA,134356.00,6333.558128,N,01033.925892,E,2,12,0.7,12.40,M,40.70,M,9.0,0907*7A
2021:01:22:14:43:57.427000,1611323037.427,$GPGGA,134357.00,6333.555484,N,01033.926762,E,2,12,0.7,12.42,M,40.70,M,10.0,0907*4C
2021:01:22:14:43:58.427000,1611323038.427,$GPGGA,134358.00,6333.552884,N,01033.927555,E,2,12,0.7,12.42,M,40.70,M,11.0,0907*4E
2021:01:22:14:43:59.427000,1611323039.427,$GPGGA,134359.00,6333.550241,N,01033.928337,E,2,12,0.7,12.41,M,40.70,M,12.0,0907*43
2021:01:22:14:44:00.427000,1611323040.427,$GPGGA,134400.00,6333.547622,N,01033.929260,E,2,12,0.7,12.38,M,40.70,M,8.0,0907*78
2021:01:22:14:44:01.427000,1611323041.427,$GPGGA,134401.00,6333.545025,N,01033.930109,E,2,12,0.7,12.41,M,40.70,M,9.0,0907*71
2021:01:22:14:44:02.427000,1611323042.427,$GPGGA,134402.00,6333.542347,N,01033.931001,E,2,12,0.7,12.36,M,40.70,M,10.0,0907*42
2021:01:22:14:44:03.427000,1611323043.427,$GPGGA,134403.00,6333.539760,N,01033.931935,E,2,12,0.7,12.36,M,40.70,M,11.0,0907*41
2021:01:22:14:44:04.427000,1611323044.427,$GPGGA,134404.00,6333.537135,N,01033.932804,E,2,12,0.7,12.40,M,40.70,M,6.0,0907*79
2021:01:22:14:44:05.427000,1611323045.427,$GPGGA,134405.00,6333.534481,N,01033.933655,E,2,12,0.7,12.37,M,40.70,M,7.0,0907*7B
2021:01:22:14:44:06.427000,1611323046.427,$GPGGA,134406.00,6333.531866,N,01033.934464,E,2,12,0.7,12.36,M,40.70,M,8.0,0907*71
2021:01:22:14:44:07.427000,1611323047.427,$GPGGA,134407.00,6333.529221,N,01033.935339,E,2,12,0.7,12.35,M,40.70,M,9.0,0907*7C
2021:01:22:14:44:08.427000,1611323048.427,$GPGGA,134408.00,6333.526596,N,01033.936314,E,2,12,0.7,12.36,M,40.70,M,5.0,0907*74
2021:01:22:14:44:09.427000,1611323049.427,$GPGGA,134409.00,6333.523973,N,01033.937278,E,2,12,0.7,12.38,M,40.70,M,6.0,0907*70
2021:01:22:14:44:10.428000,1611323050.428,$GPGGA,134410.00,6333.521337,N,01033.938205,E,2,12,0.7,12.36,M,40.70,M,7.0,0907*7A
2021:01:22:14:44:11.428000,1611323051.428,$GPGGA,134411.00,6333.518712,N,01033.939170,E,2,12,0.7,12.37,M,40.70,M,8.0,0907*7C
2021:01:22:14:44:13.428000,1611323053.428,$GPGGA,134413.00,6333.513455,N,01033.941063,E,2,12,0.7,12.35,M,40.70,M,10.0,0907*42
2021:01:22:14:44:14.428000,1611323054.428,$GPGGA,134414.00,6333.510793,N,01033.941957,E,2,12,0.7,12.32,M,40.70,M,6.0,0907*71
2021:01:22:14:44:15.428000,1611323055.428,$GPGGA,134415.00,6333.508157,N,01033.942957,E,2,12,0.7,12.33,M,40.70,M,7.0,0907*74
2021:01:22:14:44:16.427000,1611323056.427,$GPGGA,134416.00,6333.505548,N,01033.943943,E,2,12,0.7,12.39,M,40.70,M,8.0,0907*71
2021:01:22:14:44:17.427000,1611323057.427,$GPGGA,134417.00,6333.502903,N,01033.944893,E,2,12,0.7,12.38,M,40.70,M,9.0,0907*7F
2021:01:22:14:44:18.427000,1611323058.427,$GPGGA,134418.00,6333.500266,N,01033.945891,E,2,12,0.7,12.33,M,40.70,M,10.0,0907*4A
2021:01:22:14:44:19.427000,1611323059.427,$GPGGA,134419.00,6333.497649,N,01033.946825,E,2,12,0.7,12.34,M,40.70,M,11.0,0907*47
2021:01:22:14:44:21.427000,1611323061.427,$GPGGA,134421.00,6333.492369,N,01033.948751,E,2,12,0.7,12.31,M,40.70,M,13.0,0907*4B
2021:01:22:14:44:22.427000,1611323062.427,$GPGGA,134422.00,6333.489752,N,01033.949770,E,2,12,0.7,12.30,M,40.70,M,14.0,0907*4A
2021:01:22:14:44:23.427000,1611323063.427,$GPGGA,134423.00,6333.487128,N,01033.950780,E,2,12,0.7,12.35,M,40.70,M,15.0,0907*4D
2021:01:22:14:44:24.428000,1611323064.428,$GPGGA,134424.00,6333.484489,N,01033.951770,E,2,12,0.7,12.35,M,40.70,M,11.0,0907*4D
2021:01:22:14:44:25.428000,1611323065.428,$GPGGA,134425.00,6333.481866,N,01033.952748,E,2,12,0.7,12.36,M,40.70,M,12.0,0907*4C
2021:01:22:14:44:26.428000,1611323066.428,$GPGGA,134426.00,6333.479239,N,01033.953741,E,2,12,0.7,12.38,M,40.70,M,13.0,0907*4F
2021:01:22:14:44:27.428000,1611323067.428,$GPGGA,134427.00,6333.476564,N,01033.954854,E,2,12,0.7,12.33,M,40.70,M,9.0,0907*72
2021:01:22:14:44:29.428000,1611323069.428,$GPGGA,134429.00,6333.471347,N,01033.956821,E,2,12,0.7,12.40,M,40.70,M,11.0,0907*41
2021:01:22:14:44:30.428000,1611323070.428,$GPGGA,134430.00,6333.468712,N,01033.957853,E,2,12,0.7,12.31,M,40.70,M,12.0,0907*44
2021:01:22:14:44:31.428000,1611323071.428,$GPGGA,134431.00,6333.466138,N,01033.958863,E,2,12,0.7,12.39,M,40.70,M,7.0,0907*75
2021:01:22:14:44:33.428000,1611323073.428,$GPGGA,134433.00,6333.460884,N,01033.961165,E,2,12,0.7,12.33,M,40.70,M,9.0,0907*7E
2021:01:22:14:44:34.428000,1611323074.428,$GPGGA,134434.00,6333.458261,N,01033.962147,E,2,12,0.7,12.40,M,40.70,M,5.0,0907*78
2021:01:22:14:44:35.428000,1611323075.428,$GPGGA,134435.00,6333.455603,N,01033.963183,E,2,12,0.7,12.39,M,40.70,M,6.0,0907*70
2021:01:22:14:44:36.428000,1611323076.428,$GPGGA,134436.00,6333.453025,N,01033.964184,E,2,12,0.7,12.44,M,40.70,M,7.0,0907*7C
2021:01:22:14:44:37.428000,1611323077.428,$GPGGA,134437.00,6333.450339,N,01033.965236,E,2,12,0.7,12.38,M,40.70,M,8.0,0907*7F
2021:01:22:14:44:38.429000,1611323078.429,$GPGGA,134438.00,6333.447751,N,01033.966274,E,2,12,0.7,12.38,M,40.70,M,9.0,0907*78
2021:01:22:14:44:39.429000,1611323079.429,$GPGGA,134439.00,6333.445139,N,01033.967328,E,2,12,0.7,12.44,M,40.70,M,10.0,0907*49
2021:01:22:14:44:41.429000,1611323081.429,$GPGGA,134441.00,6333.439876,N,01033.969377,E,2,12,0.7,12.43,M,40.70,M,7.0,0907*7A
2021:01:22:14:44:42.429000,1611323082.429,$GPGGA,134442.00,6333.437214,N,01033.970445,E,2,12,0.7,12.42,M,40.70,M,8.0,0907*79
2021:01:22:14:44:43.429000,1611323083.429,$GPGGA,134443.00,6333.434588,N,01033.971524,E,2,12,0.8,12.41,M,40.70,M,9.0,0907*73
2021:01:22:14:44:44.429000,1611323084.429,$GPGGA,134444.00,6333.431949,N,01033.972466,E,2,12,0.8,12.42,M,40.70,M,10.0,0907*4F
2021:01:22:14:44:45.429000,1611323085.429,$GPGGA,134445.00,6333.429270,N,01033.973441,E,2,12,0.8,12.38,M,40.70,M,5.0,0907*7B
2021:01:22:14:44:46.428000,1611323086.428,$GPGGA,134446.00,6333.426640,N,01033.974396,E,2,12,0.7,12.37,M,40.70,M,6.0,0907*79
2021:01:22:14:44:47.428000,1611323087.428,$GPGGA,134447.00,6333.423991,N,01033.975389,E,2,12,0.7,12.37,M,40.70,M,7.0,0907*70
2021:01:22:14:44:48.428000,1611323088.428,$GPGGA,134448.00,6333.421352,N,01033.976389,E,2,12,0.7,12.38,M,40.70,M,8.0,0907*7B
2021:01:22:14:44:49.428000,1611323089.428,$GPGGA,134449.00,6333.418690,N,01033.977348,E,2,12,0.7,12.34,M,40.70,M,9.0,0907*7A
2021:01:22:14:44:50.428000,1611323090.428,$GPGGA,134450.00,6333.416080,N,01033.978309,E,2,12,0.7,12.40,M,40.70,M,10.0,0907*4A
2021:01:22:14:44:51.428000,1611323091.428,$GPGGA,134451.00,6333.413410,N,01033.979260,E,2,12,0.7,12.37,M,40.70,M,6.0,0907*7B
2021:01:22:14:44:52.428000,1611323092.428,$GPGGA,134452.00,6333.410752,N,01033.980193,E,2,12,0.7,12.34,M,40.70,M,7.0,0907*75
2021:01:22:14:44:53.429000,1611323093.429,$GPGGA,134453.00,6333.408121,N,01033.981082,E,2,12,0.7,12.36,M,40.70,M,8.0,0907*72
2021:01:22:14:44:54.429000,1611323094.429,$GPGGA,134454.00,6333.405432,N,01033.981983,E,2,12,0.7,12.37,M,40.70,M,4.0,0907*7A
2021:01:22:14:44:55.429000,1611323095.429,$GPGGA,134455.00,6333.402782,N,01033.982898,E,2,12,0.8,12.37,M,40.70,M,5.0,0907*72
2021:01:22:14:44:56.429000,1611323096.429,$GPGGA,134456.00,6333.400143,N,01033.983836,E,2,12,0.8,12.42,M,40.70,M,6.0,0907*7C
2021:01:22:14:44:57.429000,1611323097.429,$GPGGA,134457.00,6333.397455,N,01033.984744,E,2,12,0.8,12.38,M,40.70,M,7.0,0907*77
2021:01:22:14:44:58.429000,1611323098.429,$GPGGA,134458.00,6333.394794,N,01033.985773,E,2,12,0.7,12.35,M,40.70,M,8.0,0907*7D
2021:01:22:14:44:59.429000,1611323099.429,$GPGGA,134459.00,6333.392159,N,01033.986760,E,2,12,0.7,12.41,M,40.70,M,9.0,0907*7E
2021:01:22:14:45:00.429000,1611323100.429,$GPGGA,134500.00,6333.389477,N,01033.987746,E,2,12,0.7,12.38,M,40.70,M,10.0,0907*43
2021:01:22:14:45:01.429000,1611323101.429,$GPGGA,134501.00,6333.386845,N,01033.988710,E,2,12,0.7,12.40,M,40.70,M,5.0,0907*77
2021:01:22:14:45:02.429000,1611323102.429,$GPGGA,134502.00,6333.384162,N,01033.989745,E,2,12,0.7,12.40,M,40.70,M,6.0,0907*78
2021:01:22:14:45:03.429000,1611323103.429,$GPGGA,134503.00,6333.381513,N,01033.990827,E,2,12,0.7,12.38,M,40.70,M,7.0,0907*73
2021:01:22:14:45:04.429000,1611323104.429,$GPGGA,134504.00,6333.378856,N,01033.991819,E,2,12,0.7,12.37,M,40.70,M,8.0,0907*72
2021:01:22:14:45:05.429000,1611323105.429,$GPGGA,134505.00,6333.376235,N,01033.992803,E,2,12,0.7,12.42,M,40.70,M,9.0,0907*79
2021:01:22:14:45:06.429000,1611323106.429,$GPGGA,134506.00,6333.373526,N,01033.993843,E,2,12,0.7,12.34,M,40.70,M,10.0,0907*46
2021:01:22:14:45:07.429000,1611323107.429,$GPGGA,134507.00,6333.370947,N,01033.994841,E,2,12,0.7,12.40,M,40.70,M,11.0,0907*48
2021:01:22:14:45:08.430000,1611323108.43,$GPGGA,134508.00,6333.368252,N,01033.995862,E,2,12,0.7,12.39,M,40.70,M,7.0,0907*78
2021:01:22:14:45:09.430000,1611323109.43,$GPGGA,134509.00,6333.365624,N,01033.996880,E,2,12,0.7,12.36,M,40.70,M,8.0,0907*7E
2021:01:22:14:45:10.430000,1611323110.43,$GPGGA,134510.00,6333.363013,N,01033.997824,E,2,12,0.7,12.44,M,40.70,M,9.0,0907*79
2021:01:22:14:45:11.430000,1611323111.43,$GPGGA,134511.00,6333.360284,N,01033.998787,E,2,12,0.7,12.39,M,40.70,M,10.0,0907*4C
2021:01:22:14:45:12.430000,1611323112.43,$GPGGA,134512.00,6333.357690,N,01033.999748,E,2,12,0.7,12.41,M,40.70,M,11.0,0907*46
2021:01:22:14:45:13.430000,1611323113.43,$GPGGA,134513.00,6333.355000,N,01034.000733,E,2,12,0.7,12.42,M,40.70,M,12.0,0907*48
2021:01:22:14:45:14.430000,1611323114.43,$GPGGA,134514.00,6333.352332,N,01034.001690,E,2,12,0.7,12.39,M,40.70,M,8.0,0907*74
2021:01:22:14:45:15.430000,1611323115.43,$GPGGA,134515.00,6333.349710,N,01034.002622,E,2,12,0.7,12.43,M,40.70,M,9.0,0907*7D
2021:01:22:14:45:16.430000,1611323116.43,$GPGGA,134516.00,6333.347008,N,01034.003456,E,2,12,0.7,12.43,M,40.70,M,10.0,0907*46
2021:01:22:14:45:17.429000,1611323117.429,$GPGGA,134517.00,6333.344313,N,01034.004512,E,2,12,0.7,12.37,M,40.70,M,11.0,0907*49
2021:01:22:14:45:19.429000,1611323119.429,$GPGGA,134519.00,6333.338999,N,01034.006415,E,2,12,0.7,12.41,M,40.70,M,8.0,0907*79
2021:01:22:14:45:20.429000,1611323120.429,$GPGGA,134520.00,6333.336296,N,01034.007332,E,2,12,0.7,12.36,M,40.70,M,9.0,0907*7B
2021:01:22:14:45:21.429000,1611323121.429,$GPGGA,134521.00,6333.333689,N,01034.008199,E,2,12,0.7,12.45,M,40.70,M,10.0,0907*45
2021:01:22:14:45:23.430000,1611323123.43,$GPGGA,134523.00,6333.328359,N,01034.009901,E,2,12,0.7,12.42,M,40.70,M,12.0,0907*48
2021:01:22:14:45:24.430000,1611323124.43,$GPGGA,134524.00,6333.325627,N,01034.010646,E,2,12,0.7,12.42,M,40.70,M,13.0,0907*4B
2021:01:22:14:45:25.430000,1611323125.43,$GPGGA,134525.00,6333.322996,N,01034.011515,E,2,12,0.7,12.41,M,40.70,M,14.0,0907*48
2021:01:22:14:45:26.430000,1611323126.43,$GPGGA,134526.00,6333.320341,N,01034.012272,E,2,12,0.7,12.47,M,40.70,M,15.0,0907*4B
2021:01:22:14:45:27.430000,1611323127.43,$GPGGA,134527.00,6333.317616,N,01034.013083,E,2,12,0.7,12.41,M,40.70,M,16.0,0907*41
2021:01:22:14:45:28.430000,1611323128.43,$GPGGA,134528.00,6333.315046,N,01034.013856,E,2,12,0.7,12.47,M,40.70,M,17.0,0907*48
2021:01:22:14:45:29.430000,1611323129.43,$GPGGA,134529.00,6333.312284,N,01034.014589,E,2,12,0.7,12.45,M,40.70,M,18.0,0907*47
2021:01:22:14:45:30.430000,1611323130.43,$GPGGA,134530.00,6333.309646,N,01034.015519,E,2,12,0.7,12.40,M,40.70,M,19.0,0907*43
2021:01:22:14:45:31.430000,1611323131.43,$GPGGA,134531.00,6333.307022,N,01034.016338,E,2,12,0.7,12.49,M,40.70,M,20.0,0907*4D
2021:01:22:14:45:32.430000,1611323132.43,$GPGGA,134532.00,6333.304321,N,01034.017175,E,2,12,0.7,12.45,M,40.70,M,9.0,0907*70
2021:01:22:14:45:33.430000,1611323133.43,$GPGGA,134533.00,6333.301669,N,01034.018061,E,2,12,0.7,12.43,M,40.70,M,10.0,0907*48
2021:01:22:14:45:34.430000,1611323134.43,$GPGGA,134534.00,6333.298983,N,01034.019029,E,2,12,0.7,12.40,M,40.70,M,6.0,0907*7C
2021:01:22:14:45:35.430000,1611323135.43,$GPGGA,134535.00,6333.296329,N,01034.019997,E,2,12,0.7,12.40,M,40.70,M,7.0,0907*74
2021:01:22:14:45:36.430000,1611323136.43,$GPGGA,134536.00,6333.293690,N,01034.020946,E,2,12,0.7,12.48,M,40.70,M,8.0,0907*74
2021:01:22:14:45:37.430000,1611323137.43,$GPGGA,134537.00,6333.291002,N,01034.021915,E,2,12,0.7,12.46,M,40.70,M,9.0,0907*72
2021:01:22:14:45:39.431000,1611323139.431,$GPGGA,134539.00,6333.285671,N,01034.023954,E,2,12,0.7,12.45,M,40.70,M,11.0,0907*46
2021:01:22:14:45:40.431000,1611323140.431,$GPGGA,134540.00,6333.283005,N,01034.025045,E,2,12,0.7,12.42,M,40.70,M,12.0,0907*40
2021:01:22:14:45:41.431000,1611323141.431,$GPGGA,134541.00,6333.280346,N,01034.026138,E,2,12,0.7,12.41,M,40.70,M,8.0,0907*76
2021:01:22:14:45:43.431000,1611323143.431,$GPGGA,134543.00,6333.275017,N,01034.028448,E,2,12,0.7,12.41,M,40.70,M,10.0,0907*4C
2021:01:22:14:45:44.431000,1611323144.431,$GPGGA,134544.00,6333.272373,N,01034.029647,E,2,12,0.7,12.39,M,40.70,M,11.0,0907*4F
2021:01:22:14:45:45.431000,1611323145.431,$GPGGA,134545.00,6333.269686,N,01034.030844,E,2,12,0.7,12.38,M,40.70,M,7.0,0907*78
2021:01:22:14:45:46.431000,1611323146.431,$GPGGA,134546.00,6333.267056,N,01034.032078,E,2,12,0.7,12.41,M,40.70,M,8.0,0907*7A
2021:01:22:14:45:47.431000,1611323147.431,$GPGGA,134547.00,6333.264359,N,01034.033242,E,2,12,0.7,12.40,M,40.70,M,9.0,0907*7E
2021:01:22:14:45:48.431000,1611323148.431,$GPGGA,134548.00,6333.261701,N,01034.034348,E,2,12,0.7,12.40,M,40.70,M,10.0,0907*49
2021:01:22:14:45:49.430000,1611323149.43,$GPGGA,134549.00,6333.259015,N,01034.035529,E,2,12,0.7,12.39,M,40.70,M,11.0,0907*4E
2021:01:22:14:45:51.430000,1611323151.43,$GPGGA,134551.00,6333.253693,N,01034.037934,E,2,12,0.7,12.42,M,40.70,M,8.0,0907*73
2021:01:22:14:45:52.430000,1611323152.43,$GPGGA,134552.00,6333.251023,N,01034.039052,E,2,12,0.7,12.39,M,40.70,M,9.0,0907*75
2021:01:22:14:45:53.431000,1611323153.431,$GPGGA,134553.00,6333.248377,N,01034.040195,E,2,12,0.7,12.45,M,40.70,M,10.0,0907*49
2021:01:22:14:45:54.431000,1611323154.431,$GPGGA,134554.00,6333.245660,N,01034.041361,E,2,12,0.7,12.40,M,40.70,M,11.0,0907*4C
2021:01:22:14:45:55.431000,1611323155.431,$GPGGA,134555.00,6333.243023,N,01034.042503,E,2,12,0.7,12.40,M,40.70,M,6.0,0907*7D
2021:01:22:14:45:56.431000,1611323156.431,$GPGGA,134556.00,6333.240283,N,01034.043656,E,2,12,0.7,12.38,M,40.70,M,7.0,0907*79
2021:01:22:14:45:57.431000,1611323157.431,$GPGGA,134557.00,6333.237652,N,01034.044711,E,2,12,0.7,12.41,M,40.70,M,8.0,0907*74
2021:01:22:14:45:58.431000,1611323158.431,$GPGGA,134558.00,6333.234920,N,01034.045756,E,2,12,0.7,12.40,M,40.70,M,9.0,0907*70
2021:01:22:14:45:59.431000,1611323159.431,$GPGGA,134559.00,6333.232259,N,01034.046851,E,2,12,0.7,12.34,M,40.70,M,10.0,0907*42
2021:01:22:14:46:00.431000,1611323160.431,$GPGGA,134600.00,6333.229614,N,01034.047825,E,2,12,0.7,12.42,M,40.70,M,11.0,0907*48
2021:01:22:14:46:01.431000,1611323161.431,$GPGGA,134601.00,6333.226867,N,01034.048958,E,2,12,0.8,12.39,M,40.70,M,7.0,0907*7C
2021:01:22:14:46:02.431000,1611323162.431,$GPGGA,134602.00,6333.224233,N,01034.050054,E,2,12,0.8,12.41,M,40.70,M,8.0,0907*7A
2021:01:22:14:46:03.431000,1611323163.431,$GPGGA,134603.00,6333.221504,N,01034.050989,E,2,12,0.8,12.43,M,40.70,M,9.0,0907*77
2021:01:22:14:46:04.431000,1611323164.431,$GPGGA,134604.00,6333.218787,N,01034.052070,E,2,12,0.8,12.37,M,40.70,M,10.0,0907*45
2021:01:22:14:46:05.431000,1611323165.431,$GPGGA,134605.00,6333.216139,N,01034.053074,E,2,12,0.8,12.44,M,40.70,M,6.0,0907*7F
2021:01:22:14:46:06.431000,1611323166.431,$GPGGA,134606.00,6333.213376,N,01034.054085,E,2,12,0.8,12.40,M,40.70,M,7.0,0907*7C
2021:01:22:14:46:07.431000,1611323167.431,$GPGGA,134607.00,6333.210702,N,01034.055283,E,2,12,0.8,12.36,M,40.70,M,8.0,0907*72
2021:01:22:14:46:08.432000,1611323168.432,$GPGGA,134608.00,6333.208017,N,01034.056413,E,2,12,0.8,12.42,M,40.70,M,9.0,0907*79
2021:01:22:14:46:09.432000,1611323169.432,$GPGGA,134609.00,6333.205309,N,01034.057559,E,2,12,0.7,12.42,M,40.70,M,10.0,0907*40
2021:01:22:14:46:10.432000,1611323170.432,$GPGGA,134610.00,6333.202586,N,01034.058632,E,2,12,0.7,12.37,M,40.70,M,11.0,0907*4C
2021:01:22:14:46:11.432000,1611323171.432,$GPGGA,134611.00,6333.199890,N,01034.059902,E,2,12,0.7,12.36,M,40.70,M,6.0,0907*7C
2021:01:22:14:46:12.432000,1611323172.432,$GPGGA,134612.00,6333.197208,N,01034.061159,E,2,12,0.7,12.41,M,40.70,M,7.0,0907*76
2021:01:22:14:46:13.432000,1611323173.432,$GPGGA,134613.00,6333.194483,N,01034.062358,E,2,12,0.7,12.40,M,40.70,M,8.0,0907*7F
2021:01:22:14:46:14.432000,1611323174.432,$GPGGA,134614.00,6333.191761,N,01034.063529,E,2,12,0.7,12.33,M,40.70,M,9.0,0907*76
2021:01:22:14:46:15.432000,1611323175.432,$GPGGA,134615.00,6333.189094,N,01034.064669,E,2,12,0.7,12.41,M,40.70,M,5.0,0907*7A
2021:01:22:14:46:16.432000,1611323176.432,$GPGGA,134616.00,6333.186332,N,01034.065893,E,2,12,0.7,12.34,M,40.70,M,6.0,0907*72
2021:01:22:14:46:17.432000,1611323177.432,$GPGGA,134617.00,6333.183649,N,01034.067123,E,2,12,0.7,12.32,M,40.70,M,7.0,0907*78
2021:01:22:14:46:18.431000,1611323178.431,$GPGGA,134618.00,6333.180948,N,01034.068333,E,2,12,0.7,12.37,M,40.70,M,8.0,0907*7C
2021:01:22:14:46:19.431000,1611323179.431,$GPGGA,134619.00,6333.178195,N,01034.069604,E,2,12,0.7,12.35,M,40.70,M,9.0,0907*71
2021:01:22:14:46:21.431000,1611323181.431,$GPGGA,134621.00,6333.172756,N,01034.071987,E,2,12,0.7,12.40,M,40.70,M,11.0,0907*4F
2021:01:22:14:46:22.432000,1611323182.432,$GPGGA,134622.00,6333.170063,N,01034.073225,E,2,12,0.7,12.39,M,40.70,M,12.0,0907*43
2021:01:22:14:46:23.432000,1611323183.432,$GPGGA,134623.00,6333.167332,N,01034.074383,E,2,12,0.7,12.42,M,40.70,M,13.0,0907*44
2021:01:22:14:46:24.432000,1611323184.432,$GPGGA,134624.00,6333.164599,N,01034.075687,E,2,12,0.7,12.38,M,40.70,M,14.0,0907*4D
2021:01:22:14:46:25.432000,1611323185.432,$GPGGA,134625.00,6333.161894,N,01034.076988,E,2,12,0.7,12.38,M,40.70,M,5.0,0907*7A
2021:01:22:14:46:26.432000,1611323186.432,$GPGGA,134626.00,6333.159158,N,01034.077998,E,2,12,0.7,12.46,M,40.70,M,6.0,0907*71
2021:01:22:14:46:27.432000,1611323187.432,$GPGGA,134627.00,6333.156441,N,01034.079337,E,2,12,0.7,12.43,M,40.70,M,7.0,0907*77
2021:01:22:14:46:29.432000,1611323189.432,$GPGGA,134629.00,6333.151047,N,01034.081997,E,2,12,0.7,12.47,M,40.70,M,9.0,0907*71
2021:01:22:14:46:30.432000,1611323190.432,$GPGGA,134630.00,6333.148301,N,01034.083239,E,2,12,0.7,12.42,M,40.70,M,10.0,0907*40
2021:01:22:14:46:31.432000,1611323191.432,$GPGGA,134631.00,6333.145602,N,01034.084476,E,2,12,0.7,12.42,M,40.70,M,11.0,0907*41
2021:01:22:14:46:33.432000,1611323193.432,$GPGGA,134633.00,6333.140177,N,01034.087167,E,2,12,0.7,12.42,M,40.70,M,7.0,0907*72
2021:01:22:14:46:34.432000,1611323194.432,$GPGGA,134634.00,6333.137506,N,01034.088417,E,2,12,0.7,12.50,M,40.70,M,8.0,0907*76
2021:01:22:14:46:35.432000,1611323195.432,$GPGGA,134635.00,6333.134761,N,01034.089679,E,2,12,0.7,12.41,M,40.70,M,9.0,0907*7D
2021:01:22:14:46:36.432000,1611323196.432,$GPGGA,134636.00,6333.132078,N,01034.090922,E,2,12,0.8,12.39,M,40.70,M,10.0,0907*46
2021:01:22:14:46:37.433000,1611323197.433,$GPGGA,134637.00,6333.129357,N,01034.092222,E,2,12,0.8,12.42,M,40.70,M,11.0,0907*47
2021:01:22:14:46:38.433000,1611323198.433,$GPGGA,134638.00,6333.126662,N,01034.093671,E,2,12,0.8,12.35,M,40.70,M,7.0,0907*70
2021:01:22:14:46:39.433000,1611323199.433,$GPGGA,134639.00,6333.123981,N,01034.094917,E,2,12,0.8,12.39,M,40.70,M,8.0,0907*7D
2021:01:22:14:46:41.433000,1611323201.433,$GPGGA,134641.00,6333.118560,N,01034.097449,E,2,12,0.8,12.40,M,40.69,M,10.0,0907*43
2021:01:22:14:46:42.433000,1611323202.433,$GPGGA,134642.00,6333.115814,N,01034.098736,E,2,12,0.8,12.39,M,40.69,M,6.0,0907*7E
2021:01:22:14:46:43.433000,1611323203.433,$GPGGA,134643.00,6333.113129,N,01034.100060,E,2,12,0.8,12.43,M,40.69,M,7.0,0907*76
2021:01:22:14:46:44.433000,1611323204.433,$GPGGA,134644.00,6333.110410,N,01034.101342,E,2,12,0.7,12.44,M,40.69,M,8.0,0907*78
2021:01:22:14:46:45.433000,1611323205.433,$GPGGA,134645.00,6333.107674,N,01034.102615,E,2,12,0.7,12.43,M,40.69,M,9.0,0907*7D
2021:01:22:14:46:46.433000,1611323206.433,$GPGGA,134646.00,6333.104960,N,01034.103891,E,2,12,0.7,12.40,M,40.69,M,10.0,0907*4F
2021:01:22:14:46:47.433000,1611323207.433,$GPGGA,134647.00,6333.102244,N,01034.105278,E,2,12,0.7,12.40,M,40.69,M,11.0,0907*4F
2021:01:22:14:46:49.432000,1611323209.432,$GPGGA,134649.00,6333.096828,N,01034.107894,E,2,12,0.7,12.44,M,40.69,M,8.0,0907*7B
2021:01:22:14:46:50.432000,1611323210.432,$GPGGA,134650.00,6333.094088,N,01034.109180,E,2,12,0.7,12.42,M,40.69,M,9.0,0907*76
2021:01:22:14:46:51.432000,1611323211.432,$GPGGA,134651.00,6333.091385,N,01034.110435,E,2,12,0.7,12.44,M,40.69,M,10.0,0907*41
2021:01:22:14:46:53.433000,1611323213.433,$GPGGA,134653.00,6333.085916,N,01034.112939,E,2,12,0.7,12.42,M,40.69,M,7.0,0907*75
2021:01:22:14:46:54.433000,1611323214.433,$GPGGA,134654.00,6333.083202,N,01034.114212,E,2,12,0.7,12.41,M,40.69,M,8.0,0907*72
2021:01:22:14:46:55.433000,1611323215.433,$GPGGA,134655.00,6333.080469,N,01034.115475,E,2,12,0.7,12.41,M,40.69,M,9.0,0907*7C
2021:01:22:14:46:56.433000,1611323216.433,$GPGGA,134656.00,6333.077765,N,01034.116807,E,2,12,0.7,12.44,M,40.69,M,10.0,0907*4F
2021:01:22:14:46:57.433000,1611323217.433,$GPGGA,134657.00,6333.075023,N,01034.118020,E,2,12,0.7,12.45,M,40.69,M,11.0,0907*4A
2021:01:22:14:46:58.433000,1611323218.433,$GPGGA,134658.00,6333.072323,N,01034.119408,E,2,12,0.7,12.42,M,40.69,M,6.0,0907*7F
2021:01:22:14:46:59.433000,1611323219.433,$GPGGA,134659.00,6333.069613,N,01034.120742,E,2,12,0.8,12.43,M,40.69,M,7.0,0907*7A
2021:01:22:14:47:00.433000,1611323220.433,$GPGGA,134700.00,6333.066893,N,01034.122066,E,2,12,0.8,12.43,M,40.69,M,8.0,0907*72
2021:01:22:14:47:01.433000,1611323221.433,$GPGGA,134701.00,6333.064196,N,01034.123603,E,2,12,0.8,12.39,M,40.69,M,9.0,0907*75
2021:01:22:14:47:02.433000,1611323222.433,$GPGGA,134702.00,6333.061554,N,01034.125131,E,2,12,0.7,12.43,M,40.69,M,10.0,0907*43
2021:01:22:14:47:03.433000,1611323223.433,$GPGGA,134703.00,6333.058821,N,01034.126745,E,2,12,0.7,12.40,M,40.69,M,11.0,0907*43
2021:01:22:14:47:04.433000,1611323224.433,$GPGGA,134704.00,6333.056192,N,01034.128323,E,2,12,0.7,12.41,M,40.69,M,12.0,0907*43
2021:01:22:14:47:05.433000,1611323225.433,$GPGGA,134705.00,6333.053498,N,01034.129920,E,2,12,0.7,12.49,M,40.69,M,7.0,0907*7C
2021:01:22:14:47:06.433000,1611323226.433,$GPGGA,134706.00,6333.050798,N,01034.131590,E,2,12,0.8,12.41,M,40.69,M,8.0,0907*79
2021:01:22:14:47:07.434000,1611323227.434,$GPGGA,134707.00,6333.048189,N,01034.133053,E,2,12,0.8,12.52,M,40.69,M,9.0,0907*7C
2021:01:22:14:47:08.434000,1611323228.434,$GPGGA,134708.00,6333.045428,N,01034.134551,E,2,12,0.8,12.41,M,40.69,M,10.0,0907*4A
2021:01:22:14:47:09.434000,1611323229.434,$GPGGA,134709.00,6333.042841,N,01034.136155,E,2,12,0.8,12.41,M,40.69,M,6.0,0907*7A
2021:01:22:14:47:10.434000,1611323230.434,$GPGGA,134710.00,6333.040151,N,01034.137655,E,2,12,0.8,12.47,M,40.69,M,7.0,0907*79
2021:01:22:14:47:11.434000,1611323231.434,$GPGGA,134711.00,6333.037479,N,01034.139369,E,2,12,0.8,12.40,M,40.69,M,8.0,0907*7B
2021:01:22:14:47:12.434000,1611323232.434,$GPGGA,134712.00,6333.034847,N,01034.141040,E,2,12,0.8,12.40,M,40.69,M,9.0,0907*7C
2021:01:22:14:47:13.434000,1611323233.434,$GPGGA,134713.00,6333.032220,N,01034.142789,E,2,12,0.8,12.44,M,40.69,M,10.0,0907*4D
2021:01:22:14:47:14.434000,1611323234.434,$GPGGA,134714.00,6333.029575,N,01034.144642,E,2,12,0.8,12.41,M,40.69,M,11.0,0907*43
2021:01:22:14:47:15.434000,1611323235.434,$GPGGA,134715.00,6333.026945,N,01034.146455,E,2,12,0.8,12.44,M,40.69,M,7.0,0907*76
2021:01:22:14:47:16.434000,1611323236.434,$GPGGA,134716.00,6333.024284,N,01034.148329,E,2,12,0.8,12.40,M,40.69,M,8.0,0907*78
2021:01:22:14:47:17.434000,1611323237.434,$GPGGA,134717.00,6333.021665,N,01034.150155,E,2,12,0.8,12.43,M,40.69,M,9.0,0907*75
2021:01:22:14:47:18.434000,1611323238.434,$GPGGA,134718.00,6333.019007,N,01034.151999,E,2,12,0.8,12.42,M,40.69,M,10.0,0907*43
2021:01:22:14:47:19.434000,1611323239.434,$GPGGA,134719.00,6333.016382,N,01034.153844,E,2,12,0.8,12.41,M,40.69,M,11.0,0907*42
2021:01:22:14:47:20.433000,1611323240.433,$GPGGA,134720.00,6333.013726,N,01034.155725,E,2,12,0.7,12.37,M,40.69,M,12.0,0907*44
2021:01:22:14:47:21.434000,1611323241.434,$GPGGA,134721.00,6333.011112,N,01034.157680,E,2,12,0.7,12.34,M,40.69,M,8.0,0907*72
2021:01:22:14:47:23.434000,1611323243.434,$GPGGA,134723.00,6333.005859,N,01034.161629,E,2,12,0.7,12.35,M,40.69,M,10.0,0907*4D
2021:01:22:14:47:24.434000,1611323244.434,$GPGGA,134724.00,6333.003268,N,01034.163580,E,2,12,0.7,12.35,M,40.69,M,11.0,0907*47
2021:01:22:14:47:25.434000,1611323245.434,$GPGGA,134725.00,6333.000600,N,01034.165375,E,2,12,0.7,12.38,M,40.69,M,12.0,0907*4B
2021:01:22:14:47:26.434000,1611323246.434,$GPGGA,134726.00,6332.997960,N,01034.167345,E,2,12,0.7,12.35,M,40.69,M,13.0,0907*4A
2021:01:22:14:47:27.434000,1611323247.434,$GPGGA,134727.00,6332.995336,N,01034.169167,E,2,12,0.7,12.38,M,40.69,M,14.0,0907*46
2021:01:22:14:47:28.434000,1611323248.434,$GPGGA,134728.00,6332.992678,N,01034.171078,E,2,12,0.7,12.41,M,40.69,M,15.0,0907*48
2021:01:22:14:47:29.434000,1611323249.434,$GPGGA,134729.00,6332.990040,N,01034.173005,E,2,12,0.7,12.41,M,40.69,M,9.0,0907*73
2021:01:22:14:47:31.434000,1611323251.434,$GPGGA,134731.00,6332.984758,N,01034.176809,E,2,12,0.7,12.42,M,40.69,M,11.0,0907*4A
2021:01:22:14:47:32.434000,1611323252.434,$GPGGA,134732.00,6332.982136,N,01034.178715,E,2,12,0.7,12.41,M,40.69,M,12.0,0907*4D
2021:01:22:14:47:33.434000,1611323253.434,$GPGGA,134733.00,6332.979499,N,01034.180571,E,2,12,0.8,12.48,M,40.69,M,8.0,0907*72
2021:01:22:14:47:34.434000,1611323254.434,$GPGGA,134734.00,6332.976826,N,01034.182369,E,2,12,0.8,12.47,M,40.69,M,9.0,0907*71
2021:01:22:14:47:35.434000,1611323255.434,$GPGGA,134735.00,6332.974209,N,01034.184122,E,2,12,0.8,12.50,M,40.69,M,5.0,0907*74
2021:01:22:14:47:36.435000,1611323256.435,$GPGGA,134736.00,6332.971521,N,01034.185947,E,2,12,0.8,12.50,M,40.69,M,6.0,0907*76
2021:01:22:14:47:37.435000,1611323257.435,$GPGGA,134737.00,6332.968917,N,01034.187753,E,2,12,0.8,12.52,M,40.69,M,7.0,0907*7C
2021:01:22:14:47:39.435000,1611323259.435,$GPGGA,134739.00,6332.963626,N,01034.191538,E,2,12,0.8,12.48,M,40.69,M,9.0,0907*79
2021:01:22:14:47:40.435000,1611323260.435,$GPGGA,134740.00,6332.960984,N,01034.193411,E,2,12,0.8,12.49,M,40.69,M,10.0,0907*42
2021:01:22:14:47:41.435000,1611323261.435,$GPGGA,134741.00,6332.958355,N,01034.195285,E,2,12,0.8,12.54,M,40.69,M,11.0,0907*4E
2021:01:22:14:47:43.435000,1611323263.435,$GPGGA,134743.00,6332.953053,N,01034.198957,E,2,12,0.8,12.53,M,40.69,M,13.0,0907*4E
2021:01:22:14:47:44.435000,1611323264.435,$GPGGA,134744.00,6332.950393,N,01034.200740,E,2,12,0.8,12.50,M,40.69,M,14.0,0907*4B
2021:01:22:14:47:45.435000,1611323265.435,$GPGGA,134745.00,6332.947777,N,01034.202605,E,2,12,0.8,12.54,M,40.69,M,15.0,0907*45
2021:01:22:14:47:46.435000,1611323266.435,$GPGGA,134746.00,6332.945104,N,01034.204359,E,2,12,0.8,12.46,M,40.69,M,5.0,0907*7E
2021:01:22:14:47:47.435000,1611323267.435,$GPGGA,134747.00,6332.942483,N,01034.206221,E,2,12,0.8,12.47,M,40.69,M,6.0,0907*7C
2021:01:22:14:47:48.435000,1611323268.435,$GPGGA,134748.00,6332.939834,N,01034.208055,E,2,12,0.8,12.48,M,40.69,M,7.0,0907*7E
2021:01:22:14:47:49.435000,1611323269.435,$GPGGA,134749.00,6332.937222,N,01034.209845,E,2,12,0.8,12.51,M,40.69,M,8.0,0907*73
2021:01:22:14:47:51.435000,1611323271.435,$GPGGA,134751.00,6332.931938,N,01034.213393,E,2,12,0.8,12.47,M,40.69,M,10.0,0907*49
2021:01:22:14:47:52.436000,1611323272.436,$GPGGA,134752.00,6332.929292,N,01034.215202,E,2,12,0.8,12.44,M,40.69,M,6.0,0907*73
2021:01:22:14:47:53.435000,1611323273.435,$GPGGA,134753.00,6332.926664,N,01034.217029,E,2,12,0.8,12.44,M,40.69,M,7.0,0907*78
2021:01:22:14:47:54.435000,1611323274.435,$GPGGA,134754.00,6332.924004,N,01034.218827,E,2,12,0.8,12.44,M,40.69,M,8.0,0907*7B
2021:01:22:14:47:55.435000,1611323275.435,$GPGGA,134755.00,6332.921376,N,01034.220569,E,2,12,0.8,12.44,M,40.69,M,9.0,0907*74
2021:01:22:14:47:56.435000,1611323276.435,$GPGGA,134756.00,6332.918718,N,01034.222367,E,2,12,0.8,12.47,M,40.69,M,10.0,0907*40
2021:01:22:14:47:57.435000,1611323277.435,$GPGGA,134757.00,6332.916086,N,01034.224107,E,2,12,0.8,12.47,M,40.69,M,11.0,0907*4C
2021:01:22:14:47:59.435000,1611323279.435,$GPGGA,134759.00,6332.910767,N,01034.227565,E,2,12,0.8,12.44,M,40.69,M,7.0,0907*7B
2021:01:22:14:48:00.435000,1611323280.435,$GPGGA,134800.00,6332.908144,N,01034.229318,E,2,12,0.8,12.47,M,40.69,M,8.0,0907*78
2021:01:22:14:48:01.435000,1611323281.435,$GPGGA,134801.00,6332.905473,N,01034.231029,E,2,12,0.8,12.45,M,40.69,M,9.0,0907*7E
2021:01:22:14:48:02.435000,1611323282.435,$GPGGA,134802.00,6332.902858,N,01034.232722,E,2,12,0.8,12.47,M,40.69,M,5.0,0907*7E
2021:01:22:14:48:03.436000,1611323283.436,$GPGGA,134803.00,6332.900184,N,01034.234538,E,2,12,0.8,12.45,M,40.69,M,6.0,0907*7B
2021:01:22:14:48:04.435000,1611323284.435,$GPGGA,134804.00,6332.897579,N,01034.236391,E,2,12,0.8,12.44,M,40.69,M,7.0,0907*72
2021:01:22:14:48:05.435000,1611323285.435,$GPGGA,134805.00,6332.894946,N,01034.238053,E,2,12,0.8,12.53,M,40.69,M,8.0,0907*7A
2021:01:22:14:48:06.436000,1611323286.436,$GPGGA,134806.00,6332.892260,N,01034.239903,E,2,12,0.8,12.48,M,40.69,M,9.0,0907*76
2021:01:22:14:48:07.436000,1611323287.436,$GPGGA,134807.00,6332.889650,N,01034.241679,E,2,12,0.8,12.45,M,40.69,M,10.0,0907*42
2021:01:22:14:48:08.436000,1611323288.436,$GPGGA,134808.00,6332.886992,N,01034.243450,E,2,12,0.8,12.48,M,40.69,M,11.0,0907*44
2021:01:22:14:48:09.436000,1611323289.436,$GPGGA,134809.00,6332.884360,N,01034.245390,E,2,12,0.8,12.45,M,40.69,M,12.0,0907*43
2021:01:22:14:48:10.436000,1611323290.436,$GPGGA,134810.00,6332.881731,N,01034.247249,E,2,12,0.8,12.42,M,40.69,M,8.0,0907*75
2021:01:22:14:48:11.436000,1611323291.436,$GPGGA,134811.00,6332.879092,N,01034.249161,E,2,12,0.8,12.43,M,40.69,M,9.0,0907*7A
2021:01:22:14:48:12.436000,1611323292.436,$GPGGA,134812.00,6332.876473,N,01034.251041,E,2,12,0.8,12.43,M,40.69,M,4.0,0907*7A
2021:01:22:14:48:13.436000,1611323293.436,$GPGGA,134813.00,6332.873845,N,01034.252918,E,2,12,0.8,12.44,M,40.69,M,5.0,0907*77
2021:01:22:14:48:14.436000,1611323294.436,$GPGGA,134814.00,6332.871181,N,01034.254791,E,2,12,0.8,12.38,M,40.69,M,6.0,0907*72
2021:01:22:14:48:15.436000,1611323295.436,$GPGGA,134815.00,6332.868570,N,01034.256805,E,2,12,0.8,12.39,M,40.69,M,7.0,0907*71
2021:01:22:14:48:16.436000,1611323296.436,$GPGGA,134816.00,6332.865962,N,01034.258723,E,2,12,0.8,12.44,M,40.69,M,8.0,0907*70
2021:01:22:14:48:17.436000,1611323297.436,$GPGGA,134817.00,6332.863300,N,01034.260683,E,2,12,0.8,12.42,M,40.69,M,9.0,0907*7E
2021:01:22:14:48:18.436000,1611323298.436,$GPGGA,134818.00,6332.860684,N,01034.262709,E,2,12,0.8,12.38,M,40.69,M,10.0,0907*4F
2021:01:22:14:48:19.436000,1611323299.436,$GPGGA,134819.00,6332.858075,N,01034.264731,E,2,12,0.8,12.43,M,40.69,M,11.0,0907*4D
2021:01:22:14:48:20.437000,1611323300.437,$GPGGA,134820.00,6332.855432,N,01034.266878,E,2,12,0.8,12.38,M,40.69,M,12.0,0907*42
2021:01:22:14:48:21.437000,1611323301.437,$GPGGA,134821.00,6332.852860,N,01034.268867,E,2,12,0.8,12.41,M,40.69,M,13.0,0907*40
2021:01:22:14:48:22.437000,1611323302.437,$GPGGA,134822.00,6332.850224,N,01034.270888,E,2,12,0.8,12.41,M,40.69,M,9.0,0907*78
2021:01:22:14:48:23.436000,1611323303.436,$GPGGA,134823.00,6332.847624,N,01034.273079,E,2,12,0.8,12.38,M,40.69,M,10.0,0907*48
2021:01:22:14:48:25.436000,1611323305.436,$GPGGA,134825.00,6332.842449,N,01034.277532,E,2,12,0.8,12.40,M,40.69,M,12.0,0907*41
2021:01:22:14:48:26.436000,1611323306.436,$GPGGA,134826.00,6332.839854,N,01034.279687,E,2,12,0.8,12.38,M,40.69,M,8.0,0907*79
2021:01:22:14:48:27.436000,1611323307.436,$GPGGA,134827.00,6332.837228,N,01034.281805,E,2,12,0.8,12.36,M,40.69,M,9.0,0907*7B
2021:01:22:14:48:29.436000,1611323309.436,$GPGGA,134829.00,6332.832028,N,01034.286241,E,2,12,0.8,12.37,M,40.69,M,6.0,0907*71
2021:01:22:14:48:30.436000,1611323310.436,$GPGGA,134830.00,6332.829400,N,01034.288353,E,2,12,0.8,12.35,M,40.69,M,7.0,0907*72
2021:01:22:14:48:31.436000,1611323311.436,$GPGGA,134831.00,6332.826770,N,01034.290478,E,2,12,0.8,12.30,M,40.69,M,8.0,0907*75
2021:01:22:14:48:33.436000,1611323313.436,$GPGGA,134833.00,6332.821537,N,01034.294710,E,2,12,0.8,12.37,M,40.69,M,5.0,0907*72
2021:01:22:14:48:34.436000,1611323314.436,$GPGGA,134834.00,6332.818966,N,01034.296845,E,2,12,0.8,12.37,M,40.69,M,6.0,0907*79
2021:01:22:14:48:35.437000,1611323315.437,$GPGGA,134835.00,6332.816327,N,01034.298947,E,2,12,0.8,12.43,M,40.69,M,7.0,0907*76
2021:01:22:14:48:36.437000,1611323316.437,$GPGGA,134836.00,6332.813681,N,01034.301101,E,2,12,0.8,12.36,M,40.69,M,8.0,0907*7F
2021:01:22:14:48:37.437000,1611323317.437,$GPGGA,134837.00,6332.811069,N,01034.303054,E,2,12,0.8,12.39,M,40.69,M,9.0,0907*71
2021:01:22:14:48:38.437000,1611323318.437,$GPGGA,134838.00,6332.808396,N,01034.305143,E,2,12,0.8,12.37,M,40.69,M,10.0,0907*42
2021:01:22:14:48:39.437000,1611323319.437,$GPGGA,134839.00,6332.805796,N,01034.307168,E,2,12,0.8,12.41,M,40.69,M,5.0,0907*74
2021:01:22:14:48:41.437000,1611323321.437,$GPGGA,134841.00,6332.800480,N,01034.311110,E,2,12,0.8,12.36,M,40.69,M,7.0,0907*70
2021:01:22:14:48:42.437000,1611323322.437,$GPGGA,134842.00,6332.797840,N,01034.313099,E,2,12,0.8,12.37,M,40.69,M,8.0,0907*7E
2021:01:22:14:48:43.437000,1611323323.437,$GPGGA,134843.00,6332.795225,N,01034.315055,E,2,12,0.8,12.45,M,40.69,M,9.0,0907*76
2021:01:22:14:48:45.437000,1611323325.437,$GPGGA,134845.00,6332.789947,N,01034.319181,E,2,12,0.8,12.39,M,40.69,M,11.0,0907*44
2021:01:22:14:48:46.437000,1611323326.437,$GPGGA,134846.00,6332.787327,N,01034.321135,E,2,12,0.8,12.46,M,40.69,M,12.0,0907*4A
2021:01:22:14:48:47.437000,1611323327.437,$GPGGA,134847.00,6332.784665,N,01034.323186,E,2,12,0.8,12.44,M,40.69,M,8.0,0907*78
2021:01:22:14:48:48.437000,1611323328.437,$GPGGA,134848.00,6332.782054,N,01034.325234,E,2,12,0.8,12.41,M,40.69,M,9.0,0907*7D
2021:01:22:14:48:49.437000,1611323329.437,$GPGGA,134849.00,6332.779414,N,01034.327271,E,2,12,0.8,12.42,M,40.69,M,5.0,0907*74
2021:01:22:14:48:50.438000,1611323330.438,$GPGGA,134850.00,6332.776787,N,01034.329379,E,2,12,0.8,12.43,M,40.69,M,6.0,0907*7F
2021:01:22:14:48:51.438000,1611323331.438,$GPGGA,134851.00,6332.774164,N,01034.331487,E,2,12,0.8,12.44,M,40.69,M,7.0,0907*7E
2021:01:22:14:48:53.438000,1611323333.438,$GPGGA,134853.00,6332.768884,N,01034.335605,E,2,12,0.8,12.42,M,40.69,M,9.0,0907*72
2021:01:22:14:48:54.437000,1611323334.437,$GPGGA,134854.00,6332.766249,N,01034.337610,E,2,12,0.8,12.40,M,40.69,M,10.0,0907*4C
2021:01:22:14:48:55.437000,1611323335.437,$GPGGA,134855.00,6332.763634,N,01034.339759,E,2,12,0.8,12.39,M,40.69,M,11.0,0907*4B
2021:01:22:14:48:56.438000,1611323336.438,$GPGGA,134856.00,6332.761007,N,01034.341790,E,2,12,0.8,12.42,M,40.69,M,7.0,0907*7D
2021:01:22:14:48:57.437000,1611323337.437,$GPGGA,134857.00,6332.758391,N,01034.343880,E,2,12,0.8,12.42,M,40.69,M,8.0,0907*79
2021:01:22:14:48:58.437000,1611323338.437,$GPGGA,134858.00,6332.755761,N,01034.346060,E,2,12,0.8,12.37,M,40.69,M,9.0,0907*70
2021:01:22:14:48:59.437000,1611323339.437,$GPGGA,134859.00,6332.753176,N,01034.348192,E,2,12,0.8,12.42,M,40.69,M,4.0,0907*7A
2021:01:22:14:49:00.437000,1611323340.437,$GPGGA,134900.00,6332.750513,N,01034.350364,E,2,12,0.8,12.41,M,40.69,M,5.0,0907*73
2021:01:22:14:49:01.437000,1611323341.437,$GPGGA,134901.00,6332.747910,N,01034.352466,E,2,12,0.8,12.48,M,40.69,M,6.0,0907*76
2021:01:22:14:49:02.437000,1611323342.437,$GPGGA,134902.00,6332.745269,N,01034.354559,E,2,12,0.8,12.49,M,40.69,M,7.0,0907*79
2021:01:22:14:49:03.437000,1611323343.437,$GPGGA,134903.00,6332.742633,N,01034.356647,E,2,12,0.8,12.48,M,40.69,M,8.0,0907*74
2021:01:22:14:49:04.437000,1611323344.437,$GPGGA,134904.00,6332.739988,N,01034.358555,E,2,12,0.8,12.51,M,40.69,M,9.0,0907*77
2021:01:22:14:49:05.438000,1611323345.438,$GPGGA,134905.00,6332.737313,N,01034.360705,E,2,12,0.8,12.44,M,40.69,M,10.0,0907*40
2021:01:22:14:49:06.438000,1611323346.438,$GPGGA,134906.00,6332.734720,N,01034.362811,E,2,12,0.8,12.42,M,40.69,M,6.0,0907*7D
2021:01:22:14:49:07.438000,1611323347.438,$GPGGA,134907.00,6332.732075,N,01034.364870,E,2,12,0.8,12.43,M,40.69,M,7.0,0907*7C
2021:01:22:14:49:08.438000,1611323348.438,$GPGGA,134908.00,6332.729470,N,01034.366810,E,2,12,0.8,12.46,M,40.69,M,8.0,0907*76
2021:01:22:14:49:09.438000,1611323349.438,$GPGGA,134909.00,6332.726776,N,01034.368772,E,2,12,0.8,12.40,M,40.69,M,9.0,0907*7F
2021:01:22:14:49:10.438000,1611323350.438,$GPGGA,134910.00,6332.724171,N,01034.370653,E,2,12,0.8,12.42,M,40.69,M,5.0,0907*71
2021:01:22:14:49:11.438000,1611323351.438,$GPGGA,134911.00,6332.721483,N,01034.372558,E,2,12,0.8,12.44,M,40.69,M,6.0,0907*72
2021:01:22:14:49:12.438000,1611323352.438,$GPGGA,134912.00,6332.718854,N,01034.374478,E,2,12,0.8,12.44,M,40.69,M,7.0,0907*79
2021:01:22:14:49:13.438000,1611323353.438,$GPGGA,134913.00,6332.716176,N,01034.376250,E,2,12,0.8,12.44,M,40.69,M,8.0,0907*7E
2021:01:22:14:49:14.438000,1611323354.438,$GPGGA,134914.00,6332.713509,N,01034.378014,E,2,12,0.8,12.43,M,40.68,M,9.0,0907*7B
2021:01:22:14:49:15.438000,1611323355.438,$GPGGA,134915.00,6332.710830,N,01034.379973,E,2,12,0.8,12.36,M,40.68,M,10.0,0907*4D
2021:01:22:14:49:16.438000,1611323356.438,$GPGGA,134916.00,6332.708231,N,01034.381741,E,2,12,0.8,12.44,M,40.68,M,6.0,0907*76
2021:01:22:14:49:17.438000,1611323357.438,$GPGGA,134917.00,6332.705570,N,01034.383532,E,2,12,0.8,12.47,M,40.68,M,7.0,0907*7E
2021:01:22:14:49:18.438000,1611323358.438,$GPGGA,134918.00,6332.702895,N,01034.385258,E,2,12,0.8,12.42,M,40.68,M,8.0,0907*77
2021:01:22:14:49:19.439000,1611323359.439,$GPGGA,134919.00,6332.700291,N,01034.386927,E,2,12,0.8,12.48,M,40.68,M,9.0,0907*71
2021:01:22:14:49:20.439000,1611323360.439,$GPGGA,134920.00,6332.697608,N,01034.388644,E,2,12,0.8,12.50,M,40.68,M,10.0,0907*45
2021:01:22:14:49:21.439000,1611323361.439,$GPGGA,134921.00,6332.694983,N,01034.390412,E,2,12,0.8,12.46,M,40.68,M,11.0,0907*45
2021:01:22:14:49:22.439000,1611323362.439,$GPGGA,134922.00,6332.692356,N,01034.392232,E,2,12,0.8,12.46,M,40.68,M,12.0,0907*47
2021:01:22:14:49:23.439000,1611323363.439,$GPGGA,134923.00,6332.689737,N,01034.394197,E,2,12,0.8,12.42,M,40.68,M,13.0,0907*40
2021:01:22:14:49:24.438000,1611323364.438,$GPGGA,134924.00,6332.687185,N,01034.395925,E,2,12,0.8,12.53,M,40.68,M,14.0,0907*41
2021:01:22:14:49:25.438000,1611323365.438,$GPGGA,134925.00,6332.684509,N,01034.397728,E,2,12,0.8,12.45,M,40.68,M,15.0,0907*44
2021:01:22:14:49:27.438000,1611323367.438,$GPGGA,134927.00,6332.679301,N,01034.401359,E,2,12,0.8,12.51,M,40.68,M,11.0,0907*41
2021:01:22:14:49:28.438000,1611323368.438,$GPGGA,134928.00,6332.676649,N,01034.403149,E,2,12,0.8,12.51,M,40.68,M,12.0,0907*4A
2021:01:22:14:49:29.438000,1611323369.438,$GPGGA,134929.00,6332.674031,N,01034.404972,E,2,12,0.8,12.48,M,40.68,M,13.0,0907*4E
2021:01:22:14:49:31.438000,1611323371.438,$GPGGA,134931.00,6332.668791,N,01034.408733,E,2,12,0.8,12.49,M,40.68,M,10.0,0907*42
2021:01:22:14:49:32.438000,1611323372.438,$GPGGA,134932.00,6332.666161,N,01034.410720,E,2,12,0.8,12.42,M,40.68,M,11.0,0907*47
2021:01:22:14:49:33.439000,1611323373.439,$GPGGA,134933.00,6332.663570,N,01034.412612,E,2,12,0.8,12.46,M,40.68,M,7.0,0907*76
2021:01:22:14:49:35.439000,1611323375.439,$GPGGA,134935.00,6332.658344,N,01034.416654,E,2,12,0.8,12.44,M,40.68,M,9.0,0907*73
2021:01:22:14:49:36.439000,1611323376.439,$GPGGA,134936.00,6332.655733,N,01034.418609,E,2,12,0.8,12.46,M,40.68,M,5.0,0907*71
2021:01:22:14:49:37.439000,1611323377.439,$GPGGA,134937.00,6332.653129,N,01034.420721,E,2,12,0.8,12.50,M,40.68,M,6.0,0907*7F
2021:01:22:14:49:39.439000,1611323379.439,$GPGGA,134939.00,6332.647890,N,01034.424908,E,2,12,0.8,12.51,M,40.68,M,8.0,0907*71
2021:01:22:14:49:40.439000,1611323380.439,$GPGGA,134940.00,6332.645324,N,01034.427015,E,2,12,0.8,12.53,M,40.68,M,9.0,0907*7C
2021:01:22:14:49:41.439000,1611323381.439,$GPGGA,134941.00,6332.642677,N,01034.429139,E,2,12,0.8,12.54,M,40.68,M,10.0,0907*47
2021:01:22:14:49:42.439000,1611323382.439,$GPGGA,134942.00,6332.640068,N,01034.431310,E,2,12,0.8,12.50,M,40.68,M,11.0,0907*4B
2021:01:22:14:49:43.439000,1611323383.439,$GPGGA,134943.00,6332.637443,N,01034.433452,E,2,12,0.8,12.47,M,40.68,M,6.0,0907*74
2021:01:22:14:49:44.439000,1611323384.439,$GPGGA,134944.00,6332.634858,N,01034.435612,E,2,12,0.8,12.53,M,40.68,M,7.0,0907*72
2021:01:22:14:49:45.439000,1611323385.439,$GPGGA,134945.00,6332.632239,N,01034.437685,E,2,12,0.8,12.52,M,40.68,M,8.0,0907*7A
2021:01:22:14:49:47.440000,1611323387.44,$GPGGA,134947.00,6332.626996,N,01034.441929,E,2,12,0.8,12.46,M,40.68,M,10.0,0907*47
2021:01:22:14:49:48.440000,1611323388.44,$GPGGA,134948.00,6332.624390,N,01034.444046,E,2,12,0.8,12.54,M,40.68,M,11.0,0907*41
2021:01:22:14:49:49.440000,1611323389.44,$GPGGA,134949.00,6332.621752,N,01034.446243,E,2,12,0.8,12.50,M,40.68,M,12.0,0907*4D
2021:01:22:14:49:51.440000,1611323391.44,$GPGGA,134951.00,6332.616481,N,01034.450305,E,2,12,0.8,12.52,M,40.68,M,14.0,0907*4D
2021:01:22:14:49:52.440000,1611323392.44,$GPGGA,134952.00,6332.613841,N,01034.452412,E,2,12,0.8,12.52,M,40.68,M,15.0,0907*49
2021:01:22:14:49:53.440000,1611323393.44,$GPGGA,134953.00,6332.611195,N,01034.454471,E,2,12,0.8,12.52,M,40.68,M,9.0,0907*74
2021:01:22:14:49:55.439000,1611323395.439,$GPGGA,134955.00,6332.605922,N,01034.458448,E,2,12,0.8,12.51,M,40.68,M,11.0,0907*4F
2021:01:22:14:49:56.439000,1611323396.439,$GPGGA,134956.00,6332.603287,N,01034.460396,E,2,12,0.8,12.50,M,40.68,M,12.0,0907*43
2021:01:22:14:49:57.439000,1611323397.439,$GPGGA,134957.00,6332.600641,N,01034.462400,E,2,12,0.8,12.49,M,40.68,M,8.0,0907*76
2021:01:22:14:49:59.439000,1611323399.439,$GPGGA,134959.00,6332.595393,N,01034.466319,E,2,12,0.8,12.53,M,40.68,M,5.0,0907*70
2021:01:22:14:50:00.439000,1611323400.439,$GPGGA,135000.00,6332.592698,N,01034.468292,E,2,12,0.8,12.50,M,40.68,M,6.0,0907*71
2021:01:22:14:50:01.439000,1611323401.439,$GPGGA,135001.00,6332.590076,N,01034.470263,E,2,12,0.8,12.50,M,40.68,M,7.0,0907*72
2021:01:22:14:50:03.440000,1611323403.44,$GPGGA,135003.00,6332.584756,N,01034.474305,E,2,12,0.8,12.50,M,40.68,M,9.0,0907*7B
2021:01:22:14:50:04.440000,1611323404.44,$GPGGA,135004.00,6332.582140,N,01034.476317,E,2,12,0.8,12.49,M,40.68,M,10.0,0907*4A
2021:01:22:14:50:05.440000,1611323405.44,$GPGGA,135005.00,6332.579481,N,01034.478308,E,2,12,0.8,12.52,M,40.68,M,11.0,0907*4C
2021:01:22:14:50:06.440000,1611323406.44,$GPGGA,135006.00,6332.576829,N,01034.480326,E,2,12,0.8,12.51,M,40.68,M,12.0,0907*45
2021:01:22:14:50:07.440000,1611323407.44,$GPGGA,135007.00,6332.574167,N,01034.482412,E,2,12,0.8,12.43,M,40.68,M,6.0,0907*71
2021:01:22:14:50:08.440000,1611323408.44,$GPGGA,135008.00,6332.571528,N,01034.484331,E,2,12,0.8,12.45,M,40.68,M,7.0,0907*73
2021:01:22:14:50:09.440000,1611323409.44,$GPGGA,135009.00,6332.568843,N,01034.486350,E,2,12,0.8,12.44,M,40.68,M,8.0,0907*71
2021:01:22:14:50:10.440000,1611323410.44,$GPGGA,135010.00,6332.566203,N,01034.488200,E,2,12,0.8,12.47,M,40.68,M,9.0,0907*71
2021:01:22:14:50:11.440000,1611323411.44,$GPGGA,135011.00,6332.563501,N,01034.489993,E,2,12,0.8,12.47,M,40.68,M,10.0,0907*48
2021:01:22:14:50:12.440000,1611323412.44,$GPGGA,135012.00,6332.560817,N,01034.491854,E,2,12,0.8,12.45,M,40.68,M,11.0,0907*42
2021:01:22:14:50:13.440000,1611323413.44,$GPGGA,135013.00,6332.558167,N,01034.493811,E,2,12,0.8,12.45,M,40.68,M,7.0,0907*72
2021:01:22:14:50:14.440000,1611323414.44,$GPGGA,135014.00,6332.555500,N,01034.495660,E,2,12,0.8,12.49,M,40.68,M,8.0,0907*70
2021:01:22:14:50:15.440000,1611323415.44,$GPGGA,135015.00,6332.552803,N,01034.497521,E,2,12,0.8,12.44,M,40.68,M,9.0,0907*70
2021:01:22:14:50:16.440000,1611323416.44,$GPGGA,135016.00,6332.550155,N,01034.499330,E,2,12,0.8,12.47,M,40.68,M,10.0,0907*48
2021:01:22:14:50:17.441000,1611323417.441,$GPGGA,135017.00,6332.547475,N,01034.501215,E,2,12,0.8,12.45,M,40.68,M,6.0,0907*7B
2021:01:22:14:50:18.441000,1611323418.441,$GPGGA,135018.00,6332.544823,N,01034.503139,E,2,12,0.8,12.44,M,40.68,M,7.0,0907*77
2021:01:22:14:50:19.441000,1611323419.441,$GPGGA,135019.00,6332.542144,N,01034.505052,E,2,12,0.8,12.46,M,40.68,M,8.0,0907*7F
2021:01:22:14:50:20.441000,1611323420.441,$GPGGA,135020.00,6332.539486,N,01034.507023,E,2,12,0.8,12.43,M,40.68,M,9.0,0907*72
2021:01:22:14:50:21.441000,1611323421.441,$GPGGA,135021.00,6332.536860,N,01034.508870,E,2,12,0.8,12.47,M,40.68,M,10.0,0907*45
2021:01:22:14:50:22.441000,1611323422.441,$GPGGA,135022.00,6332.534153,N,01034.510821,E,2,12,0.8,12.42,M,40.68,M,11.0,0907*44
2021:01:22:14:50:23.441000,1611323423.441,$GPGGA,135023.00,6332.531560,N,01034.512836,E,2,12,0.8,12.40,M,40.68,M,12.0,0907*41
2021:01:22:14:50:24.441000,1611323424.441,$GPGGA,135024.00,6332.528898,N,01034.514773,E,2,12,0.8,12.43,M,40.68,M,13.0,0907*4E
2021:01:22:14:50:25.441000,1611323425.441,$GPGGA,135025.00,6332.526234,N,01034.516702,E,2,12,0.8,12.41,M,40.68,M,14.0,0907*4C
2021:01:22:14:50:26.440000,1611323426.44,$GPGGA,135026.00,6332.523627,N,01034.518703,E,2,12,0.8,12.42,M,40.68,M,15.0,0907*41
2021:01:22:14:50:27.440000,1611323427.44,$GPGGA,135027.00,6332.520961,N,01034.520624,E,2,12,0.8,12.43,M,40.68,M,8.0,0907*7C
2021:01:22:14:50:29.440000,1611323429.44,$GPGGA,135029.00,6332.515679,N,01034.524637,E,2,12,0.8,12.49,M,40.68,M,10.0,0907*47
2021:01:22:14:50:30.440000,1611323430.44,$GPGGA,135030.00,6332.513050,N,01034.526721,E,2,12,0.8,12.50,M,40.68,M,8.0,0907*71
2021:01:22:14:50:31.440000,1611323431.44,$GPGGA,135031.00,6332.510397,N,01034.528687,E,2,12,0.8,12.49,M,40.68,M,9.0,0907*71
2021:01:22:14:50:33.441000,1611323433.441,$GPGGA,135033.00,6332.505104,N,01034.532604,E,2,12,0.8,12.48,M,40.68,M,11.0,0907*47
2021:01:22:14:50:34.441000,1611323434.441,$GPGGA,135034.00,6332.502518,N,01034.534711,E,2,12,0.8,12.49,M,40.68,M,7.0,0907*7B
2021:01:22:14:50:35.441000,1611323435.441,$GPGGA,135035.00,6332.499880,N,01034.536766,E,2,12,0.8,12.51,M,40.68,M,8.0,0907*71
2021:01:22:14:50:36.441000,1611323436.441,$GPGGA,135036.00,6332.497289,N,01034.538683,E,2,12,0.8,12.57,M,40.68,M,9.0,0907*7C
2021:01:22:14:50:37.441000,1611323437.441,$GPGGA,135037.00,6332.494635,N,01034.540750,E,2,12,0.8,12.50,M,40.68,M,10.0,0907*42
2021:01:22:14:50:38.441000,1611323438.441,$GPGGA,135038.00,6332.492033,N,01034.542862,E,2,12,0.8,12.47,M,40.68,M,11.0,0907*40
2021:01:22:14:50:39.441000,1611323439.441,$GPGGA,135039.00,6332.489425,N,01034.544818,E,2,12,0.8,12.56,M,40.68,M,12.0,0907*40
2021:01:22:14:50:41.441000,1611323441.441,$GPGGA,135041.00,6332.484195,N,01034.549024,E,2,12,0.8,12.46,M,40.68,M,9.0,0907*7D
2021:01:22:14:50:42.441000,1611323442.441,$GPGGA,135042.00,6332.481561,N,01034.550830,E,2,12,0.8,12.56,M,40.68,M,10.0,0907*48
2021:01:22:14:50:43.441000,1611323443.441,$GPGGA,135043.00,6332.478874,N,01034.552943,E,2,12,0.8,12.48,M,40.68,M,11.0,0907*4F
2021:01:22:14:50:45.441000,1611323445.441,$GPGGA,135045.00,6332.473667,N,01034.556858,E,2,12,0.8,12.54,M,40.68,M,8.0,0907*74
2021:01:22:14:50:46.442000,1611323446.442,$GPGGA,135046.00,6332.471023,N,01034.558821,E,2,12,0.8,12.46,M,40.68,M,9.0,0907*71
2021:01:22:14:50:47.442000,1611323447.442,$GPGGA,135047.00,6332.468423,N,01034.560781,E,2,12,0.8,12.48,M,40.68,M,10.0,0907*44
2021:01:22:14:50:49.442000,1611323449.442,$GPGGA,135049.00,6332.463146,N,01034.564777,E,2,12,0.8,12.49,M,40.68,M,12.0,0907*49
2021:01:22:14:50:50.442000,1611323450.442,$GPGGA,135050.00,6332.460520,N,01034.566740,E,2,12,0.8,12.47,M,40.68,M,13.0,0907*4F
2021:01:22:14:50:51.442000,1611323451.442,$GPGGA,135051.00,6332.457919,N,01034.568613,E,2,12,0.8,12.55,M,40.68,M,14.0,0907*41
2021:01:22:14:50:53.442000,1611323453.442,$GPGGA,135053.00,6332.452652,N,01034.572601,E,2,12,0.8,12.47,M,40.68,M,16.0,0907*4F
2021:01:22:14:50:54.442000,1611323454.442,$GPGGA,135054.00,6332.450002,N,01034.574473,E,2,12,0.8,12.48,M,40.68,M,11.0,0907*40
2021:01:22:14:50:55.442000,1611323455.442,$GPGGA,135055.00,6332.447353,N,01034.576534,E,2,12,0.8,12.44,M,40.68,M,12.0,0907*4F
2021:01:22:14:50:57.441000,1611323457.441,$GPGGA,135057.00,6332.442091,N,01034.580455,E,2,12,0.8,12.47,M,40.68,M,9.0,0907*73
2021:01:22:14:50:58.441000,1611323458.441,$GPGGA,135058.00,6332.439429,N,01034.582408,E,2,12,0.8,12.44,M,40.68,M,10.0,0907*46
2021:01:22:14:50:59.441000,1611323459.441,$GPGGA,135059.00,6332.436809,N,01034.584366,E,2,12,0.8,12.44,M,40.68,M,11.0,0907*4E
2021:01:22:14:51:01.442000,1611323461.442,$GPGGA,135101.00,6332.431504,N,01034.588339,E,2,12,0.8,12.40,M,40.68,M,8.0,0907*7F
2021:01:22:14:51:02.442000,1611323462.442,$GPGGA,135102.00,6332.428901,N,01034.590306,E,2,12,0.8,12.41,M,40.68,M,9.0,0907*78
2021:01:22:14:51:03.442000,1611323463.442,$GPGGA,135103.00,6332.426273,N,01034.592340,E,2,12,0.8,12.43,M,40.68,M,10.0,0907*43
2021:01:22:14:51:05.442000,1611323465.442,$GPGGA,135105.00,6332.421056,N,01034.596460,E,2,12,0.8,12.49,M,40.68,M,7.0,0907*7A
2021:01:22:14:51:06.442000,1611323466.442,$GPGGA,135106.00,6332.418418,N,01034.598617,E,2,12,0.8,12.47,M,40.68,M,8.0,0907*70
2021:01:22:14:51:07.442000,1611323467.442,$GPGGA,135107.00,6332.415837,N,01034.600802,E,2,12,0.8,12.49,M,40.68,M,4.0,0907*77
2021:01:22:14:51:08.442000,1611323468.442,$GPGGA,135108.00,6332.413209,N,01034.602840,E,2,12,0.8,12.53,M,40.68,M,5.0,0907*77
2021:01:22:14:51:09.442000,1611323469.442,$GPGGA,135109.00,6332.410568,N,01034.604934,E,2,12,0.8,12.50,M,40.68,M,6.0,0907*71
2021:01:22:14:51:10.442000,1611323470.442,$GPGGA,135110.00,6332.407946,N,01034.607115,E,2,12,0.8,12.43,M,40.68,M,7.0,0907*74
2021:01:22:14:51:11.442000,1611323471.442,$GPGGA,135111.00,6332.405351,N,01034.609245,E,2,12,0.8,12.49,M,40.68,M,8.0,0907*76
2021:01:22:14:51:12.442000,1611323472.442,$GPGGA,135112.00,6332.402710,N,01034.611349,E,2,12,0.8,12.46,M,40.68,M,9.0,0907*79
2021:01:22:14:51:13.442000,1611323473.442,$GPGGA,135113.00,6332.400117,N,01034.613479,E,2,12,0.8,12.44,M,40.68,M,5.0,0907*73
2021:01:22:14:51:14.442000,1611323474.442,$GPGGA,135114.00,6332.397506,N,01034.615558,E,2,12,0.8,12.45,M,40.68,M,6.0,0907*7F
2021:01:22:14:51:15.442000,1611323475.442,$GPGGA,135115.00,6332.394857,N,01034.617611,E,2,12,0.8,12.43,M,40.68,M,7.0,0907*7F
2021:01:22:14:51:16.443000,1611323476.443,$GPGGA,135116.00,6332.392252,N,01034.619736,E,2,12,0.8,12.43,M,40.68,M,8.0,0907*70
2021:01:22:14:51:17.443000,1611323477.443,$GPGGA,135117.00,6332.389651,N,01034.621798,E,2,12,0.8,12.51,M,40.68,M,9.0,0907*71
2021:01:22:14:51:18.443000,1611323478.443,$GPGGA,135118.00,6332.387006,N,01034.623880,E,2,12,0.8,12.43,M,40.68,M,10.0,0907*4B
2021:01:22:14:51:19.443000,1611323479.443,$GPGGA,135119.00,6332.384412,N,01034.625871,E,2,12,0.8,12.47,M,40.68,M,11.0,0907*45
2021:01:22:14:51:20.443000,1611323480.443,$GPGGA,135120.00,6332.381739,N,01034.627873,E,2,12,0.8,12.50,M,40.68,M,12.0,0907*45
2021:01:22:14:51:21.443000,1611323481.443,$GPGGA,135121.00,6332.379138,N,01034.629870,E,2,12,0.8,12.51,M,40.68,M,7.0,0907*7C
2021:01:22:14:51:22.443000,1611323482.443,$GPGGA,135122.00,6332.376506,N,01034.631900,E,2,12,0.8,12.51,M,40.68,M,8.0,0907*79
2021:01:22:14:51:23.443000,1611323483.443,$GPGGA,135123.00,6332.373889,N,01034.633904,E,2,12,0.8,12.55,M,40.68,M,9.0,0907*74
2021:01:22:14:51:24.443000,1611323484.443,$GPGGA,135124.00,6332.371253,N,01034.636009,E,2,12,0.8,12.50,M,40.68,M,10.0,0907*40
2021:01:22:14:51:25.443000,1611323485.443,$GPGGA,135125.00,6332.368607,N,01034.637941,E,2,12,0.8,12.51,M,40.68,M,11.0,0907*48
2021:01:22:14:51:26.443000,1611323486.443,$GPGGA,135126.00,6332.365984,N,01034.639967,E,2,12,0.8,12.55,M,40.68,M,12.0,0907*4F
2021:01:22:14:51:27.442000,1611323487.442,$GPGGA,135127.00,6332.363376,N,01034.642213,E,2,12,0.8,12.49,M,40.68,M,7.0,0907*72
2021:01:22:14:51:28.442000,1611323488.442,$GPGGA,135128.00,6332.360765,N,01034.644293,E,2,12,0.8,12.54,M,40.68,M,8.0,0907*75
2021:01:22:14:51:29.442000,1611323489.442,$GPGGA,135129.00,6332.358115,N,01034.646349,E,2,12,0.8,12.52,M,40.68,M,9.0,0907*7D
2021:01:22:14:51:30.442000,1611323490.442,$GPGGA,135130.00,6332.355492,N,01034.648554,E,2,12,0.8,12.43,M,40.68,M,10.0,0907*4E
2021:01:22:14:51:31.443000,1611323491.443,$GPGGA,135131.00,6332.352879,N,01034.650772,E,2,12,0.8,12.43,M,40.68,M,6.0,0907*79
2021:01:22:14:51:32.443000,1611323492.443,$GPGGA,135132.00,6332.350263,N,01034.652989,E,2,12,0.8,12.48,M,40.68,M,7.0,0907*7B
2021:01:22:14:51:33.443000,1611323493.443,$GPGGA,135133.00,6332.347651,N,01034.655362,E,2,12,0.8,12.43,M,40.68,M,8.0,0907*75
2021:01:22:14:51:35.443000,1611323495.443,$GPGGA,135135.00,6332.342424,N,01034.659768,E,2,12,0.8,12.42,M,40.68,M,10.0,0907*4C
2021:01:22:14:51:36.443000,1611323496.443,$GPGGA,135136.00,6332.339810,N,01034.662149,E,2,12,0.8,12.38,M,40.68,M,11.0,0907*49
2021:01:22:14:51:37.443000,1611323497.443,$GPGGA,135137.00,6332.337247,N,01034.664508,E,2,12,0.8,12.36,M,40.67,M,12.0,0907*4B
2021:01:22:14:51:39.443000,1611323499.443,$GPGGA,135139.00,6332.332050,N,01034.669151,E,2,12,0.8,12.37,M,40.67,M,14.0,0907*46
2021:01:22:14:51:40.443000,1611323500.443,$GPGGA,135140.00,6332.329493,N,01034.671501,E,2,12,0.8,12.38,M,40.67,M,15.0,0907*4F
2021:01:22:14:51:41.443000,1611323501.443,$GPGGA,135141.00,6332.326902,N,01034.673929,E,2,12,0.8,12.41,M,40.67,M,5.0,0907*7F
2021:01:22:14:51:43.443000,1611323503.443,$GPGGA,135143.00,6332.321796,N,01034.678878,E,2,12,0.8,12.46,M,40.67,M,7.0,0907*72
2021:01:22:14:51:44.443000,1611323504.443,$GPGGA,135144.00,6332.319198,N,01034.681370,E,2,12,0.8,12.40,M,40.67,M,8.0,0907*7A
2021:01:22:14:51:45.444000,1611323505.444,$GPGGA,135145.00,6332.316661,N,01034.683698,E,2,12,0.8,12.45,M,40.67,M,9.0,0907*70
2021:01:22:14:51:47.444000,1611323507.444,$GPGGA,135147.00,6332.311451,N,01034.688516,E,2,12,0.8,12.38,M,40.67,M,11.0,0907*49
2021:01:22:14:51:48.444000,1611323508.444,$GPGGA,135148.00,6332.308878,N,01034.690723,E,2,12,0.8,12.42,M,40.67,M,7.0,0907*7E
2021:01:22:14:51:49.444000,1611323509.444,$GPGGA,135149.00,6332.306240,N,01034.692889,E,2,12,0.8,12.44,M,40.67,M,8.0,0907*74
2021:01:22:14:51:51.444000,1611323511.444,$GPGGA,135151.00,6332.301065,N,01034.697418,E,2,12,0.8,12.40,M,40.67,M,10.0,0907*43
2021:01:22:14:51:52.444000,1611323512.444,$GPGGA,135152.00,6332.298461,N,01034.699689,E,2,12,0.8,12.38,M,40.67,M,11.0,0907*4B
2021:01:22:14:51:53.444000,1611323513.444,$GPGGA,135153.00,6332.295883,N,01034.701885,E,2,12,0.8,12.40,M,40.67,M,12.0,0907*49
2021:01:22:14:51:55.444000,1611323515.444,$GPGGA,135155.00,6332.290638,N,01034.706003,E,2,12,0.8,12.38,M,40.67,M,9.0,0907*70
2021:01:22:14:51:56.444000,1611323516.444,$GPGGA,135156.00,6332.288050,N,01034.708123,E,2,12,0.8,12.39,M,40.67,M,10.0,0907*46
2021:01:22:14:51:57.443000,1611323517.443,$GPGGA,135157.00,6332.285431,N,01034.710181,E,2,12,0.8,12.42,M,40.67,M,11.0,0907*45
2021:01:22:14:51:59.443000,1611323519.443,$GPGGA,135159.00,6332.280189,N,01034.714270,E,2,12,0.8,12.40,M,40.67,M,7.0,0907*74
2021:01:22:14:52:00.444000,1611323520.444,$GPGGA,135200.00,6332.277574,N,01034.716112,E,2,12,0.8,12.49,M,40.67,M,8.0,0907*76
2021:01:22:14:52:01.444000,1611323521.444,$GPGGA,135201.00,6332.274928,N,01034.718261,E,2,12,0.8,12.39,M,40.67,M,9.0,0907*7E
2021:01:22:14:52:03.444000,1611323523.444,$GPGGA,135203.00,6332.269694,N,01034.721990,E,2,12,0.8,12.49,M,40.67,M,11.0,0907*49
2021:01:22:14:52:04.444000,1611323524.444,$GPGGA,135204.00,6332.267070,N,01034.723984,E,2,12,0.8,12.39,M,40.67,M,7.0,0907*7B
2021:01:22:14:52:05.444000,1611323525.444,$GPGGA,135205.00,6332.264477,N,01034.725929,E,2,12,0.8,12.41,M,40.67,M,8.0,0907*7B
2021:01:22:14:52:06.444000,1611323526.444,$GPGGA,135206.00,6332.261860,N,01034.727784,E,2,12,0.8,12.49,M,40.67,M,9.0,0907*75
2021:01:22:14:52:07.444000,1611323527.444,$GPGGA,135207.00,6332.259233,N,01034.729760,E,2,12,0.8,12.47,M,40.67,M,10.0,0907*41
2021:01:22:14:52:08.444000,1611323528.444,$GPGGA,135208.00,6332.256658,N,01034.731771,E,2,12,0.8,12.46,M,40.67,M,6.0,0907*77
2021:01:22:14:52:09.444000,1611323529.444,$GPGGA,135209.00,6332.254034,N,01034.733751,E,2,12,0.8,12.45,M,40.67,M,7.0,0907*7A
2021:01:22:14:52:10.444000,1611323530.444,$GPGGA,135210.00,6332.251461,N,01034.735765,E,2,12,0.8,12.46,M,40.67,M,8.0,0907*7E
2021:01:22:14:52:11.444000,1611323531.444,$GPGGA,135211.00,6332.248858,N,01034.737782,E,2,12,0.8,12.47,M,40.67,M,9.0,0907*7A
2021:01:22:14:52:12.444000,1611323532.444,$GPGGA,135212.00,6332.246286,N,01034.739867,E,2,12,0.8,12.46,M,40.67,M,10.0,0907*4D
2021:01:22:14:52:13.444000,1611323533.444,$GPGGA,135213.00,6332.243682,N,01034.741935,E,2,12,0.8,12.43,M,40.67,M,11.0,0907*44
2021:01:22:14:52:14.444000,1611323534.444,$GPGGA,135214.00,6332.241093,N,01034.743978,E,2,12,0.8,12.43,M,40.67,M,6.0,0907*7A
2021:01:22:14:52:15.445000,1611323535.445,$GPGGA,135215.00,6332.238489,N,01034.746109,E,2,12,0.8,12.42,M,40.67,M,7.0,0907*71
2021:01:22:14:52:16.445000,1611323536.445,$GPGGA,135216.00,6332.235935,N,01034.748272,E,2,12,0.8,12.44,M,40.67,M,8.0,0907*7D
2021:01:22:14:52:17.445000,1611323537.445,$GPGGA,135217.00,6332.233304,N,01034.750301,E,2,12,0.8,12.46,M,40.67,M,9.0,0907*7D
2021:01:22:14:52:18.445000,1611323538.445,$GPGGA,135218.00,6332.230715,N,01034.752432,E,2,12,0.8,12.44,M,40.67,M,10.0,0907*4A
2021:01:22:14:52:19.445000,1611323539.445,$GPGGA,135219.00,6332.228133,N,01034.754495,E,2,12,0.8,12.44,M,40.67,M,11.0,0907*4A
2021:01:22:14:52:20.445000,1611323540.445,$GPGGA,135220.00,6332.225528,N,01034.756527,E,2,12,0.8,12.42,M,40.67,M,12.0,0907*4C
2021:01:22:14:52:21.445000,1611323541.445,$GPGGA,135221.00,6332.222952,N,01034.758645,E,2,12,0.8,12.34,M,40.67,M,8.0,0907*78
2021:01:22:14:52:22.445000,1611323542.445,$GPGGA,135222.00,6332.220374,N,01034.760663,E,2,12,0.8,12.40,M,40.67,M,9.0,0907*7A
2021:01:22:14:52:23.445000,1611323543.445,$GPGGA,135223.00,6332.217754,N,01034.762770,E,2,12,0.8,12.36,M,40.67,M,10.0,0907*41
2021:01:22:14:52:24.445000,1611323544.445,$GPGGA,135224.00,6332.215220,N,01034.764960,E,2,12,0.8,12.37,M,40.67,M,6.0,0907*7D
2021:01:22:14:52:25.445000,1611323545.445,$GPGGA,135225.00,6332.212642,N,01034.766999,E,2,12,0.8,12.43,M,40.67,M,7.0,0907*7D
2021:01:22:14:52:26.445000,1611323546.445,$GPGGA,135226.00,6332.210031,N,01034.769119,E,2,12,0.8,12.39,M,40.67,M,8.0,0907*73
2021:01:22:14:52:27.445000,1611323547.445,$GPGGA,135227.00,6332.207451,N,01034.771147,E,2,12,0.8,12.40,M,40.67,M,9.0,0907*7B
2021:01:22:14:52:28.445000,1611323548.445,$GPGGA,135228.00,6332.204845,N,01034.773089,E,2,12,0.8,12.46,M,40.67,M,10.0,0907*41
2021:01:22:14:52:29.444000,1611323549.444,$GPGGA,135229.00,6332.202251,N,01034.775221,E,2,12,0.8,12.42,M,40.67,M,11.0,0907*4A
2021:01:22:14:52:30.445000,1611323550.445,$GPGGA,135230.00,6332.199702,N,01034.777272,E,2,12,0.8,12.45,M,40.67,M,12.0,0907*40
2021:01:22:14:52:31.445000,1611323551.445,$GPGGA,135231.00,6332.197069,N,01034.779274,E,2,12,0.8,12.46,M,40.67,M,8.0,0907*75
2021:01:22:14:52:33.445000,1611323553.445,$GPGGA,135233.00,6332.191927,N,01034.783437,E,2,12,0.8,12.49,M,40.67,M,10.0,0907*40
2021:01:22:14:52:34.445000,1611323554.445,$GPGGA,135234.00,6332.189334,N,01034.785523,E,2,12,0.8,12.49,M,40.67,M,11.0,0907*45
2021:01:22:14:52:35.445000,1611323555.445,$GPGGA,135235.00,6332.186766,N,01034.787516,E,2,12,0.8,12.47,M,40.67,M,7.0,0907*75
2021:01:22:14:52:37.445000,1611323557.445,$GPGGA,135237.00,6332.181586,N,01034.791715,E,2,12,0.8,12.46,M,40.67,M,9.0,0907*75
2021:01:22:14:52:38.445000,1611323558.445,$GPGGA,135238.00,6332.178999,N,01034.793645,E,2,12,0.8,12.50,M,40.67,M,10.0,0907*47
2021:01:22:14:52:39.445000,1611323559.445,$GPGGA,135239.00,6332.176432,N,01034.795838,E,2,12,0.8,12.46,M,40.67,M,11.0,0907*40
2021:01:22:14:52:40.445000,1611323560.445,$GPGGA,135240.00,6332.173847,N,01034.797901,E,2,12,0.8,12.47,M,40.67,M,12.0,0907*4E
2021:01:22:14:52:41.445000,1611323561.445,$GPGGA,135241.00,6332.171242,N,01034.799976,E,2,12,0.8,12.46,M,40.67,M,8.0,0907*76
2021:01:22:14:52:42.445000,1611323562.445,$GPGGA,135242.00,6332.168671,N,01034.802057,E,2,12,0.8,12.46,M,40.67,M,9.0,0907*7F
2021:01:22:14:52:43.445000,1611323563.445,$GPGGA,135243.00,6332.166058,N,01034.804049,E,2,12,0.8,12.45,M,40.67,M,10.0,0907*4F
2021:01:22:14:52:45.446000,1611323565.446,$GPGGA,135245.00,6332.160874,N,01034.808082,E,2,12,0.8,12.39,M,40.67,M,6.0,0907*7E
2021:01:22:14:52:46.446000,1611323566.446,$GPGGA,135246.00,6332.158269,N,01034.810092,E,2,12,0.8,12.37,M,40.67,M,7.0,0907*77
2021:01:22:14:52:47.446000,1611323567.446,$GPGGA,135247.00,6332.155724,N,01034.812237,E,2,12,0.8,12.37,M,40.67,M,8.0,0907*77
2021:01:22:14:52:49.446000,1611323569.446,$GPGGA,135249.00,6332.150562,N,01034.816255,E,2,12,0.8,12.36,M,40.67,M,10.0,0907*44
2021:01:22:14:52:50.446000,1611323570.446,$GPGGA,135250.00,6332.147988,N,01034.818417,E,2,12,0.8,12.30,M,40.67,M,11.0,0907*4B
2021:01:22:14:52:51.446000,1611323571.446,$GPGGA,135251.00,6332.145400,N,01034.820482,E,2,12,0.8,12.34,M,40.67,M,12.0,0907*45
2021:01:22:14:52:53.446000,1611323573.446,$GPGGA,135253.00,6332.140258,N,01034.824772,E,2,12,0.8,12.39,M,40.67,M,14.0,0907*4A
2021:01:22:14:52:54.446000,1611323574.446,$GPGGA,135254.00,6332.137660,N,01034.826768,E,2,12,0.8,12.40,M,40.67,M,15.0,0907*44
2021:01:22:14:52:55.446000,1611323575.446,$GPGGA,135255.00,6332.135052,N,01034.828805,E,2,12,0.8,12.37,M,40.67,M,11.0,0907*4E
2021:01:22:14:52:57.446000,1611323577.446,$GPGGA,135257.00,6332.129850,N,01034.832893,E,2,12,0.8,12.35,M,40.67,M,13.0,0907*4F
2021:01:22:14:52:58.446000,1611323578.446,$GPGGA,135258.00,6332.127311,N,01034.835005,E,2,12,0.8,12.42,M,40.67,M,8.0,0907*7A
2021:01:22:14:52:59.447000,1611323579.447,$GPGGA,135259.00,6332.124678,N,01034.837007,E,2,12,0.8,12.42,M,40.67,M,9.0,0907*73
2021:01:22:14:53:00.447000,1611323580.447,$GPGGA,135300.00,6332.122092,N,01034.839032,E,2,12,0.8,12.38,M,40.67,M,10.0,0907*47
2021:01:22:14:53:01.446000,1611323581.446,$GPGGA,135301.00,6332.119496,N,01034.841014,E,2,12,0.8,12.42,M,40.67,M,6.0,0907*7F
2021:01:22:14:53:02.446000,1611323582.446,$GPGGA,135302.00,6332.116870,N,01034.843161,E,2,12,0.8,12.37,M,40.67,M,7.0,0907*75
2021:01:22:14:53:03.446000,1611323583.446,$GPGGA,135303.00,6332.114308,N,01034.845104,E,2,12,0.8,12.42,M,40.67,M,8.0,0907*7A
2021:01:22:14:53:05.446000,1611323585.446,$GPGGA,135305.00,6332.109099,N,01034.849157,E,2,12,0.8,12.38,M,40.67,M,10.0,0907*45
2021:01:22:14:53:06.446000,1611323586.446,$GPGGA,135306.00,6332.106471,N,01034.851047,E,2,12,0.8,12.41,M,40.67,M,11.0,0907*4D
2021:01:22:14:53:07.446000,1611323587.446,$GPGGA,135307.00,6332.103876,N,01034.853070,E,2,12,0.8,12.41,M,40.67,M,12.0,0907*47
2021:01:22:14:53:09.446000,1611323589.446,$GPGGA,135309.00,6332.098680,N,01034.856946,E,2,12,0.8,12.41,M,40.67,M,9.0,0907*7E
2021:01:22:14:53:10.446000,1611323590.446,$GPGGA,135310.00,6332.096059,N,01034.859035,E,2,12,0.8,12.37,M,40.67,M,10.0,0907*41
2021:01:22:14:53:11.446000,1611323591.446,$GPGGA,135311.00,6332.093489,N,01034.861040,E,2,12,0.8,12.40,M,40.67,M,11.0,0907*44
2021:01:22:14:53:12.446000,1611323592.446,$GPGGA,135312.00,6332.090850,N,01034.862950,E,2,12,0.8,12.40,M,40.67,M,7.0,0907*70
2021:01:22:14:53:13.446000,1611323593.446,$GPGGA,135313.00,6332.088251,N,01034.864933,E,2,12,0.8,12.37,M,40.67,M,8.0,0907*7F
2021:01:22:14:53:14.447000,1611323594.447,$GPGGA,135314.00,6332.085639,N,01034.866953,E,2,12,0.8,12.37,M,40.67,M,9.0,0907*7A
2021:01:22:14:53:15.447000,1611323595.447,$GPGGA,135315.00,6332.083035,N,01034.868962,E,2,12,0.8,12.35,M,40.67,M,10.0,0907*41
2021:01:22:14:53:16.447000,1611323596.447,$GPGGA,135316.00,6332.080438,N,01034.871100,E,2,12,0.8,12.32,M,40.67,M,11.0,0907*4A
2021:01:22:14:53:17.447000,1611323597.447,$GPGGA,135317.00,6332.077844,N,01034.873245,E,2,12,0.8,12.32,M,40.67,M,12.0,0907*47
2021:01:22:14:53:18.447000,1611323598.447,$GPGGA,135318.00,6332.075279,N,01034.875335,E,2,12,0.8,12.38,M,40.67,M,13.0,0907*45
2021:01:22:14:53:19.447000,1611323599.447,$GPGGA,135319.00,6332.072667,N,01034.877416,E,2,12,0.8,12.37,M,40.67,M,14.0,0907*44
2021:01:22:14:53:20.447000,1611323600.447,$GPGGA,135320.00,6332.070071,N,01034.879491,E,2,12,0.8,12.38,M,40.67,M,15.0,0907*42
2021:01:22:14:53:21.447000,1611323601.447,$GPGGA,135321.00,6332.067469,N,01034.881616,E,2,12,0.8,12.36,M,40.67,M,16.0,0907*4F
2021:01:22:14:53:22.447000,1611323602.447,$GPGGA,135322.00,6332.064882,N,01034.883697,E,2,12,0.8,12.38,M,40.67,M,11.0,0907*44
2021:01:22:14:53:23.447000,1611323603.447,$GPGGA,135323.00,6332.062280,N,01034.885612,E,2,12,0.8,12.42,M,40.67,M,12.0,0907*4E
2021:01:22:14:53:24.447000,1611323604.447,$GPGGA,135324.00,6332.059686,N,01034.887729,E,2,12,0.8,12.39,M,40.67,M,13.0,0907*45
2021:01:22:14:53:25.447000,1611323605.447,$GPGGA,135325.00,6332.057104,N,01034.889719,E,2,12,0.8,12.41,M,40.67,M,14.0,0907*42
2021:01:22:14:53:26.447000,1611323606.447,$GPGGA,135326.00,6332.054505,N,01034.891769,E,2,12,0.8,12.41,M,40.67,M,15.0,0907*48
2021:01:22:14:53:27.447000,1611323607.447,$GPGGA,135327.00,6332.051879,N,01034.893806,E,2,12,0.8,12.35,M,40.67,M,16.0,0907*4E
2021:01:22:14:53:28.448000,1611323608.448,$GPGGA,135328.00,6332.049291,N,01034.895801,E,2,12,0.8,12.37,M,40.67,M,9.0,0907*79
2021:01:22:14:53:29.448000,1611323609.448,$GPGGA,135329.00,6332.046683,N,01034.897794,E,2,12,0.8,12.39,M,40.67,M,10.0,0907*47
2021:01:22:14:53:30.448000,1611323610.448,$GPGGA,135330.00,6332.044072,N,01034.899717,E,2,12,0.8,12.40,M,40.67,M,11.0,0907*4F
2021:01:22:14:53:31.448000,1611323611.448,$GPGGA,135331.00,6332.041472,N,01034.901560,E,2,12,0.8,12.43,M,40.67,M,12.0,0907*4D
2021:01:22:14:53:32.447000,1611323612.447,$GPGGA,135332.00,6332.038821,N,01034.903476,E,2,12,0.8,12.37,M,40.67,M,10.0,0907*4F
2021:01:22:14:53:33.447000,1611323613.447,$GPGGA,135333.00,6332.036245,N,01034.905488,E,2,12,0.8,12.36,M,40.67,M,11.0,0907*4F
2021:01:22:14:53:35.447000,1611323615.447,$GPGGA,135335.00,6332.031047,N,01034.909444,E,2,12,0.8,12.42,M,40.67,M,8.0,0907*79
2021:01:22:14:53:36.447000,1611323616.447,$GPGGA,135336.00,6332.028452,N,01034.911375,E,2,12,0.8,12.42,M,40.67,M,9.0,0907*7F
2021:01:22:14:53:37.447000,1611323617.447,$GPGGA,135337.00,6332.025869,N,01034.913346,E,2,12,0.8,12.43,M,40.67,M,10.0,0907*4C
2021:01:22:14:53:39.447000,1611323619.447,$GPGGA,135339.00,6332.020661,N,01034.917290,E,2,12,0.8,12.46,M,40.67,M,7.0,0907*7C
2021:01:22:14:53:40.447000,1611323620.447,$GPGGA,135340.00,6332.018066,N,01034.919310,E,2,12,0.8,12.46,M,40.67,M,8.0,0907*70
2021:01:22:14:53:41.447000,1611323621.447,$GPGGA,135341.00,6332.015467,N,01034.921304,E,2,12,0.8,12.44,M,40.67,M,9.0,0907*74
2021:01:22:14:53:43.448000,1611323623.448,$GPGGA,135343.00,6332.010228,N,01034.925043,E,2,12,0.8,12.40,M,40.67,M,6.0,0907*71
2021:01:22:14:53:44.448000,1611323624.448,$GPGGA,135344.00,6332.007641,N,01034.926991,E,2,12,0.8,12.41,M,40.67,M,7.0,0907*7E
2021:01:22:14:53:45.448000,1611323625.448,$GPGGA,135345.00,6332.005022,N,01034.928947,E,2,12,0.8,12.38,M,40.67,M,8.0,0907*7A
2021:01:22:14:53:47.448000,1611323627.448,$GPGGA,135347.00,6331.999813,N,01034.932716,E,2,12,0.8,12.44,M,40.67,M,10.0,0907*4E
2021:01:22:14:53:48.448000,1611323628.448,$GPGGA,135348.00,6331.997199,N,01034.934734,E,2,12,0.8,12.41,M,40.67,M,11.0,0907*46
2021:01:22:14:53:49.448000,1611323629.448,$GPGGA,135349.00,6331.994596,N,01034.936714,E,2,12,0.8,12.41,M,40.67,M,12.0,0907*4C
2021:01:22:14:53:50.448000,1611323630.448,$GPGGA,135350.00,6331.992001,N,01034.938580,E,2,12,0.8,12.45,M,40.67,M,13.0,0907*4D
2021:01:22:14:53:51.448000,1611323631.448,$GPGGA,135351.00,6331.989381,N,01034.940614,E,2,12,0.8,12.41,M,40.67,M,9.0,0907*73
2021:01:22:14:53:52.448000,1611323632.448,$GPGGA,135352.00,6331.986808,N,01034.942522,E,2,12,0.8,12.44,M,40.67,M,10.0,0907*4C
2021:01:22:14:53:53.448000,1611323633.448,$GPGGA,135353.00,6331.984219,N,01034.944428,E,2,12,0.8,12.44,M,40.67,M,11.0,0907*49
2021:01:22:14:53:54.448000,1611323634.448,$GPGGA,135354.00,6331.981633,N,01034.946390,E,2,12,0.8,12.43,M,40.67,M,12.0,0907*45
2021:01:22:14:53:55.448000,1611323635.448,$GPGGA,135355.00,6331.979027,N,01034.948310,E,2,12,0.8,12.44,M,40.67,M,13.0,0907*40
2021:01:22:14:53:56.448000,1611323636.448,$GPGGA,135356.00,6331.976423,N,01034.950376,E,2,12,0.8,12.40,M,40.67,M,14.0,0907*46
2021:01:22:14:53:57.448000,1611323637.448,$GPGGA,135357.00,6331.973855,N,01034.952334,E,2,12,0.8,12.44,M,40.66,M,15.0,0907*4F
2021:01:22:14:53:59.449000,1611323639.449,$GPGGA,135359.00,6331.968618,N,01034.956205,E,2,12,0.8,12.40,M,40.66,M,11.0,0907*4B
2021:01:22:14:54:00.449000,1611323640.449,$GPGGA,135400.00,6331.966013,N,01034.958115,E,2,12,0.8,12.39,M,40.66,M,12.0,0907*42
2021:01:22:14:54:01.449000,1611323641.449,$GPGGA,135401.00,6331.963429,N,01034.960045,E,2,12,0.8,12.42,M,40.66,M,8.0,0907*73
2021:01:22:14:54:03.448000,1611323643.448,$GPGGA,135403.00,6331.958219,N,01034.963774,E,2,12,0.8,12.39,M,40.66,M,10.0,0907*4F
2021:01:22:14:54:04.449000,1611323644.449,$GPGGA,135404.00,6331.955643,N,01034.965734,E,2,12,0.8,12.39,M,40.66,M,11.0,0907*4D
2021:01:22:14:54:05.448000,1611323645.448,$GPGGA,135405.00,6331.953063,N,01034.967822,E,2,12,0.8,12.39,M,40.66,M,7.0,0907*73
2021:01:22:14:54:07.448000,1611323647.448,$GPGGA,135407.00,6331.947864,N,01034.971496,E,2,12,0.8,12.42,M,40.66,M,9.0,0907*7D
2021:01:22:14:54:08.448000,1611323648.448,$GPGGA,135408.00,6331.945297,N,01034.973329,E,2,12,0.8,12.41,M,40.66,M,10.0,0907*4C
2021:01:22:14:54:09.448000,1611323649.448,$GPGGA,135409.00,6331.942710,N,01034.975210,E,2,12,0.8,12.42,M,40.66,M,6.0,0907*79
2021:01:22:14:54:10.448000,1611323650.448,$GPGGA,135410.00,6331.940096,N,01034.976860,E,2,12,0.8,12.46,M,40.66,M,7.0,0907*71
2021:01:22:14:54:11.448000,1611323651.448,$GPGGA,135411.00,6331.937504,N,01034.978793,E,2,12,0.8,12.39,M,40.66,M,8.0,0907*74
2021:01:22:14:54:12.449000,1611323652.449,$GPGGA,135412.00,6331.934931,N,01034.980562,E,2,12,0.8,12.42,M,40.66,M,9.0,0907*78
2021:01:22:14:54:13.449000,1611323653.449,$GPGGA,135413.00,6331.932362,N,01034.982425,E,2,12,0.8,12.46,M,40.66,M,10.0,0907*4F
2021:01:22:14:54:14.449000,1611323654.449,$GPGGA,135414.00,6331.929781,N,01034.984369,E,2,12,0.8,12.43,M,40.66,M,11.0,0907*46
2021:01:22:14:54:15.449000,1611323655.449,$GPGGA,135415.00,6331.927243,N,01034.986281,E,2,12,0.8,12.47,M,40.66,M,6.0,0907*75
2021:01:22:14:54:16.449000,1611323656.449,$GPGGA,135416.00,6331.924649,N,01034.988167,E,2,12,0.8,12.48,M,40.66,M,7.0,0907*70
2021:01:22:14:54:17.449000,1611323657.449,$GPGGA,135417.00,6331.922055,N,01034.990022,E,2,12,0.8,12.46,M,40.66,M,8.0,0907*74
2021:01:22:14:54:18.449000,1611323658.449,$GPGGA,135418.00,6331.919478,N,01034.991918,E,2,12,0.8,12.45,M,40.66,M,9.0,0907*7B
2021:01:22:14:54:19.449000,1611323659.449,$GPGGA,135419.00,6331.916909,N,01034.993819,E,2,12,0.8,12.49,M,40.66,M,10.0,0907*48
2021:01:22:14:54:20.449000,1611323660.449,$GPGGA,135420.00,6331.914331,N,01034.995801,E,2,12,0.8,12.48,M,40.66,M,11.0,0907*4E
2021:01:22:14:54:21.449000,1611323661.449,$GPGGA,135421.00,6331.911768,N,01034.997796,E,2,12,0.8,12.44,M,40.66,M,12.0,0907*4E
2021:01:22:14:54:22.449000,1611323662.449,$GPGGA,135422.00,6331.909201,N,01034.999738,E,2,12,0.8,12.46,M,40.66,M,8.0,0907*7D
2021:01:22:14:54:23.449000,1611323663.449,$GPGGA,135423.00,6331.906623,N,01035.001780,E,2,12,0.8,12.45,M,40.66,M,9.0,0907*7F
2021:01:22:14:54:24.449000,1611323664.449,$GPGGA,135424.00,6331.904053,N,01035.003842,E,2,12,0.8,12.44,M,40.66,M,10.0,0907*41
2021:01:22:14:54:25.449000,1611323665.449,$GPGGA,135425.00,6331.901470,N,01035.005835,E,2,12,0.8,12.48,M,40.66,M,4.0,0907*7F
2021:01:22:14:54:26.450000,1611323666.45,$GPGGA,135426.00,6331.898896,N,01035.007905,E,2,12,0.8,12.48,M,40.66,M,5.0,0907*78
2021:01:22:14:54:27.450000,1611323667.45,$GPGGA,135427.00,6331.896319,N,01035.009948,E,2,12,0.8,12.49,M,40.66,M,6.0,0907*7E
2021:01:22:14:54:28.450000,1611323668.45,$GPGGA,135428.00,6331.893729,N,01035.011791,E,2,12,0.8,12.54,M,40.66,M,7.0,0907*7D
2021:01:22:14:54:29.450000,1611323669.45,$GPGGA,135429.00,6331.891142,N,01035.013904,E,2,12,0.8,12.48,M,40.66,M,8.0,0907*77
2021:01:22:14:54:30.450000,1611323670.45,$GPGGA,135430.00,6331.888576,N,01035.015886,E,2,12,0.8,12.48,M,40.66,M,9.0,0907*78
2021:01:22:14:54:31.450000,1611323671.45,$GPGGA,135431.00,6331.886000,N,01035.017856,E,2,12,0.8,12.53,M,40.66,M,10.0,0907*4E
2021:01:22:14:54:32.450000,1611323672.45,$GPGGA,135432.00,6331.883418,N,01035.019898,E,2,12,0.8,12.48,M,40.66,M,11.0,0907*42
2021:01:22:14:54:33.450000,1611323673.45,$GPGGA,135433.00,6331.880851,N,01035.021833,E,2,12,0.8,12.50,M,40.66,M,12.0,0907*41
2021:01:22:14:54:34.449000,1611323674.449,$GPGGA,135434.00,6331.878238,N,01035.023766,E,2,12,0.8,12.50,M,40.66,M,13.0,0907*48
2021:01:22:14:54:35.449000,1611323675.449,$GPGGA,135435.00,6331.875691,N,01035.025885,E,2,12,0.8,12.50,M,40.66,M,14.0,0907*40
2021:01:22:14:54:37.449000,1611323677.449,$GPGGA,135437.00,6331.870536,N,01035.029903,E,2,12,0.8,12.49,M,40.66,M,10.0,0907*46
2021:01:22:14:54:38.449000,1611323678.449,$GPGGA,135438.00,6331.867946,N,01035.031918,E,2,12,0.8,12.49,M,40.66,M,6.0,0907*70
2021:01:22:14:54:39.449000,1611323679.449,$GPGGA,135439.00,6331.865349,N,01035.033850,E,2,12,0.8,12.48,M,40.66,M,7.0,0907*79
2021:01:22:14:54:40.449000,1611323680.449,$GPGGA,135440.00,6331.862777,N,01035.035835,E,2,12,0.8,12.49,M,40.66,M,8.0,0907*72
2021:01:22:14:54:41.450000,1611323681.45,$GPGGA,135441.00,6331.860188,N,01035.037893,E,2,12,0.8,12.49,M,40.66,M,9.0,0907*78
2021:01:22:14:54:42.450000,1611323682.45,$GPGGA,135442.00,6331.857611,N,01035.039923,E,2,12,0.8,12.48,M,40.66,M,10.0,0907*45
2021:01:22:14:54:43.450000,1611323683.45,$GPGGA,135443.00,6331.855022,N,01035.041930,E,2,12,0.8,12.49,M,40.66,M,11.0,0907*4D
2021:01:22:14:54:45.450000,1611323685.45,$GPGGA,135445.00,6331.849848,N,01035.045847,E,2,12,0.8,12.49,M,40.66,M,13.0,0907*45
2021:01:22:14:54:46.450000,1611323686.45,$GPGGA,135446.00,6331.847234,N,01035.047771,E,2,12,0.8,12.45,M,40.66,M,9.0,0907*76
2021:01:22:14:54:47.450000,1611323687.45,$GPGGA,135447.00,6331.844665,N,01035.049706,E,2,12,0.8,12.45,M,40.66,M,10.0,0907*42
2021:01:22:14:54:48.450000,1611323688.45,$GPGGA,135448.00,6331.842081,N,01035.051695,E,2,12,0.8,12.44,M,40.66,M,11.0,0907*45
2021:01:22:14:54:49.450000,1611323689.45,$GPGGA,135449.00,6331.839484,N,01035.053627,E,2,12,0.8,12.47,M,40.66,M,7.0,0907*76
2021:01:22:14:54:50.450000,1611323690.45,$GPGGA,135450.00,6331.836881,N,01035.055599,E,2,12,0.8,12.46,M,40.66,M,8.0,0907*76
2021:01:22:14:54:51.450000,1611323691.45,$GPGGA,135451.00,6331.834306,N,01035.057627,E,2,12,0.8,12.45,M,40.66,M,9.0,0907*77
2021:01:22:14:54:53.450000,1611323693.45,$GPGGA,135453.00,6331.829123,N,01035.061542,E,2,12,0.8,12.46,M,40.66,M,11.0,0907*43
2021:01:22:14:54:54.450000,1611323694.45,$GPGGA,135454.00,6331.826509,N,01035.063374,E,2,12,0.8,12.47,M,40.66,M,12.0,0907*44
2021:01:22:14:54:55.451000,1611323695.451,$GPGGA,135455.00,6331.823902,N,01035.065435,E,2,12,0.8,12.38,M,40.66,M,13.0,0907*4A
2021:01:22:14:54:57.451000,1611323697.451,$GPGGA,135457.00,6331.818689,N,01035.069104,E,2,12,0.8,12.45,M,40.66,M,15.0,0907*4B
2021:01:22:14:54:58.451000,1611323698.451,$GPGGA,135458.00,6331.816118,N,01035.071089,E,2,12,0.8,12.42,M,40.66,M,16.0,0907*4C
2021:01:22:14:54:59.451000,1611323699.451,$GPGGA,135459.00,6331.813512,N,01035.072969,E,2,12,0.8,12.44,M,40.66,M,12.0,0907*40
2021:01:22:14:55:00.451000,1611323700.451,$GPGGA,135500.00,6331.810888,N,01035.074841,E,2,12,0.8,12.43,M,40.66,M,13.0,0907*4B
2021:01:22:14:55:01.451000,1611323701.451,$GPGGA,135501.00,6331.808288,N,01035.076727,E,2,12,0.8,12.41,M,40.66,M,14.0,0907*41
2021:01:22:14:55:02.451000,1611323702.451,$GPGGA,135502.00,6331.805708,N,01035.078650,E,2,12,0.8,12.46,M,40.66,M,9.0,0907*76
2021:01:22:14:55:03.451000,1611323703.451,$GPGGA,135503.00,6331.803091,N,01035.080619,E,2,12,0.8,12.44,M,40.66,M,10.0,0907*46
2021:01:22:14:55:05.450000,1611323705.45,$GPGGA,135505.00,6331.797891,N,01035.084421,E,2,12,0.8,12.46,M,40.66,M,7.0,0907*73
2021:01:22:14:55:06.450000,1611323706.45,$GPGGA,135506.00,6331.795317,N,01035.086441,E,2,12,0.8,12.45,M,40.66,M,8.0,0907*7F
2021:01:22:14:55:07.450000,1611323707.45,$GPGGA,135507.00,6331.792709,N,01035.088439,E,2,12,0.8,12.44,M,40.66,M,9.0,0907*73
2021:01:22:14:55:09.451000,1611323709.451,$GPGGA,135509.00,6331.787544,N,01035.092258,E,2,12,0.8,12.51,M,40.66,M,6.0,0907*73
2021:01:22:14:55:10.451000,1611323710.451,$GPGGA,135510.00,6331.784968,N,01035.094175,E,2,12,0.8,12.52,M,40.66,M,7.0,0907*72
2021:01:22:14:55:11.451000,1611323711.451,$GPGGA,135511.00,6331.782363,N,01035.096161,E,2,12,0.8,12.49,M,40.66,M,8.0,0907*76
2021:01:22:14:55:13.451000,1611323713.451,$GPGGA,135513.00,6331.777216,N,01035.099983,E,2,12,0.8,12.51,M,40.66,M,10.0,0907*46
2021:01:22:14:55:14.451000,1611323714.451,$GPGGA,135514.00,6331.774648,N,01035.101969,E,2,12,0.8,12.49,M,40.66,M,11.0,0907*41
2021:01:22:14:55:15.451000,1611323715.451,$GPGGA,135515.00,6331.772041,N,01035.103842,E,2,12,0.8,12.52,M,40.66,M,6.0,0907*7F
2021:01:22:14:55:16.451000,1611323716.451,$GPGGA,135516.00,6331.769460,N,01035.105714,E,2,12,0.8,12.56,M,40.66,M,7.0,0907*7E
2021:01:22:14:55:17.451000,1611323717.451,$GPGGA,135517.00,6331.766861,N,01035.107686,E,2,12,0.8,12.51,M,40.66,M,8.0,0907*7D
2021:01:22:14:55:18.451000,1611323718.451,$GPGGA,135518.00,6331.764285,N,01035.109537,E,2,12,0.8,12.52,M,40.66,M,9.0,0907*75
2021:01:22:14:55:19.451000,1611323719.451,$GPGGA,135519.00,6331.761656,N,01035.111422,E,2,12,0.8,12.50,M,40.66,M,5.0,0907*79
2021:01:22:14:55:20.451000,1611323720.451,$GPGGA,135520.00,6331.759093,N,01035.113422,E,2,12,0.8,12.48,M,40.66,M,6.0,0907*7F
2021:01:22:14:55:21.451000,1611323721.451,$GPGGA,135521.00,6331.756485,N,01035.115327,E,2,12,0.8,12.49,M,40.66,M,7.0,0907*76
2021:01:22:14:55:22.451000,1611323722.451,$GPGGA,135522.00,6331.753913,N,01035.117306,E,2,12,0.8,12.48,M,40.66,M,8.0,0907*7D
2021:01:22:14:55:23.452000,1611323723.452,$GPGGA,135523.00,6331.751318,N,01035.119200,E,2,12,0.8,12.50,M,40.66,M,9.0,0907*7E
2021:01:22:14:55:24.452000,1611323724.452,$GPGGA,135524.00,6331.748719,N,01035.121094,E,2,12,0.8,12.53,M,40.66,M,10.0,0907*4B
2021:01:22:14:55:25.452000,1611323725.452,$GPGGA,135525.00,6331.746133,N,01035.123136,E,2,12,0.8,12.52,M,40.66,M,6.0,0907*77
2021:01:22:14:55:26.452000,1611323726.452,$GPGGA,135526.00,6331.743560,N,01035.125176,E,2,12,0.8,12.53,M,40.66,M,7.0,0907*71
2021:01:22:14:55:27.452000,1611323727.452,$GPGGA,135527.00,6331.740948,N,01035.127146,E,2,12,0.8,12.54,M,40.66,M,8.0,0907*7C
2021:01:22:14:55:28.452000,1611323728.452,$GPGGA,135528.00,6331.738368,N,01035.129104,E,2,12,0.8,12.57,M,40.66,M,9.0,0907*7E
2021:01:22:14:55:29.452000,1611323729.452,$GPGGA,135529.00,6331.735769,N,01035.131135,E,2,12,0.8,12.55,M,40.66,M,10.0,0907*46
2021:01:22:14:55:30.452000,1611323730.452,$GPGGA,135530.00,6331.733191,N,01035.133157,E,2,12,0.8,12.52,M,40.66,M,11.0,0907*49
2021:01:22:14:55:31.452000,1611323731.452,$GPGGA,135531.00,6331.730594,N,01035.135161,E,2,12,0.8,12.51,M,40.66,M,12.0,0907*49
2021:01:22:14:55:32.452000,1611323732.452,$GPGGA,135532.00,6331.728019,N,01035.137127,E,2,12,0.8,12.53,M,40.66,M,13.0,0907*40
2021:01:22:14:55:33.452000,1611323733.452,$GPGGA,135533.00,6331.725435,N,01035.139148,E,2,12,0.8,12.51,M,40.66,M,9.0,0907*78
2021:01:22:14:55:34.452000,1611323734.452,$GPGGA,135534.00,6331.722842,N,01035.141162,E,2,12,0.8,12.46,M,40.66,M,10.0,0907*4D
2021:01:22:14:55:35.451000,1611323735.451,$GPGGA,135535.00,6331.720276,N,01035.143102,E,2,12,0.8,12.51,M,40.66,M,11.0,0907*40
2021:01:22:14:55:36.451000,1611323736.451,$GPGGA,135536.00,6331.717694,N,01035.145152,E,2,12,0.8,12.51,M,40.66,M,7.0,0907*7B
2021:01:22:14:55:37.451000,1611323737.451,$GPGGA,135537.00,6331.715121,N,01035.147291,E,2,12,0.8,12.46,M,40.66,M,8.0,0907*76
2021:01:22:14:55:39.452000,1611323739.452,$GPGGA,135539.00,6331.709899,N,01035.151170,E,2,12,0.8,12.51,M,40.66,M,4.0,0907*7E
2021:01:22:14:55:40.452000,1611323740.452,$GPGGA,135540.00,6331.707318,N,01035.153174,E,2,12,0.8,12.48,M,40.66,M,5.0,0907*73
2021:01:22:14:55:41.452000,1611323741.452,$GPGGA,135541.00,6331.704716,N,01035.155245,E,2,12,0.8,12.46,M,40.66,M,6.0,0907*71
2021:01:22:14:55:42.452000,1611323742.452,$GPGGA,135542.00,6331.702131,N,01035.157229,E,2,12,0.8,12.50,M,40.66,M,7.0,0907*79
2021:01:22:14:55:43.452000,1611323743.452,$GPGGA,135543.00,6331.699525,N,01035.159209,E,2,12,0.8,12.52,M,40.66,M,8.0,0907*7B
2021:01:22:14:55:44.452000,1611323744.452,$GPGGA,135544.00,6331.696917,N,01035.161158,E,2,12,0.8,12.50,M,40.66,M,9.0,0907*71
2021:01:22:14:55:45.452000,1611323745.452,$GPGGA,135545.00,6331.694318,N,01035.163152,E,2,12,0.8,12.49,M,40.66,M,10.0,0907*4F
2021:01:22:14:55:47.452000,1611323747.452,$GPGGA,135547.00,6331.689146,N,01035.167042,E,2,12,0.8,12.54,M,40.66,M,12.0,0907*42
2021:01:22:14:55:48.452000,1611323748.452,$GPGGA,135548.00,6331.686515,N,01035.169029,E,2,12,0.8,12.49,M,40.66,M,13.0,0907*4E
2021:01:22:14:55:49.452000,1611323749.452,$GPGGA,135549.00,6331.683935,N,01035.171052,E,2,12,0.8,12.47,M,40.66,M,14.0,0907*48
2021:01:22:14:55:50.452000,1611323750.452,$GPGGA,135550.00,6331.681329,N,01035.173026,E,2,12,0.8,12.51,M,40.66,M,15.0,0907*42
2021:01:22:14:55:51.452000,1611323751.452,$GPGGA,135551.00,6331.678717,N,01035.175054,E,2,12,0.8,12.47,M,40.66,M,16.0,0907*4B
2021:01:22:14:55:52.453000,1611323752.453,$GPGGA,135552.00,6331.676139,N,01035.177103,E,2,12,0.8,12.48,M,40.66,M,7.0,0907*72
2021:01:22:14:55:53.453000,1611323753.453,$GPGGA,135553.00,6331.673536,N,01035.179128,E,2,12,0.8,12.49,M,40.66,M,8.0,0907*74
2021:01:22:14:55:55.453000,1611323755.453,$GPGGA,135555.00,6331.668337,N,01035.183205,E,2,12,0.8,12.47,M,40.66,M,10.0,0907*41
2021:01:22:14:55:56.453000,1611323756.453,$GPGGA,135556.00,6331.665739,N,01035.185271,E,2,12,0.8,12.48,M,40.66,M,6.0,0907*78
2021:01:22:14:55:57.453000,1611323757.453,$GPGGA,135557.00,6331.663143,N,01035.187296,E,2,12,0.8,12.49,M,40.66,M,7.0,0907*7F
2021:01:22:14:55:59.453000,1611323759.453,$GPGGA,135559.00,6331.657935,N,01035.191282,E,2,12,0.8,12.46,M,40.66,M,9.0,0907*7C
2021:01:22:14:56:00.453000,1611323760.453,$GPGGA,135600.00,6331.655354,N,01035.193325,E,2,12,0.8,12.48,M,40.66,M,5.0,0907*70
2021:01:22:14:56:01.453000,1611323761.453,$GPGGA,135601.00,6331.652744,N,01035.195248,E,2,12,0.8,12.51,M,40.66,M,6.0,0907*74
2021:01:22:14:56:03.453000,1611323763.453,$GPGGA,135603.00,6331.647541,N,01035.199111,E,2,12,0.8,12.50,M,40.66,M,8.0,0907*79
2021:01:22:14:56:04.453000,1611323764.453,$GPGGA,135604.00,6331.644932,N,01035.201175,E,2,12,0.8,12.48,M,40.66,M,9.0,0907*7D
2021:01:22:14:56:05.453000,1611323765.453,$GPGGA,135605.00,6331.642320,N,01035.203010,E,2,12,0.8,12.51,M,40.66,M,10.0,0907*43
2021:01:22:14:56:07.453000,1611323767.453,$GPGGA,135607.00,6331.637078,N,01035.206716,E,2,12,0.8,12.46,M,40.66,M,6.0,0907*78
2021:01:22:14:56:08.453000,1611323768.453,$GPGGA,135608.00,6331.634461,N,01035.208646,E,2,12,0.8,12.45,M,40.66,M,7.0,0907*70
2021:01:22:14:56:09.453000,1611323769.453,$GPGGA,135609.00,6331.631858,N,01035.210546,E,2,12,0.8,12.46,M,40.66,M,8.0,0907*74
2021:01:22:14:56:10.453000,1611323770.453,$GPGGA,135610.00,6331.629254,N,01035.212375,E,2,12,0.8,12.48,M,40.66,M,9.0,0907*78
2021:01:22:14:56:11.453000,1611323771.453,$GPGGA,135611.00,6331.626619,N,01035.214217,E,2,12,0.8,12.45,M,40.66,M,10.0,0907*4D
2021:01:22:14:56:12.453000,1611323772.453,$GPGGA,135612.00,6331.624039,N,01035.216149,E,2,12,0.8,12.43,M,40.66,M,11.0,0907*45
2021:01:22:14:56:13.453000,1611323773.453,$GPGGA,135613.00,6331.621439,N,01035.218025,E,2,12,0.8,12.50,M,40.66,M,7.0,0907*75
2021:01:22:14:56:15.453000,1611323775.453,$GPGGA,135615.00,6331.616237,N,01035.221813,E,2,12,0.8,12.46,M,40.66,M,9.0,0907*71
2021:01:22:14:56:16.453000,1611323776.453,$GPGGA,135616.00,6331.613603,N,01035.223745,E,2,12,0.8,12.45,M,40.66,M,10.0,0907*41
2021:01:22:14:56:17.453000,1611323777.453,$GPGGA,135617.00,6331.610994,N,01035.225655,E,2,12,0.8,12.46,M,40.66,M,11.0,0907*46
2021:01:22:14:56:18.453000,1611323778.453,$GPGGA,135618.00,6331.608397,N,01035.227654,E,2,12,0.8,12.49,M,40.66,M,12.0,0907*46
2021:01:22:14:56:19.453000,1611323779.453,$GPGGA,135619.00,6331.605786,N,01035.229649,E,2,12,0.8,12.49,M,40.66,M,13.0,0907*4D
2021:01:22:14:56:20.453000,1611323780.453,$GPGGA,135620.00,6331.603184,N,01035.231551,E,2,12,0.8,12.52,M,40.66,M,9.0,0907*77
2021:01:22:14:56:21.453000,1611323781.453,$GPGGA,135621.00,6331.600537,N,01035.233447,E,2,12,0.8,12.51,M,40.66,M,10.0,0907*46
2021:01:22:14:56:22.454000,1611323782.454,$GPGGA,135622.00,6331.597959,N,01035.235407,E,2,12,0.8,12.52,M,40.66,M,11.0,0907*4C
2021:01:22:14:56:23.454000,1611323783.454,$GPGGA,135623.00,6331.595348,N,01035.237393,E,2,12,0.8,12.53,M,40.66,M,6.0,0907*7A
2021:01:22:14:56:24.454000,1611323784.454,$GPGGA,135624.00,6331.592763,N,01035.239420,E,2,12,0.8,12.55,M,40.65,M,7.0,0907*72
2021:01:22:14:56:25.454000,1611323785.454,$GPGGA,135625.00,6331.590156,N,01035.241366,E,2,12,0.8,12.53,M,40.65,M,8.0,0907*72
2021:01:22:14:56:26.454000,1611323786.454,$GPGGA,135626.00,6331.587557,N,01035.243354,E,2,12,0.8,12.53,M,40.65,M,9.0,0907*70
2021:01:22:14:56:27.454000,1611323787.454,$GPGGA,135627.00,6331.584954,N,01035.245360,E,2,12,0.8,12.53,M,40.65,M,10.0,0907*44
2021:01:22:14:56:28.454000,1611323788.454,$GPGGA,135628.00,6331.582379,N,01035.247361,E,2,12,0.8,12.57,M,40.65,M,11.0,0907*4E
2021:01:22:14:56:29.454000,1611323789.454,$GPGGA,135629.00,6331.579761,N,01035.249382,E,2,12,0.8,12.53,M,40.65,M,6.0,0907*77
2021:01:22:14:56:30.454000,1611323790.454,$GPGGA,135630.00,6331.577185,N,01035.251336,E,2,12,0.8,12.55,M,40.65,M,7.0,0907*7C
2021:01:22:14:56:31.454000,1611323791.454,$GPGGA,135631.00,6331.574556,N,01035.253278,E,2,12,0.8,12.53,M,40.65,M,8.0,0907*74
2021:01:22:14:56:32.454000,1611323792.454,$GPGGA,135632.00,6331.571956,N,01035.255267,E,2,12,0.8,12.54,M,40.65,M,9.0,0907*70
2021:01:22:14:56:33.454000,1611323793.454,$GPGGA,135633.00,6331.569356,N,01035.257238,E,2,12,0.8,12.51,M,40.65,M,5.0,0907*73
2021:01:22:14:56:34.454000,1611323794.454,$GPGGA,135634.00,6331.566762,N,01035.259278,E,2,12,0.8,12.50,M,40.65,M,6.0,0907*70
2021:01:22:14:56:35.454000,1611323795.454,$GPGGA,135635.00,6331.564174,N,01035.261274,E,2,12,0.8,12.50,M,40.65,M,7.0,0907*74
2021:01:22:14:56:36.454000,1611323796.454,$GPGGA,135636.00,6331.561583,N,01035.263295,E,2,12,0.8,12.51,M,40.65,M,8.0,0907*7D
2021:01:22:14:56:37.454000,1611323797.454,$GPGGA,135637.00,6331.558997,N,01035.265354,E,2,12,0.8,12.49,M,40.65,M,9.0,0907*7D
2021:01:22:14:56:38.454000,1611323798.454,$GPGGA,135638.00,6331.556405,N,01035.267451,E,2,12,0.8,12.46,M,40.65,M,10.0,0907*4D
2021:01:22:14:56:39.454000,1611323799.454,$GPGGA,135639.00,6331.553808,N,01035.269426,E,2,12,0.8,12.47,M,40.65,M,6.0,0907*70
2021:01:22:14:56:40.454000,1611323800.454,$GPGGA,135640.00,6331.551203,N,01035.271377,E,2,12,0.8,12.49,M,40.65,M,7.0,0907*78
2021:01:22:14:56:41.454000,1611323801.454,$GPGGA,135641.00,6331.548577,N,01035.273346,E,2,12,0.8,12.49,M,40.65,M,8.0,0907*7A
2021:01:22:14:56:42.454000,1611323802.454,$GPGGA,135642.00,6331.545969,N,01035.275329,E,2,12,0.8,12.49,M,40.65,M,9.0,0907*79
2021:01:22:14:56:43.454000,1611323803.454,$GPGGA,135643.00,6331.543341,N,01035.277304,E,2,12,0.8,12.49,M,40.65,M,10.0,0907*4B
2021:01:22:14:56:45.454000,1611323805.454,$GPGGA,135645.00,6331.538120,N,01035.281365,E,2,12,0.8,12.47,M,40.65,M,12.0,0907*46
2021:01:22:14:56:46.454000,1611323806.454,$GPGGA,135646.00,6331.535495,N,01035.283337,E,2,12,0.8,12.47,M,40.65,M,13.0,0907*47
2021:01:22:14:56:47.454000,1611323807.454,$GPGGA,135647.00,6331.532866,N,01035.285347,E,2,12,0.8,12.42,M,40.65,M,7.0,0907*70
2021:01:22:14:56:49.454000,1611323809.454,$GPGGA,135649.00,6331.527651,N,01035.289194,E,2,12,0.8,12.49,M,40.65,M,9.0,0907*75
2021:01:22:14:56:50.454000,1611323810.454,$GPGGA,135650.00,6331.525032,N,01035.291223,E,2,12,0.8,12.47,M,40.65,M,10.0,0907*4C
2021:01:22:14:56:51.454000,1611323811.454,$GPGGA,135651.00,6331.522416,N,01035.293291,E,2,12,0.8,12.45,M,40.65,M,11.0,0907*40
2021:01:22:14:56:52.455000,1611323812.455,$GPGGA,135652.00,6331.519809,N,01035.295137,E,2,12,0.8,12.51,M,40.65,M,12.0,0907*46
2021:01:22:14:56:53.455000,1611323813.455,$GPGGA,135653.00,6331.517180,N,01035.297200,E,2,12,0.8,12.47,M,40.65,M,8.0,0907*78
2021:01:22:14:56:54.455000,1611323814.455,$GPGGA,135654.00,6331.514608,N,01035.299159,E,2,12,0.8,12.50,M,40.65,M,9.0,0907*7D
2021:01:22:14:56:55.455000,1611323815.455,$GPGGA,135655.00,6331.511985,N,01035.301075,E,2,12,0.8,12.51,M,40.65,M,10.0,0907*45
2021:01:22:14:56:57.455000,1611323817.455,$GPGGA,135657.00,6331.506720,N,01035.304883,E,2,12,0.8,12.46,M,40.65,M,7.0,0907*74
2021:01:22:14:56:58.455000,1611323818.455,$GPGGA,135658.00,6331.504125,N,01035.306874,E,2,12,0.8,12.46,M,40.65,M,8.0,0907*7F
2021:01:22:14:56:59.455000,1611323819.455,$GPGGA,135659.00,6331.501522,N,01035.308827,E,2,12,0.8,12.44,M,40.65,M,9.0,0907*73
2021:01:22:14:57:00.455000,1611323820.455,$GPGGA,135700.00,6331.498902,N,01035.310770,E,2,12,0.8,12.46,M,40.65,M,5.0,0907*7B
2021:01:22:14:57:01.455000,1611323821.455,$GPGGA,135701.00,6331.496288,N,01035.312653,E,2,12,0.8,12.49,M,40.65,M,6.0,0907*73
2021:01:22:14:57:02.455000,1611323822.455,$GPGGA,135702.00,6331.493653,N,01035.314548,E,2,12,0.8,12.50,M,40.65,M,7.0,0907*71
2021:01:22:14:57:03.455000,1611323823.455,$GPGGA,135703.00,6331.491036,N,01035.316455,E,2,12,0.8,12.45,M,40.65,M,8.0,0907*73
2021:01:22:14:57:05.455000,1611323825.455,$GPGGA,135705.00,6331.485769,N,01035.320132,E,2,12,0.8,12.45,M,40.65,M,10.0,0907*45
2021:01:22:14:57:06.456000,1611323826.456,$GPGGA,135706.00,6331.483160,N,01035.322041,E,2,12,0.8,12.47,M,40.65,M,5.0,0907*7E
2021:01:22:14:57:07.455000,1611323827.455,$GPGGA,135707.00,6331.480562,N,01035.323981,E,2,12,0.8,12.46,M,40.65,M,6.0,0907*7C
2021:01:22:14:57:09.455000,1611323829.455,$GPGGA,135709.00,6331.475344,N,01035.327870,E,2,12,0.8,12.47,M,40.65,M,8.0,0907*7E
2021:01:22:14:57:10.455000,1611323830.455,$GPGGA,135710.00,6331.472716,N,01035.329799,E,2,12,0.8,12.46,M,40.65,M,9.0,0907*74
2021:01:22:14:57:11.455000,1611323831.455,$GPGGA,135711.00,6331.470124,N,01035.331711,E,2,12,0.8,12.47,M,40.65,M,10.0,0907*40
2021:01:22:14:57:12.455000,1611323832.455,$GPGGA,135712.00,6331.467512,N,01035.333602,E,2,12,0.8,12.51,M,40.65,M,11.0,0907*43
2021:01:22:14:57:13.455000,1611323833.455,$GPGGA,135713.00,6331.464854,N,01035.335489,E,2,12,0.8,12.49,M,40.65,M,12.0,0907*43
2021:01:22:14:57:14.455000,1611323834.455,$GPGGA,135714.00,6331.462221,N,01035.337318,E,2,12,0.8,12.50,M,40.65,M,8.0,0907*74
2021:01:22:14:57:15.455000,1611323835.455,$GPGGA,135715.00,6331.459596,N,01035.339221,E,2,12,0.8,12.50,M,40.65,M,9.0,0907*72
2021:01:22:14:57:16.455000,1611323836.455,$GPGGA,135716.00,6331.457003,N,01035.341166,E,2,12,0.8,12.54,M,40.65,M,10.0,0907*45
2021:01:22:14:57:17.455000,1611323837.455,$GPGGA,135717.00,6331.454362,N,01035.343082,E,2,12,0.8,12.55,M,40.65,M,11.0,0907*4A
2021:01:22:14:57:18.455000,1611323838.455,$GPGGA,135718.00,6331.451748,N,01035.345053,E,2,12,0.8,12.51,M,40.65,M,12.0,0907*41
2021:01:22:14:57:19.455000,1611323839.455,$GPGGA,135719.00,6331.449153,N,01035.346994,E,2,12,0.8,12.55,M,40.65,M,13.0,0907*41
2021:01:22:14:57:20.455000,1611323840.455,$GPGGA,135720.00,6331.446531,N,01035.348936,E,2,12,0.8,12.58,M,40.65,M,9.0,0907*74
2021:01:22:14:57:21.456000,1611323841.456,$GPGGA,135721.00,6331.443879,N,01035.350849,E,2,12,0.8,12.55,M,40.65,M,10.0,0907*44
2021:01:22:14:57:22.456000,1611323842.456,$GPGGA,135722.00,6331.441271,N,01035.352875,E,2,12,0.8,12.53,M,40.65,M,11.0,0907*4D
2021:01:22:14:57:23.456000,1611323843.456,$GPGGA,135723.00,6331.438656,N,01035.354911,E,2,12,0.8,12.54,M,40.65,M,12.0,0907*42
2021:01:22:14:57:24.456000,1611323844.456,$GPGGA,135724.00,6331.436046,N,01035.356941,E,2,12,0.8,12.58,M,40.65,M,13.0,0907*46
2021:01:22:14:57:25.456000,1611323845.456,$GPGGA,135725.00,6331.433433,N,01035.359024,E,2,12,0.8,12.56,M,40.65,M,14.0,0907*48
2021:01:22:14:57:26.456000,1611323846.456,$GPGGA,135726.00,6331.430816,N,01035.361114,E,2,12,0.8,12.50,M,40.65,M,8.0,0907*71
2021:01:22:14:57:27.456000,1611323847.456,$GPGGA,135727.00,6331.428215,N,01035.363072,E,2,12,0.8,12.50,M,40.65,M,9.0,0907*72
2021:01:22:14:57:28.456000,1611323848.456,$GPGGA,135728.00,6331.425595,N,01035.365091,E,2,12,0.8,12.49,M,40.65,M,10.0,0907*44
2021:01:22:14:57:29.456000,1611323849.456,$GPGGA,135729.00,6331.422994,N,01035.367135,E,2,12,0.8,12.47,M,40.65,M,11.0,0907*4D
2021:01:22:14:57:30.466000,1611323850.466,$GPGGA,135730.00,6331.420364,N,01035.369192,E,2,12,0.8,12.40,M,40.65,M,6.0,0907*70
2021:01:22:14:57:31.466000,1611323851.466,$GPGGA,135731.00,6331.417804,N,01035.371135,E,2,12,0.8,12.48,M,40.65,M,7.0,0907*75
2021:01:22:14:57:32.466000,1611323852.466,$GPGGA,135732.00,6331.415150,N,01035.373101,E,2,12,0.8,12.45,M,40.65,M,8.0,0907*7B
2021:01:22:14:57:33.466000,1611323853.466,$GPGGA,135733.00,6331.412570,N,01035.375112,E,2,12,0.8,12.46,M,40.65,M,9.0,0907*7D
2021:01:22:14:57:34.466000,1611323854.466,$GPGGA,135734.00,6331.409941,N,01035.377113,E,2,12,0.8,12.44,M,40.65,M,10.0,0907*47
2021:01:22:14:57:35.466000,1611323855.466,$GPGGA,135735.00,6331.407322,N,01035.379190,E,2,12,0.8,12.43,M,40.65,M,11.0,0907*44
2021:01:22:14:57:36.467000,1611323856.467,$GPGGA,135736.00,6331.404699,N,01035.381077,E,2,12,0.8,12.50,M,40.65,M,12.0,0907*4F
2021:01:22:14:57:37.467000,1611323857.467,$GPGGA,135737.00,6331.402059,N,01035.383033,E,2,12,0.8,12.47,M,40.65,M,8.0,0907*7D
2021:01:22:14:57:38.467000,1611323858.467,$GPGGA,135738.00,6331.399454,N,01035.384943,E,2,12,0.8,12.44,M,40.65,M,9.0,0907*75
2021:01:22:14:57:39.467000,1611323859.467,$GPGGA,135739.00,6331.396819,N,01035.386903,E,2,12,0.8,12.45,M,40.65,M,10.0,0907*41
2021:01:22:14:57:40.467000,1611323860.467,$GPGGA,135740.00,6331.394211,N,01035.388954,E,2,12,0.8,12.45,M,40.65,M,6.0,0907*74
2021:01:22:14:57:41.467000,1611323861.467,$GPGGA,135741.00,6331.391592,N,01035.390899,E,2,12,0.8,12.42,M,40.65,M,7.0,0907*73
2021:01:22:14:57:42.467000,1611323862.467,$GPGGA,135742.00,6331.388990,N,01035.392803,E,2,12,0.8,12.47,M,40.65,M,8.0,0907*7D
2021:01:22:14:57:43.467000,1611323863.467,$GPGGA,135743.00,6331.386363,N,01035.394770,E,2,12,0.8,12.47,M,40.65,M,4.0,0907*75
2021:01:22:14:57:44.467000,1611323864.467,$GPGGA,135744.00,6331.383772,N,01035.396808,E,2,12,0.8,12.47,M,40.65,M,5.0,0907*70
2021:01:22:14:57:45.467000,1611323865.467,$GPGGA,135745.00,6331.381112,N,01035.398767,E,2,12,0.8,12.45,M,40.65,M,6.0,0907*7A
2021:01:22:14:57:47.467000,1611323867.467,$GPGGA,135747.00,6331.375877,N,01035.402775,E,2,12,0.8,12.52,M,40.65,M,8.0,0907*76
2021:01:22:14:57:48.467000,1611323868.467,$GPGGA,135748.00,6331.373278,N,01035.404802,E,2,12,0.8,12.51,M,40.65,M,9.0,0907*71
2021:01:22:14:57:49.467000,1611323869.467,$GPGGA,135749.00,6331.370648,N,01035.406760,E,2,12,0.8,12.51,M,40.65,M,10.0,0907*45
2021:01:22:14:57:50.467000,1611323870.467,$GPGGA,135750.00,6331.368009,N,01035.408656,E,2,12,0.8,12.53,M,40.65,M,11.0,0907*4E
2021:01:22:14:57:51.468000,1611323871.468,$GPGGA,135751.00,6331.365400,N,01035.410672,E,2,12,0.8,12.51,M,40.65,M,12.0,0907*41
2021:01:22:14:57:52.468000,1611323872.468,$GPGGA,135752.00,6331.362805,N,01035.412703,E,2,12,0.8,12.52,M,40.65,M,13.0,0907*4B
2021:01:22:14:57:53.468000,1611323873.468,$GPGGA,135753.00,6331.360226,N,01035.414824,E,2,12,0.8,12.53,M,40.65,M,8.0,0907*74
2021:01:22:14:57:55.468000,1611323875.468,$GPGGA,135755.00,6331.354996,N,01035.418854,E,2,12,0.8,12.54,M,40.65,M,10.0,0907*40
2021:01:22:14:57:56.468000,1611323876.468,$GPGGA,135756.00,6331.352365,N,01035.420848,E,2,12,0.8,12.54,M,40.65,M,11.0,0907*44
2021:01:22:14:57:57.468000,1611323877.468,$GPGGA,135757.00,6331.349776,N,01035.422942,E,2,12,0.8,12.51,M,40.65,M,7.0,0907*72
2021:01:22:14:57:59.468000,1611323879.468,$GPGGA,135759.00,6331.344539,N,01035.426949,E,2,12,0.8,12.53,M,40.65,M,9.0,0907*7B
2021:01:22:14:58:00.468000,1611323880.468,$GPGGA,135800.00,6331.341908,N,01035.428889,E,2,12,0.8,12.52,M,40.65,M,10.0,0907*49
2021:01:22:14:58:01.467000,1611323881.467,$GPGGA,135801.00,6331.339291,N,01035.430911,E,2,12,0.8,12.52,M,40.65,M,6.0,0907*72
2021:01:22:14:58:02.467000,1611323882.467,$GPGGA,135802.00,6331.336685,N,01035.432850,E,2,12,0.8,12.55,M,40.65,M,7.0,0907*7F
2021:01:22:14:58:03.467000,1611323883.467,$GPGGA,135803.00,6331.334072,N,01035.434846,E,2,12,0.8,12.54,M,40.65,M,8.0,0907*7D
2021:01:22:14:58:04.467000,1611323884.467,$GPGGA,135804.00,6331.331440,N,01035.436849,E,2,12,0.8,12.51,M,40.65,M,9.0,0907*73
2021:01:22:14:58:05.467000,1611323885.467,$GPGGA,135805.00,6331.328830,N,01035.438813,E,2,12,0.8,12.52,M,40.65,M,10.0,0907*4B
2021:01:22:14:58:06.468000,1611323886.468,$GPGGA,135806.00,6331.326212,N,01035.440759,E,2,12,0.8,12.54,M,40.65,M,11.0,0907*45
2021:01:22:14:58:07.468000,1611323887.468,$GPGGA,135807.00,6331.323583,N,01035.442770,E,2,12,0.8,12.48,M,40.65,M,7.0,0907*7D
2021:01:22:14:58:08.468000,1611323888.468,$GPGGA,135808.00,6331.320992,N,01035.444747,E,2,12,0.8,12.51,M,40.65,M,8.0,0907*78
2021:01:22:14:58:09.468000,1611323889.468,$GPGGA,135809.00,6331.318359,N,01035.446725,E,2,12,0.8,12.49,M,40.65,M,9.0,0907*71
2021:01:22:14:58:10.468000,1611323890.468,$GPGGA,135810.00,6331.315755,N,01035.448745,E,2,12,0.8,12.47,M,40.65,M,10.0,0907*42
2021:01:22:14:58:11.468000,1611323891.468,$GPGGA,135811.00,6331.313118,N,01035.450710,E,2,12,0.8,12.46,M,40.65,M,6.0,0907*75
2021:01:22:14:58:12.468000,1611323892.468,$GPGGA,135812.00,6331.310515,N,01035.452671,E,2,12,0.8,12.47,M,40.65,M,7.0,0907*78
2021:01:22:14:58:13.468000,1611323893.468,$GPGGA,135813.00,6331.307898,N,01035.454639,E,2,12,0.8,12.45,M,40.65,M,8.0,0907*70
2021:01:22:14:58:15.468000,1611323895.468,$GPGGA,135815.00,6331.302676,N,01035.458704,E,2,12,0.8,12.45,M,40.65,M,10.0,0907*47
2021:01:22:14:58:16.468000,1611323896.468,$GPGGA,135816.00,6331.300038,N,01035.460740,E,2,12,0.8,12.45,M,40.65,M,11.0,0907*40
2021:01:22:14:58:17.468000,1611323897.468,$GPGGA,135817.00,6331.297438,N,01035.462698,E,2,12,0.8,12.47,M,40.65,M,12.0,0907*4D
2021:01:22:14:58:19.468000,1611323899.468,$GPGGA,135819.00,6331.292208,N,01035.466671,E,2,12,0.8,12.47,M,40.65,M,14.0,0907*46
2021:01:22:14:58:20.468000,1611323900.468,$GPGGA,135820.00,6331.289608,N,01035.468698,E,2,12,0.8,12.48,M,40.65,M,9.0,0907*78
2021:01:22:14:58:21.469000,1611323901.469,$GPGGA,135821.00,6331.287007,N,01035.470774,E,2,12,0.8,12.49,M,40.65,M,10.0,0907*4D
2021:01:22:14:58:22.469000,1611323902.469,$GPGGA,135822.00,6331.284431,N,01035.472888,E,2,12,0.8,12.47,M,40.65,M,11.0,0907*4D
2021:01:22:14:58:23.469000,1611323903.469,$GPGGA,135823.00,6331.281851,N,01035.475002,E,2,12,0.8,12.47,M,40.65,M,12.0,0907*4D
2021:01:22:14:58:24.469000,1611323904.469,$GPGGA,135824.00,6331.279253,N,01035.477183,E,2,12,0.8,12.47,M,40.65,M,7.0,0907*7B
2021:01:22:14:58:25.469000,1611323905.469,$GPGGA,135825.00,6331.276665,N,01035.479438,E,2,12,0.8,12.44,M,40.65,M,8.0,0907*73
2021:01:22:14:58:26.469000,1611323906.469,$GPGGA,135826.00,6331.274109,N,01035.481583,E,2,12,0.8,12.47,M,40.65,M,9.0,0907*7B
2021:01:22:14:58:27.469000,1611323907.469,$GPGGA,135827.00,6331.271492,N,01035.483677,E,2,12,0.8,12.48,M,40.65,M,5.0,0907*71
2021:01:22:14:58:28.469000,1611323908.469,$GPGGA,135828.00,6331.268898,N,01035.485765,E,2,12,0.8,12.48,M,40.65,M,6.0,0907*77
2021:01:22:14:58:29.469000,1611323909.469,$GPGGA,135829.00,6331.266281,N,01035.487908,E,2,12,0.8,12.46,M,40.65,M,7.0,0907*72
2021:01:22:14:58:30.469000,1611323910.469,$GPGGA,135830.00,6331.263698,N,01035.489967,E,2,12,0.8,12.49,M,40.65,M,8.0,0907*74
2021:01:22:14:58:31.468000,1611323911.468,$GPGGA,135831.00,6331.261088,N,01035.492052,E,2,12,0.8,12.50,M,40.65,M,9.0,0907*7C
2021:01:22:14:58:32.468000,1611323912.468,$GPGGA,135832.00,6331.258491,N,01035.494183,E,2,12,0.8,12.45,M,40.65,M,10.0,0907*4E
2021:01:22:14:58:33.468000,1611323913.468,$GPGGA,135833.00,6331.255903,N,01035.496238,E,2,12,0.8,12.46,M,40.65,M,11.0,0907*47
2021:01:22:14:58:34.468000,1611323914.468,$GPGGA,135834.00,6331.253294,N,01035.498308,E,2,12,0.8,12.44,M,40.65,M,7.0,0907*7A
2021:01:22:14:58:35.469000,1611323915.469,$GPGGA,135835.00,6331.250723,N,01035.500415,E,2,12,0.8,12.43,M,40.65,M,8.0,0907*72
2021:01:22:14:58:36.469000,1611323916.469,$GPGGA,135836.00,6331.248143,N,01035.502502,E,2,12,0.8,12.45,M,40.65,M,9.0,0907*7A
2021:01:22:14:58:37.469000,1611323917.469,$GPGGA,135837.00,6331.245546,N,01035.504570,E,2,12,0.8,12.42,M,40.65,M,10.0,0907*4B
2021:01:22:14:58:38.469000,1611323918.469,$GPGGA,135838.00,6331.242947,N,01035.506631,E,2,12,0.8,12.42,M,40.65,M,11.0,0907*4B
2021:01:22:14:58:39.469000,1611323919.469,$GPGGA,135839.00,6331.240346,N,01035.508789,E,2,12,0.8,12.40,M,40.65,M,12.0,0907*4E
2021:01:22:14:58:40.469000,1611323920.469,$GPGGA,135840.00,6331.237774,N,01035.510926,E,2,12,0.8,12.44,M,40.65,M,7.0,0907*77
2021:01:22:14:58:41.469000,1611323921.469,$GPGGA,135841.00,6331.235165,N,01035.512940,E,2,12,0.8,12.45,M,40.65,M,8.0,0907*7E
2021:01:22:14:58:42.469000,1611323922.469,$GPGGA,135842.00,6331.232552,N,01035.514970,E,2,12,0.8,12.43,M,40.65,M,9.0,0907*78
2021:01:22:14:58:43.469000,1611323923.469,$GPGGA,135843.00,6331.229956,N,01035.517008,E,2,12,0.8,12.43,M,40.65,M,10.0,0907*46
2021:01:22:14:58:45.469000,1611323925.469,$GPGGA,135845.00,6331.224750,N,01035.521089,E,2,12,0.8,12.41,M,40.65,M,7.0,0907*7D
2021:01:22:14:58:46.469000,1611323926.469,$GPGGA,135846.00,6331.222176,N,01035.523011,E,2,12,0.8,12.45,M,40.65,M,8.0,0907*72
2021:01:22:14:58:47.469000,1611323927.469,$GPGGA,135847.00,6331.219561,N,01035.524983,E,2,12,0.8,12.41,M,40.64,M,9.0,0907*78
2021:01:22:14:58:49.469000,1611323929.469,$GPGGA,135849.00,6331.214385,N,01035.528899,E,2,12,0.8,12.45,M,40.64,M,11.0,0907*4C
2021:01:22:14:58:50.470000,1611323930.47,$GPGGA,135850.00,6331.211809,N,01035.530950,E,2,12,0.8,12.43,M,40.64,M,12.0,0907*46
2021:01:22:14:58:51.470000,1611323931.47,$GPGGA,135851.00,6331.209206,N,01035.532931,E,2,12,0.8,12.45,M,40.64,M,8.0,0907*73
2021:01:22:14:58:52.470000,1611323932.47,$GPGGA,135852.00,6331.206617,N,01035.534911,E,2,12,0.8,12.47,M,40.64,M,9.0,0907*7C
2021:01:22:14:58:53.470000,1611323933.47,$GPGGA,135853.00,6331.204027,N,01035.536903,E,2,12,0.8,12.46,M,40.64,M,10.0,0907*42
2021:01:22:14:58:54.470000,1611323934.47,$GPGGA,135854.00,6331.201417,N,01035.538936,E,2,12,0.8,12.43,M,40.64,M,11.0,0907*4B
2021:01:22:14:58:55.470000,1611323935.47,$GPGGA,135855.00,6331.198824,N,01035.540939,E,2,12,0.8,12.44,M,40.64,M,12.0,0907*41
2021:01:22:14:58:57.470000,1611323937.47,$GPGGA,135857.00,6331.193635,N,01035.545007,E,2,12,0.8,12.38,M,40.64,M,14.0,0907*4A
2021:01:22:14:58:58.470000,1611323938.47,$GPGGA,135858.00,6331.191050,N,01035.546935,E,2,12,0.8,12.39,M,40.64,M,10.0,0907*4C
2021:01:22:14:58:59.470000,1611323939.47,$GPGGA,135859.00,6331.188486,N,01035.548965,E,2,12,0.8,12.44,M,40.64,M,11.0,0907*4A
2021:01:22:14:59:00.470000,1611323940.47,$GPGGA,135900.00,6331.185884,N,01035.551052,E,2,12,0.8,12.41,M,40.64,M,12.0,0907*47
2021:01:22:14:59:01.470000,1611323941.47,$GPGGA,135901.00,6331.183329,N,01035.553188,E,2,12,0.8,12.42,M,40.64,M,8.0,0907*70
2021:01:22:14:59:02.470000,1611323942.47,$GPGGA,135902.00,6331.180758,N,01035.555270,E,2,12,0.8,12.44,M,40.64,M,9.0,0907*77
2021:01:22:14:59:03.470000,1611323943.47,$GPGGA,135903.00,6331.178164,N,01035.557419,E,2,12,0.8,12.45,M,40.64,M,10.0,0907*4A
2021:01:22:14:59:05.470000,1611323945.47,$GPGGA,135905.00,6331.173020,N,01035.561629,E,2,12,0.8,12.51,M,40.64,M,7.0,0907*71
2021:01:22:14:59:06.470000,1611323946.47,$GPGGA,135906.00,6331.170465,N,01035.563749,E,2,12,0.8,12.52,M,40.64,M,8.0,0907*7D
2021:01:22:14:59:07.470000,1611323947.47,$GPGGA,135907.00,6331.167870,N,01035.565820,E,2,12,0.8,12.52,M,40.64,M,9.0,0907*75
2021:01:22:14:59:09.470000,1611323949.47,$GPGGA,135909.00,6331.162708,N,01035.569980,E,2,12,0.8,12.47,M,40.64,M,11.0,0907*44
2021:01:22:14:59:10.470000,1611323950.47,$GPGGA,135910.00,6331.160137,N,01035.572112,E,2,12,0.8,12.50,M,40.64,M,12.0,0907*48
2021:01:22:14:59:11.470000,1611323951.47,$GPGGA,135911.00,6331.157569,N,01035.574226,E,2,12,0.8,12.47,M,40.64,M,7.0,0907*72
2021:01:22:14:59:12.470000,1611323952.47,$GPGGA,135912.00,6331.154996,N,01035.576290,E,2,12,0.8,12.47,M,40.64,M,8.0,0907*7E
2021:01:22:14:59:13.470000,1611323953.47,$GPGGA,135913.00,6331.152390,N,01035.578273,E,2,12,0.8,12.42,M,40.64,M,9.0,0907*72
2021:01:22:14:59:14.470000,1611323954.47,$GPGGA,135914.00,6331.149827,N,01035.580333,E,2,12,0.8,12.43,M,40.64,M,10.0,0907*43
2021:01:22:14:59:15.470000,1611323955.47,$GPGGA,135915.00,6331.147216,N,01035.582374,E,2,12,0.8,12.44,M,40.64,M,6.0,0907*75
2021:01:22:14:59:17.470000,1611323957.47,$GPGGA,135917.00,6331.142023,N,01035.586351,E,2,12,0.8,12.49,M,40.64,M,8.0,0907*76
2021:01:22:14:59:18.470000,1611323958.47,$GPGGA,135918.00,6331.139438,N,01035.588305,E,2,12,0.8,12.47,M,40.64,M,9.0,0907*7B
2021:01:22:14:59:19.471000,1611323959.471,$GPGGA,135919.00,6331.136820,N,01035.590183,E,2,12,0.8,12.49,M,40.64,M,10.0,0907*43
2021:01:22:14:59:20.471000,1611323960.471,$GPGGA,135920.00,6331.134198,N,01035.592111,E,2,12,0.8,12.46,M,40.64,M,11.0,0907*46
2021:01:22:14:59:22.471000,1611323962.471,$GPGGA,135922.00,6331.129015,N,01035.595846,E,2,12,0.8,12.50,M,40.64,M,13.0,0907*45
2021:01:22:14:59:23.471000,1611323963.471,$GPGGA,135923.00,6331.126428,N,01035.597767,E,2,12,0.8,12.50,M,40.64,M,14.0,0907*48
2021:01:22:14:59:24.471000,1611323964.471,$GPGGA,135924.00,6331.123818,N,01035.599599,E,2,12,0.8,12.49,M,40.64,M,15.0,0907*41
2021:01:22:14:59:25.471000,1611323965.471,$GPGGA,135925.00,6331.121257,N,01035.601477,E,2,12,0.8,12.53,M,40.64,M,16.0,0907*48
2021:01:22:14:59:26.471000,1611323966.471,$GPGGA,135926.00,6331.118653,N,01035.603481,E,2,12,0.8,12.51,M,40.64,M,17.0,0907*49
2021:01:22:14:59:27.471000,1611323967.471,$GPGGA,135927.00,6331.116084,N,01035.605405,E,2,12,0.8,12.51,M,40.64,M,7.0,0907*71
2021:01:22:14:59:28.471000,1611323968.471,$GPGGA,135928.00,6331.113454,N,01035.607270,E,2,12,0.8,12.51,M,40.64,M,8.0,0907*7B
2021:01:22:14:59:30.471000,1611323970.471,$GPGGA,135930.00,6331.108304,N,01035.610994,E,2,12,0.8,12.55,M,40.64,M,10.0,0907*40
2021:01:22:14:59:31.471000,1611323971.471,$GPGGA,135931.00,6331.105674,N,01035.612914,E,2,12,0.8,12.47,M,40.64,M,5.0,0907*73
2021:01:22:14:59:32.471000,1611323972.471,$GPGGA,135932.00,6331.103111,N,01035.614905,E,2,12,0.8,12.44,M,40.64,M,6.0,0907*74
2021:01:22:14:59:33.471000,1611323973.471,$GPGGA,135933.00,6331.100529,N,01035.616784,E,2,12,0.8,12.47,M,40.64,M,7.0,0907*7E
2021:01:22:14:59:34.471000,1611323974.471,$GPGGA,135934.00,6331.097948,N,01035.618812,E,2,12,0.8,12.46,M,40.64,M,8.0,0907*7D
2021:01:22:14:59:35.472000,1611323975.472,$GPGGA,135935.00,6331.095408,N,01035.620808,E,2,12,0.8,12.46,M,40.64,M,9.0,0907*76
2021:01:22:14:59:36.471000,1611323976.471,$GPGGA,135936.00,6331.092832,N,01035.622789,E,2,12,0.8,12.48,M,40.64,M,10.0,0907*45
2021:01:22:14:59:37.471000,1611323977.471,$GPGGA,135937.00,6331.090260,N,01035.624869,E,2,12,0.8,12.47,M,40.64,M,11.0,0907*42
2021:01:22:14:59:38.473000,1611323978.473,$GPGGA,135938.00,6331.087709,N,01035.626921,E,2,12,0.8,12.52,M,40.64,M,7.0,0907*7D
2021:01:22:14:59:39.473000,1611323979.473,$GPGGA,135939.00,6331.085142,N,01035.628938,E,2,12,0.8,12.55,M,40.64,M,8.0,0907*79
2021:01:22:14:59:40.471000,1611323980.471,$GPGGA,135940.00,6331.082563,N,01035.631035,E,2,12,0.8,12.52,M,40.64,M,9.0,0907*7D
2021:01:22:14:59:42.471000,1611323982.471,$GPGGA,135942.00,6331.077445,N,01035.635259,E,2,12,0.8,12.54,M,40.64,M,11.0,0907*43
2021:01:22:14:59:43.471000,1611323983.471,$GPGGA,135943.00,6331.074885,N,01035.637363,E,2,12,0.8,12.52,M,40.64,M,12.0,0907*4E
2021:01:22:14:59:44.471000,1611323984.471,$GPGGA,135944.00,6331.072325,N,01035.639381,E,2,12,0.8,12.52,M,40.64,M,8.0,0907*77
2021:01:22:14:59:45.471000,1611323985.471,$GPGGA,135945.00,6331.069728,N,01035.641364,E,2,12,0.8,12.52,M,40.64,M,9.0,0907*70
2021:01:22:14:59:47.471000,1611323987.471,$GPGGA,135947.00,6331.064614,N,01035.645534,E,2,12,0.8,12.51,M,40.64,M,11.0,0907*4C
2021:01:22:14:59:48.471000,1611323988.471,$GPGGA,135948.00,6331.062059,N,01035.647564,E,2,12,0.8,12.51,M,40.64,M,7.0,0907*7A
2021:01:22:14:59:50.472000,1611323990.472,$GPGGA,135950.00,6331.056910,N,01035.651641,E,2,12,0.8,12.55,M,40.64,M,9.0,0907*79
2021:01:22:14:59:51.472000,1611323991.472,$GPGGA,135951.00,6331.054351,N,01035.653625,E,2,12,0.8,12.54,M,40.64,M,10.0,0907*4C
2021:01:22:14:59:52.472000,1611323992.472,$GPGGA,135952.00,6331.051769,N,01035.655689,E,2,12,0.8,12.47,M,40.64,M,5.0,0907*73
2021:01:22:14:59:54.472000,1611323994.472,$GPGGA,135954.00,6331.046628,N,01035.659797,E,2,12,0.8,12.49,M,40.64,M,7.0,0907*79
2021:01:22:14:59:55.472000,1611323995.472,$GPGGA,135955.00,6331.044065,N,01035.661808,E,2,12,0.8,12.49,M,40.64,M,8.0,0907*78
2021:01:22:14:59:56.472000,1611323996.472,$GPGGA,135956.00,6331.041478,N,01035.663829,E,2,12,0.8,12.48,M,40.64,M,9.0,0907*77
2021:01:22:14:59:57.472000,1611323997.472,$GPGGA,135957.00,6331.038908,N,01035.665768,E,2,12,0.8,12.50,M,40.64,M,10.0,0907*4F
2021:01:22:14:59:59.472000,1611323999.472,$GPGGA,135959.00,6331.033720,N,01035.669718,E,2,12,0.8,12.45,M,40.64,M,7.0,0907*77
2021:01:22:15:00:00.472000,1611324000.472,$GPGGA,140000.00,6331.031142,N,01035.671639,E,2,12,0.8,12.49,M,40.64,M,8.0,0907*78
2021:01:22:15:00:01.472000,1611324001.472,$GPGGA,140001.00,6331.028548,N,01035.673614,E,2,12,0.8,12.51,M,40.64,M,9.0,0907*7A
2021:01:22:15:00:02.472000,1611324002.472,$GPGGA,140002.00,6331.025962,N,01035.675582,E,2,12,0.8,12.48,M,40.64,M,10.0,0907*4A
2021:01:22:15:00:03.472000,1611324003.472,$GPGGA,140003.00,6331.023366,N,01035.677549,E,2,12,0.8,12.49,M,40.64,M,11.0,0907*46
2021:01:22:15:00:04.472000,1611324004.472,$GPGGA,140004.00,6331.020784,N,01035.679532,E,2,12,0.8,12.48,M,40.64,M,5.0,0907*7C
2021:01:22:15:00:05.472000,1611324005.472,$GPGGA,140005.00,6331.018234,N,01035.681585,E,2,12,0.8,12.49,M,40.64,M,6.0,0907*71
2021:01:22:15:00:07.472000,1611324007.472,$GPGGA,140007.00,6331.013050,N,01035.685478,E,2,12,0.8,12.51,M,40.64,M,8.0,0907*78
2021:01:22:15:00:08.472000,1611324008.472,$GPGGA,140008.00,6331.010474,N,01035.687517,E,2,12,0.8,12.48,M,40.64,M,9.0,0907*75
2021:01:22:15:00:09.472000,1611324009.472,$GPGGA,140009.00,6331.007937,N,01035.689526,E,2,12,0.8,12.53,M,40.64,M,10.0,0907*46
2021:01:22:15:00:10.472000,1611324010.472,$GPGGA,140010.00,6331.005358,N,01035.691660,E,2,12,0.8,12.54,M,40.64,M,11.0,0907*41
2021:01:22:15:00:11.472000,1611324011.472,$GPGGA,140011.00,6331.002813,N,01035.693781,E,2,12,0.8,12.53,M,40.64,M,7.0,0907*7F
2021:01:22:15:00:12.472000,1611324012.472,$GPGGA,140012.00,6331.000230,N,01035.695760,E,2,12,0.8,12.49,M,40.64,M,8.0,0907*78
2021:01:22:15:00:13.472000,1611324013.472,$GPGGA,140013.00,6330.997674,N,01035.697774,E,2,12,0.8,12.51,M,40.64,M,9.0,0907*74
2021:01:22:15:00:15.472000,1611324015.472,$GPGGA,140015.00,6330.992533,N,01035.701923,E,2,12,0.8,12.49,M,40.64,M,5.0,0907*70
2021:01:22:15:00:16.472000,1611324016.472,$GPGGA,140016.00,6330.989937,N,01035.703903,E,2,12,0.8,12.49,M,40.64,M,6.0,0907*72
2021:01:22:15:00:17.472000,1611324017.472,$GPGGA,140017.00,6330.987365,N,01035.705973,E,2,12,0.8,12.51,M,40.64,M,7.0,0907*79
2021:01:22:15:00:20.473000,1611324020.473,$GPGGA,140020.00,6330.979649,N,01035.712236,E,2,12,0.8,12.49,M,40.64,M,10.0,0907*44
2021:01:22:15:00:21.473000,1611324021.473,$GPGGA,140021.00,6330.977082,N,01035.714154,E,2,12,0.8,12.50,M,40.64,M,6.0,0907*74
2021:01:22:15:00:22.473000,1611324022.473,$GPGGA,140022.00,6330.974474,N,01035.716104,E,2,12,0.8,12.49,M,40.64,M,7.0,0907*77
2021:01:22:15:00:24.473000,1611324024.473,$GPGGA,140024.00,6330.969347,N,01035.720220,E,2,12,0.8,12.44,M,40.64,M,9.0,0907*79
2021:01:22:15:00:25.473000,1611324025.473,$GPGGA,140025.00,6330.966726,N,01035.722242,E,2,12,0.8,12.41,M,40.64,M,5.0,0907*7B
2021:01:22:15:00:26.473000,1611324026.473,$GPGGA,140026.00,6330.964161,N,01035.724264,E,2,12,0.8,12.44,M,40.64,M,6.0,0907*7B
2021:01:22:15:00:27.473000,1611324027.473,$GPGGA,140027.00,6330.961546,N,01035.726218,E,2,12,0.8,12.46,M,40.64,M,7.0,0907*74
2021:01:22:15:00:28.473000,1611324028.473,$GPGGA,140028.00,6330.958964,N,01035.728215,E,2,12,0.8,12.44,M,40.64,M,8.0,0907*73
2021:01:22:15:00:29.473000,1611324029.473,$GPGGA,140029.00,6330.956355,N,01035.730166,E,2,12,0.8,12.42,M,40.64,M,9.0,0907*7D
2021:01:22:15:00:30.473000,1611324030.473,$GPGGA,140030.00,6330.953741,N,01035.732160,E,2,12,0.8,12.40,M,40.64,M,10.0,0907*4F
2021:01:22:15:00:32.473000,1611324032.473,$GPGGA,140032.00,6330.948568,N,01035.735989,E,2,12,0.8,12.49,M,40.64,M,7.0,0907*79
2021:01:22:15:00:33.474000,1611324033.474,$GPGGA,140033.00,6330.945960,N,01035.738046,E,2,12,0.8,12.45,M,40.64,M,8.0,0907*75
2021:01:22:15:00:34.474000,1611324034.474,$GPGGA,140034.00,6330.943414,N,01035.740076,E,2,12,0.8,12.48,M,40.64,M,9.0,0907*7A
2021:01:22:15:00:35.474000,1611324035.474,$GPGGA,140035.00,6330.940810,N,01035.742139,E,2,12,0.8,12.48,M,40.64,M,10.0,0907*40
2021:01:22:15:00:36.473000,1611324036.473,$GPGGA,140036.00,6330.938215,N,01035.744086,E,2,12,0.8,12.46,M,40.64,M,11.0,0907*4F
2021:01:22:15:00:37.473000,1611324037.473,$GPGGA,140037.00,6330.935626,N,01035.746002,E,2,12,0.8,12.48,M,40.64,M,12.0,0907*44
2021:01:22:15:00:38.473000,1611324038.473,$GPGGA,140038.00,6330.933003,N,01035.747838,E,2,12,0.8,12.48,M,40.64,M,13.0,0907*4D
2021:01:22:15:00:39.473000,1611324039.473,$GPGGA,140039.00,6330.930437,N,01035.749785,E,2,12,0.8,12.52,M,40.64,M,8.0,0907*7A
2021:01:22:15:00:40.473000,1611324040.473,$GPGGA,140040.00,6330.927820,N,01035.751635,E,2,12,0.8,12.51,M,40.64,M,9.0,0907*79
2021:01:22:15:00:41.473000,1611324041.473,$GPGGA,140041.00,6330.925250,N,01035.753528,E,2,12,0.8,12.54,M,40.64,M,5.0,0907*73
2021:01:22:15:00:42.473000,1611324042.473,$GPGGA,140042.00,6330.922604,N,01035.755351,E,2,12,0.8,12.51,M,40.64,M,6.0,0907*7A
2021:01:22:15:00:44.473000,1611324044.473,$GPGGA,140044.00,6330.917446,N,01035.759088,E,2,12,0.8,12.54,M,40.64,M,8.0,0907*7E
2021:01:22:15:00:45.473000,1611324045.473,$GPGGA,140045.00,6330.914853,N,01035.761012,E,2,12,0.8,12.50,M,40.64,M,4.0,0907*74
2021:01:22:15:00:46.473000,1611324046.473,$GPGGA,140046.00,6330.912262,N,01035.762977,E,2,12,0.8,12.49,M,40.64,M,5.0,0907*79
2021:01:22:15:00:47.474000,1611324047.474,$GPGGA,140047.00,6330.909692,N,01035.764896,E,2,12,0.8,12.51,M,40.64,M,6.0,0907*7B
2021:01:22:15:00:48.474000,1611324048.474,$GPGGA,140048.00,6330.907087,N,01035.766924,E,2,12,0.8,12.48,M,40.64,M,7.0,0907*7B
2021:01:22:15:00:49.474000,1611324049.474,$GPGGA,140049.00,6330.904511,N,01035.768872,E,2,12,0.8,12.50,M,40.64,M,8.0,0907*79
2021:01:22:15:00:50.474000,1611324050.474,$GPGGA,140050.00,6330.901911,N,01035.770796,E,2,12,0.8,12.51,M,40.64,M,9.0,0907*74
2021:01:22:15:00:52.474000,1611324052.474,$GPGGA,140052.00,6330.896760,N,01035.774742,E,2,12,0.8,12.48,M,40.64,M,11.0,0907*4D
2021:01:22:15:00:53.474000,1611324053.474,$GPGGA,140053.00,6330.894161,N,01035.776747,E,2,12,0.8,12.45,M,40.64,M,12.0,0907*40
2021:01:22:15:00:54.474000,1611324054.474,$GPGGA,140054.00,6330.891597,N,01035.778679,E,2,12,0.8,12.47,M,40.64,M,13.0,0907*4E
2021:01:22:15:00:55.474000,1611324055.474,$GPGGA,140055.00,6330.889013,N,01035.780727,E,2,12,0.8,12.47,M,40.64,M,6.0,0907*76
2021:01:22:15:00:57.474000,1611324057.474,$GPGGA,140057.00,6330.883890,N,01035.784674,E,2,12,0.8,12.49,M,40.64,M,8.0,0907*7E
2021:01:22:15:00:58.474000,1611324058.474,$GPGGA,140058.00,6330.881290,N,01035.786727,E,2,12,0.8,12.47,M,40.64,M,9.0,0907*73
2021:01:22:15:00:59.474000,1611324059.474,$GPGGA,140059.00,6330.878732,N,01035.788739,E,2,12,0.8,12.49,M,40.64,M,10.0,0907*4E
2021:01:22:15:01:00.474000,1611324060.474,$GPGGA,140100.00,6330.876171,N,01035.790757,E,2,12,0.8,12.53,M,40.64,M,11.0,0907*47
2021:01:22:15:01:01.474000,1611324061.474,$GPGGA,140101.00,6330.873587,N,01035.792774,E,2,12,0.8,12.53,M,40.64,M,12.0,0907*4E
2021:01:22:15:01:02.475000,1611324062.475,$GPGGA,140102.00,6330.871012,N,01035.794900,E,2,12,0.8,12.50,M,40.64,M,13.0,0907*4F
2021:01:22:15:01:03.475000,1611324063.475,$GPGGA,140103.00,6330.868459,N,01035.797062,E,2,12,0.8,12.51,M,40.64,M,14.0,0907*45
2021:01:22:15:01:05.475000,1611324065.475,$GPGGA,140105.00,6330.863350,N,01035.801424,E,2,12,0.8,12.52,M,40.64,M,12.0,0907*45
2021:01:22:15:01:06.474000,1611324066.474,$GPGGA,140106.00,6330.860804,N,01035.803487,E,2,12,0.8,12.54,M,40.64,M,13.0,0907*43
2021:01:22:15:01:07.474000,1611324067.474,$GPGGA,140107.00,6330.858189,N,01035.805497,E,2,12,0.8,12.54,M,40.64,M,14.0,0907*45
2021:01:22:15:01:09.474000,1611324069.474,$GPGGA,140109.00,6330.853038,N,01035.809588,E,2,12,0.8,12.56,M,40.64,M,10.0,0907*4E
2021:01:22:15:01:10.474000,1611324070.474,$GPGGA,140110.00,6330.850463,N,01035.811633,E,2,12,0.8,12.55,M,40.63,M,11.0,0907*40
2021:01:22:15:01:11.474000,1611324071.474,$GPGGA,140111.00,6330.847885,N,01035.813669,E,2,12,0.8,12.57,M,40.63,M,12.0,0907*4F
2021:01:22:15:01:12.474000,1611324072.474,$GPGGA,140112.00,6330.845290,N,01035.815713,E,2,12,0.8,12.58,M,40.63,M,7.0,0907*71
2021:01:22:15:01:13.474000,1611324073.474,$GPGGA,140113.00,6330.842727,N,01035.817748,E,2,12,0.8,12.60,M,40.63,M,8.0,0907*76
2021:01:22:15:01:14.474000,1611324074.474,$GPGGA,140114.00,6330.840145,N,01035.819899,E,2,12,0.8,12.55,M,40.63,M,9.0,0907*7B
2021:01:22:15:01:15.474000,1611324075.474,$GPGGA,140115.00,6330.837583,N,01035.821905,E,2,12,0.8,12.57,M,40.63,M,10.0,0907*41
2021:01:22:15:01:17.475000,1611324077.475,$GPGGA,140117.00,6330.832410,N,01035.825965,E,2,12,0.8,12.53,M,40.63,M,7.0,0907*7D
2021:01:22:15:01:18.475000,1611324078.475,$GPGGA,140118.00,6330.829839,N,01035.828075,E,2,12,0.8,12.51,M,40.63,M,8.0,0907*77
2021:01:22:15:01:19.475000,1611324079.475,$GPGGA,140119.00,6330.827273,N,01035.830208,E,2,12,0.8,12.52,M,40.63,M,9.0,0907*7F
2021:01:22:15:01:20.475000,1611324080.475,$GPGGA,140120.00,6330.824718,N,01035.832293,E,2,12,0.8,12.54,M,40.63,M,10.0,0907*40
2021:01:22:15:01:22.475000,1611324082.475,$GPGGA,140122.00,6330.819550,N,01035.836352,E,2,12,0.8,12.49,M,40.63,M,7.0,0907*70
2021:01:22:15:01:23.475000,1611324083.475,$GPGGA,140123.00,6330.816972,N,01035.838406,E,2,12,0.8,12.53,M,40.63,M,8.0,0907*7E
2021:01:22:15:01:24.475000,1611324084.475,$GPGGA,140124.00,6330.814406,N,01035.840521,E,2,12,0.8,12.53,M,40.63,M,9.0,0907*7F
2021:01:22:15:01:25.475000,1611324085.475,$GPGGA,140125.00,6330.811855,N,01035.842560,E,2,12,0.8,12.53,M,40.63,M,10.0,0907*4E
2021:01:22:15:01:26.475000,1611324086.475,$GPGGA,140126.00,6330.809259,N,01035.844512,E,2,12,0.8,12.51,M,40.63,M,6.0,0907*74
2021:01:22:15:01:27.475000,1611324087.475,$GPGGA,140127.00,6330.806699,N,01035.846515,E,2,12,0.8,12.50,M,40.63,M,7.0,0907*77
2021:01:22:15:01:28.475000,1611324088.475,$GPGGA,140128.00,6330.804142,N,01035.848626,E,2,12,0.8,12.50,M,40.63,M,8.0,0907*79
2021:01:22:15:01:30.475000,1611324090.475,$GPGGA,140130.00,6330.799008,N,01035.852642,E,2,12,0.8,12.50,M,40.63,M,10.0,0907*44
2021:01:22:15:01:31.476000,1611324091.476,$GPGGA,140131.00,6330.796453,N,01035.854579,E,2,12,0.8,12.50,M,40.63,M,11.0,0907*4C
2021:01:22:15:01:32.476000,1611324092.476,$GPGGA,140132.00,6330.793872,N,01035.856527,E,2,12,0.8,12.52,M,40.63,M,7.0,0907*79
2021:01:22:15:01:33.476000,1611324093.476,$GPGGA,140133.00,6330.791288,N,01035.858530,E,2,12,0.8,12.52,M,40.63,M,8.0,0907*72
2021:01:22:15:01:34.476000,1611324094.476,$GPGGA,140134.00,6330.788733,N,01035.860591,E,2,12,0.8,12.50,M,40.63,M,9.0,0907*7B
2021:01:22:15:01:35.476000,1611324095.476,$GPGGA,140135.00,6330.786158,N,01035.862536,E,2,12,0.8,12.53,M,40.63,M,10.0,0907*4B
2021:01:22:15:01:36.476000,1611324096.476,$GPGGA,140136.00,6330.783590,N,01035.864503,E,2,12,0.8,12.52,M,40.63,M,11.0,0907*4D
2021:01:22:15:01:37.475000,1611324097.475,$GPGGA,140137.00,6330.781006,N,01035.866509,E,2,12,0.8,12.49,M,40.63,M,12.0,0907*45
2021:01:22:15:01:38.475000,1611324098.475,$GPGGA,140138.00,6330.778423,N,01035.868514,E,2,12,0.8,12.48,M,40.63,M,13.0,0907*4D
2021:01:22:15:01:39.475000,1611324099.475,$GPGGA,140139.00,6330.775870,N,01035.870574,E,2,12,0.8,12.51,M,40.63,M,8.0,0907*76
2021:01:22:15:01:40.475000,1611324100.475,$GPGGA,140140.00,6330.773328,N,01035.872666,E,2,12,0.8,12.52,M,40.63,M,9.0,0907*78
2021:01:22:15:01:42.475000,1611324102.475,$GPGGA,140142.00,6330.768222,N,01035.876835,E,2,12,0.8,12.55,M,40.63,M,6.0,0907*7F
2021:01:22:15:01:43.475000,1611324103.475,$GPGGA,140143.00,6330.765643,N,01035.878998,E,2,12,0.8,12.49,M,40.63,M,7.0,0907*74
2021:01:22:15:01:44.475000,1611324104.475,$GPGGA,140144.00,6330.763125,N,01035.881163,E,2,12,0.8,12.51,M,40.63,M,8.0,0907*7E
2021:01:22:15:01:45.475000,1611324105.475,$GPGGA,140145.00,6330.760565,N,01035.883262,E,2,12,0.8,12.53,M,40.63,M,4.0,0907*72
2021:01:22:15:01:46.476000,1611324106.476,$GPGGA,140146.00,6330.757982,N,01035.885442,E,2,12,0.8,12.46,M,40.63,M,5.0,0907*77
2021:01:22:15:01:47.476000,1611324107.476,$GPGGA,140147.00,6330.755430,N,01035.887543,E,2,12,0.8,12.50,M,40.63,M,6.0,0907*76
2021:01:22:15:01:48.477000,1611324108.477,$GPGGA,140148.00,6330.752858,N,01035.889576,E,2,12,0.8,12.54,M,40.63,M,7.0,0907*71
2021:01:22:15:01:50.476000,1611324110.476,$GPGGA,140150.00,6330.747719,N,01035.893836,E,2,12,0.8,12.50,M,40.63,M,9.0,0907*7E
2021:01:22:15:01:51.476000,1611324111.476,$GPGGA,140151.00,6330.745182,N,01035.895879,E,2,12,0.8,12.58,M,40.63,M,10.0,0907*44
2021:01:22:15:01:52.476000,1611324112.476,$GPGGA,140152.00,6330.742577,N,01035.897829,E,2,12,0.8,12.56,M,40.63,M,11.0,0907*46
2021:01:22:15:01:55.476000,1611324115.476,$GPGGA,140155.00,6330.734905,N,01035.904012,E,2,12,0.8,12.54,M,40.63,M,8.0,0907*78
2021:01:22:15:01:56.476000,1611324116.476,$GPGGA,140156.00,6330.732313,N,01035.906019,E,2,12,0.8,12.54,M,40.63,M,9.0,0907*78
2021:01:22:15:01:57.476000,1611324117.476,$GPGGA,140157.00,6330.729745,N,01035.908125,E,2,12,0.8,12.50,M,40.63,M,10.0,0907*48
2021:01:22:15:01:59.476000,1611324119.476,$GPGGA,140159.00,6330.724562,N,01035.911951,E,2,12,0.8,12.51,M,40.63,M,7.0,0907*78
2021:01:22:15:02:00.477000,1611324120.477,$GPGGA,140200.00,6330.721977,N,01035.913991,E,2,12,0.8,12.46,M,40.63,M,8.0,0907*7D
2021:01:22:15:02:01.477000,1611324121.477,$GPGGA,140201.00,6330.719434,N,01035.916006,E,2,12,0.8,12.48,M,40.63,M,9.0,0907*70
2021:01:22:15:02:02.477000,1611324122.477,$GPGGA,140202.00,6330.716837,N,01035.917949,E,2,12,0.8,12.51,M,40.63,M,10.0,0907*40
2021:01:22:15:02:03.477000,1611324123.477,$GPGGA,140203.00,6330.714274,N,01035.919886,E,2,12,0.8,12.52,M,40.63,M,11.0,0907*40
2021:01:22:15:02:04.477000,1611324124.477,$GPGGA,140204.00,6330.711683,N,01035.921855,E,2,12,0.8,12.51,M,40.63,M,12.0,0907*4B
2021:01:22:15:02:05.477000,1611324125.477,$GPGGA,140205.00,6330.709107,N,01035.923925,E,2,12,0.8,12.50,M,40.63,M,7.0,0907*79
2021:01:22:15:02:07.476000,1611324127.476,$GPGGA,140207.00,6330.703954,N,01035.928001,E,2,12,0.8,12.50,M,40.63,M,9.0,0907*75
2021:01:22:15:02:08.476000,1611324128.476,$GPGGA,140208.00,6330.701388,N,01035.930032,E,2,12,0.8,12.50,M,40.63,M,10.0,0907*42
2021:01:22:15:02:09.476000,1611324129.476,$GPGGA,140209.00,6330.698803,N,01035.932053,E,2,12,0.8,12.52,M,40.63,M,11.0,0907*4C
2021:01:22:15:02:10.476000,1611324130.476,$GPGGA,140210.00,6330.696213,N,01035.934035,E,2,12,0.8,12.53,M,40.63,M,12.0,0907*45
2021:01:22:15:02:11.476000,1611324131.476,$GPGGA,140211.00,6330.693639,N,01035.936102,E,2,12,0.8,12.54,M,40.63,M,13.0,0907*4C
2021:01:22:15:02:12.476000,1611324132.476,$GPGGA,140212.00,6330.691042,N,01035.938197,E,2,12,0.8,12.52,M,40.63,M,14.0,0907*44
2021:01:22:15:02:13.476000,1611324133.476,$GPGGA,140213.00,6330.688477,N,01035.940232,E,2,12,0.8,12.47,M,40.63,M,5.0,0907*78
2021:01:22:15:02:15.477000,1611324135.477,$GPGGA,140215.00,6330.683290,N,01035.944238,E,2,12,0.8,12.45,M,40.63,M,7.0,0907*74
2021:01:22:15:02:16.477000,1611324136.477,$GPGGA,140216.00,6330.680769,N,01035.946398,E,2,12,0.8,12.49,M,40.63,M,8.0,0907*7D
2021:01:22:15:02:17.477000,1611324137.477,$GPGGA,140217.00,6330.678181,N,01035.948511,E,2,12,0.8,12.51,M,40.63,M,9.0,0907*7A
2021:01:22:15:02:18.477000,1611324138.477,$GPGGA,140218.00,6330.675607,N,01035.950450,E,2,12,0.8,12.52,M,40.63,M,10.0,0907*47
2021:01:22:15:02:19.477000,1611324139.477,$GPGGA,140219.00,6330.673014,N,01035.952459,E,2,12,0.8,12.53,M,40.63,M,6.0,0907*79
2021:01:22:15:02:20.477000,1611324140.477,$GPGGA,140220.00,6330.670416,N,01035.954523,E,2,12,0.8,12.51,M,40.63,M,7.0,0907*7F
2021:01:22:15:02:21.477000,1611324141.477,$GPGGA,140221.00,6330.667833,N,01035.956570,E,2,12,0.8,12.53,M,40.63,M,8.0,0907*7A
2021:01:22:15:02:22.477000,1611324142.477,$GPGGA,140222.00,6330.665229,N,01035.958649,E,2,12,0.8,12.53,M,40.63,M,9.0,0907*7C
2021:01:22:15:02:24.477000,1611324144.477,$GPGGA,140224.00,6330.660024,N,01035.962631,E,2,12,0.8,12.50,M,40.63,M,6.0,0907*7A
2021:01:22:15:02:25.477000,1611324145.477,$GPGGA,140225.00,6330.657463,N,01035.964673,E,2,12,0.8,12.49,M,40.63,M,7.0,0907*71
2021:01:22:15:02:27.477000,1611324147.477,$GPGGA,140227.00,6330.652285,N,01035.968710,E,2,12,0.8,12.49,M,40.63,M,9.0,0907*7E
2021:01:22:15:02:28.477000,1611324148.477,$GPGGA,140228.00,6330.649689,N,01035.970618,E,2,12,0.8,12.50,M,40.63,M,10.0,0907*43
2021:01:22:15:02:29.477000,1611324149.477,$GPGGA,140229.00,6330.647077,N,01035.972499,E,2,12,0.8,12.48,M,40.63,M,6.0,0907*7C
2021:01:22:15:02:30.478000,1611324150.478,$GPGGA,140230.00,6330.644480,N,01035.974391,E,2,12,0.8,12.50,M,40.63,M,7.0,0907*7A
2021:01:22:15:02:32.478000,1611324152.478,$GPGGA,140232.00,6330.639306,N,01035.978338,E,2,12,0.8,12.48,M,40.63,M,9.0,0907*73
2021:01:22:15:02:33.478000,1611324153.478,$GPGGA,140233.00,6330.636731,N,01035.980361,E,2,12,0.8,12.48,M,40.63,M,10.0,0907*4E
2021:01:22:15:02:34.478000,1611324154.478,$GPGGA,140234.00,6330.634135,N,01035.982240,E,2,12,0.8,12.51,M,40.63,M,11.0,0907*40
2021:01:22:15:02:35.478000,1611324155.478,$GPGGA,140235.00,6330.631551,N,01035.984217,E,2,12,0.8,12.52,M,40.63,M,12.0,0907*46
2021:01:22:15:02:36.478000,1611324156.478,$GPGGA,140236.00,6330.628950,N,01035.986183,E,2,12,0.8,12.51,M,40.63,M,7.0,0907*7B
2021:01:22:15:02:37.478000,1611324157.478,$GPGGA,140237.00,6330.626394,N,01035.988209,E,2,12,0.8,12.53,M,40.63,M,8.0,0907*74
2021:01:22:15:02:38.478000,1611324158.478,$GPGGA,140238.00,6330.623804,N,01035.990223,E,2,12,0.8,12.55,M,40.63,M,9.0,0907*7A
2021:01:22:15:02:40.477000,1611324160.477,$GPGGA,140240.00,6330.618662,N,01035.994261,E,2,12,0.8,12.57,M,40.63,M,11.0,0907*4A
2021:01:22:15:02:41.477000,1611324161.477,$GPGGA,140241.00,6330.616068,N,01035.996332,E,2,12,0.8,12.55,M,40.63,M,12.0,0907*4D
2021:01:22:15:02:42.477000,1611324162.477,$GPGGA,140242.00,6330.613531,N,01035.998484,E,2,12,0.8,12.54,M,40.63,M,8.0,0907*7C
2021:01:22:15:02:44.477000,1611324164.477,$GPGGA,140244.00,6330.608375,N,01036.002606,E,2,12,0.8,12.53,M,40.63,M,10.0,0907*49
2021:01:22:15:02:45.478000,1611324165.478,$GPGGA,140245.00,6330.605790,N,01036.004581,E,2,12,0.8,12.52,M,40.63,M,11.0,0907*40
2021:01:22:15:02:46.478000,1611324166.478,$GPGGA,140246.00,6330.603208,N,01036.006663,E,2,12,0.8,12.49,M,40.63,M,7.0,0907*71
2021:01:22:15:02:47.478000,1611324167.478,$GPGGA,140247.00,6330.600649,N,01036.008792,E,2,12,0.8,12.49,M,40.63,M,8.0,0907*7C
2021:01:22:15:02:48.478000,1611324168.478,$GPGGA,140248.00,6330.598079,N,01036.010912,E,2,12,0.8,12.47,M,40.63,M,9.0,0907*74
2021:01:22:15:02:49.478000,1611324169.478,$GPGGA,140249.00,6330.595501,N,01036.012900,E,2,12,0.8,12.53,M,40.63,M,10.0,0907*4E
2021:01:22:15:02:50.478000,1611324170.478,$GPGGA,140250.00,6330.592910,N,01036.014958,E,2,12,0.8,12.50,M,40.63,M,11.0,0907*44
2021:01:22:15:02:52.478000,1611324172.478,$GPGGA,140252.00,6330.587742,N,01036.019027,E,2,12,0.8,12.52,M,40.63,M,13.0,0907*47
2021:01:22:15:02:53.478000,1611324173.478,$GPGGA,140253.00,6330.585168,N,01036.021096,E,2,12,0.8,12.50,M,40.63,M,9.0,0907*72
2021:01:22:15:02:54.478000,1611324174.478,$GPGGA,140254.00,6330.582584,N,01036.023051,E,2,12,0.8,12.54,M,40.63,M,10.0,0907*41
2021:01:22:15:02:55.478000,1611324175.478,$GPGGA,140255.00,6330.579962,N,01036.025004,E,2,12,0.8,12.50,M,40.63,M,11.0,0907*43
2021:01:22:15:02:57.478000,1611324177.478,$GPGGA,140257.00,6330.574759,N,01036.028792,E,2,12,0.8,12.55,M,40.63,M,13.0,0907*48
2021:01:22:15:02:58.478000,1611324178.478,$GPGGA,140258.00,6330.572129,N,01036.030828,E,2,12,0.8,12.47,M,40.63,M,14.0,0907*43
2021:01:22:15:03:00.479000,1611324180.479,$GPGGA,140300.00,6330.566922,N,01036.034479,E,2,12,0.8,12.55,M,40.63,M,11.0,0907*43
2021:01:22:15:03:01.479000,1611324181.479,$GPGGA,140301.00,6330.564291,N,01036.036211,E,2,12,0.8,12.57,M,40.63,M,12.0,0907*48
2021:01:22:15:03:02.479000,1611324182.479,$GPGGA,140302.00,6330.561663,N,01036.037945,E,2,12,0.8,12.55,M,40.63,M,13.0,0907*4F
2021:01:22:15:03:03.479000,1611324183.479,$GPGGA,140303.00,6330.559032,N,01036.039793,E,2,12,0.8,12.52,M,40.63,M,8.0,0907*71
2021:01:22:15:03:05.479000,1611324185.479,$GPGGA,140305.00,6330.553869,N,01036.043572,E,2,12,0.8,12.58,M,40.63,M,10.0,0907*48
2021:01:22:15:03:06.479000,1611324186.479,$GPGGA,140306.00,6330.551249,N,01036.045418,E,2,12,0.8,12.55,M,40.63,M,11.0,0907*46
2021:01:22:15:03:07.479000,1611324187.479,$GPGGA,140307.00,6330.548663,N,01036.047281,E,2,12,0.8,12.53,M,40.63,M,12.0,0907*42
2021:01:22:15:03:09.479000,1611324189.479,$GPGGA,140309.00,6330.543497,N,01036.051091,E,2,12,0.8,12.52,M,40.63,M,9.0,0907*71
2021:01:22:15:03:10.478000,1611324190.478,$GPGGA,140310.00,6330.540906,N,01036.053000,E,2,12,0.8,12.54,M,40.63,M,10.0,0907*4B
2021:01:22:15:03:11.478000,1611324191.478,$GPGGA,140311.00,6330.538306,N,01036.054867,E,2,12,0.8,12.51,M,40.63,M,11.0,0907*45
2021:01:22:15:03:12.478000,1611324192.478,$GPGGA,140312.00,6330.535750,N,01036.056858,E,2,12,0.8,12.50,M,40.63,M,12.0,0907*40
2021:01:22:15:03:13.478000,1611324193.478,$GPGGA,140313.00,6330.533151,N,01036.058749,E,2,12,0.8,12.50,M,40.63,M,7.0,0907*75
2021:01:22:15:03:14.478000,1611324194.478,$GPGGA,140314.00,6330.530558,N,01036.060700,E,2,12,0.8,12.50,M,40.63,M,8.0,0907*75
2021:01:22:15:03:15.479000,1611324195.479,$GPGGA,140315.00,6330.527965,N,01036.062656,E,2,12,0.8,12.49,M,40.63,M,9.0,0907*79
2021:01:22:15:03:17.479000,1611324197.479,$GPGGA,140317.00,6330.522771,N,01036.066450,E,2,12,0.8,12.51,M,40.63,M,6.0,0907*73
2021:01:22:15:03:18.479000,1611324198.479,$GPGGA,140318.00,6330.520199,N,01036.068430,E,2,12,0.8,12.47,M,40.63,M,7.0,0907*70
2021:01:22:15:03:19.479000,1611324199.479,$GPGGA,140319.00,6330.517636,N,01036.070375,E,2,12,0.8,12.53,M,40.63,M,8.0,0907*72
2021:01:22:15:03:20.479000,1611324200.479,$GPGGA,140320.00,6330.515035,N,01036.072298,E,2,12,0.8,12.53,M,40.63,M,9.0,0907*7E
2021:01:22:15:03:21.479000,1611324201.479,$GPGGA,140321.00,6330.512441,N,01036.074327,E,2,12,0.8,12.46,M,40.63,M,10.0,0907*40
2021:01:22:15:03:22.479000,1611324202.479,$GPGGA,140322.00,6330.509875,N,01036.076274,E,2,12,0.8,12.51,M,40.63,M,11.0,0907*40
2021:01:22:15:03:23.479000,1611324203.479,$GPGGA,140323.00,6330.507278,N,01036.078242,E,2,12,0.8,12.53,M,40.63,M,7.0,0907*76
2021:01:22:15:03:25.479000,1611324205.479,$GPGGA,140325.00,6330.502088,N,01036.082176,E,2,12,0.8,12.50,M,40.63,M,9.0,0907*74
2021:01:22:15:03:26.479000,1611324206.479,$GPGGA,140326.00,6330.499509,N,01036.084189,E,2,12,0.8,12.51,M,40.63,M,10.0,0907*47
2021:01:22:15:03:27.479000,1611324207.479,$GPGGA,140327.00,6330.496919,N,01036.086162,E,2,12,0.8,12.51,M,40.63,M,6.0,0907*74
2021:01:22:15:03:30.480000,1611324210.48,$GPGGA,140330.00,6330.489160,N,01036.091970,E,2,12,0.8,12.54,M,40.63,M,9.0,0907*7D
2021:01:22:15:03:31.480000,1611324211.48,$GPGGA,140331.00,6330.486588,N,01036.093894,E,2,12,0.8,12.52,M,40.63,M,10.0,0907*46
2021:01:22:15:03:32.480000,1611324212.48,$GPGGA,140332.00,6330.483990,N,01036.095822,E,2,12,0.8,12.51,M,40.63,M,11.0,0907*4C
2021:01:22:15:03:34.480000,1611324214.48,$GPGGA,140334.00,6330.478806,N,01036.099661,E,2,12,0.8,12.52,M,40.62,M,8.0,0907*7F
2021:01:22:15:03:35.480000,1611324215.48,$GPGGA,140335.00,6330.476202,N,01036.101474,E,2,12,0.8,12.54,M,40.62,M,9.0,0907*7F
2021:01:22:15:03:36.480000,1611324216.48,$GPGGA,140336.00,6330.473608,N,01036.103420,E,2,12,0.8,12.54,M,40.62,M,10.0,0907*4C
2021:01:22:15:03:37.480000,1611324217.48,$GPGGA,140337.00,6330.471015,N,01036.105411,E,2,12,0.8,12.53,M,40.62,M,11.0,0907*47
2021:01:22:15:03:38.480000,1611324218.48,$GPGGA,140338.00,6330.468437,N,01036.107394,E,2,12,0.8,12.54,M,40.62,M,12.0,0907*48
2021:01:22:15:03:39.480000,1611324219.48,$GPGGA,140339.00,6330.465859,N,01036.109353,E,2,12,0.8,12.55,M,40.62,M,13.0,0907*45
2021:01:22:15:03:40.480000,1611324220.48,$GPGGA,140340.00,6330.463273,N,01036.111346,E,2,12,0.8,12.53,M,40.62,M,8.0,0907*7E
2021:01:22:15:03:42.479000,1611324222.479,$GPGGA,140342.00,6330.458100,N,01036.115327,E,2,12,0.8,12.50,M,40.62,M,10.0,0907*4A
2021:01:22:15:03:43.479000,1611324223.479,$GPGGA,140343.00,6330.455507,N,01036.117373,E,2,12,0.8,12.46,M,40.62,M,6.0,0907*76
2021:01:22:15:03:44.479000,1611324224.479,$GPGGA,140344.00,6330.452967,N,01036.119482,E,2,12,0.8,12.51,M,40.62,M,7.0,0907*7C
2021:01:22:15:03:45.480000,1611324225.48,$GPGGA,140345.00,6330.450386,N,01036.121521,E,2,12,0.8,12.48,M,40.62,M,8.0,0907*7E
2021:01:22:15:03:46.480000,1611324226.48,$GPGGA,140346.00,6330.447802,N,01036.123528,E,2,12,0.8,12.48,M,40.62,M,9.0,0907*76
2021:01:22:15:03:47.480000,1611324227.48,$GPGGA,140347.00,6330.445204,N,01036.125602,E,2,12,0.8,12.45,M,40.62,M,10.0,0907*41
2021:01:22:15:03:48.480000,1611324228.48,$GPGGA,140348.00,6330.442645,N,01036.127663,E,2,12,0.8,12.46,M,40.62,M,11.0,0907*4F
2021:01:22:15:03:50.480000,1611324230.48,$GPGGA,140350.00,6330.437479,N,01036.131727,E,2,12,0.8,12.51,M,40.62,M,7.0,0907*7E
2021:01:22:15:03:51.480000,1611324231.48,$GPGGA,140351.00,6330.434888,N,01036.133752,E,2,12,0.8,12.48,M,40.62,M,8.0,0907*79
2021:01:22:15:03:52.480000,1611324232.48,$GPGGA,140352.00,6330.432303,N,01036.135771,E,2,12,0.8,12.50,M,40.62,M,9.0,0907*7B
2021:01:22:15:03:55.480000,1611324235.48,$GPGGA,140355.00,6330.424517,N,01036.141865,E,2,12,0.8,12.49,M,40.62,M,7.0,0907*77
2021:01:22:15:03:56.482000,1611324236.482,$GPGGA,140356.00,6330.421932,N,01036.143844,E,2,12,0.8,12.51,M,40.62,M,8.0,0907*7D
2021:01:22:15:03:57.480000,1611324237.48,$GPGGA,140357.00,6330.419313,N,01036.145788,E,2,12,0.8,12.51,M,40.62,M,9.0,0907*76
2021:01:22:15:03:59.480000,1611324239.48,$GPGGA,140359.00,6330.414145,N,01036.149880,E,2,12,0.8,12.49,M,40.62,M,11.0,0907*4F
2021:01:22:15:04:00.482000,1611324240.482,$GPGGA,140400.00,6330.411546,N,01036.151858,E,2,12,0.8,12.45,M,40.62,M,6.0,0907*70
2021:01:22:15:04:02.481000,1611324242.481,$GPGGA,140402.00,6330.406358,N,01036.155867,E,2,12,0.8,12.44,M,40.62,M,8.0,0907*7A
2021:01:22:15:04:03.481000,1611324243.481,$GPGGA,140403.00,6330.403787,N,01036.157922,E,2,12,0.8,12.46,M,40.62,M,9.0,0907*79
2021:01:22:15:04:04.481000,1611324244.481,$GPGGA,140404.00,6330.401211,N,01036.160038,E,2,12,0.8,12.47,M,40.62,M,5.0,0907*7D
2021:01:22:15:04:05.481000,1611324245.481,$GPGGA,140405.00,6330.398637,N,01036.162057,E,2,12,0.8,12.51,M,40.62,M,6.0,0907*74
2021:01:22:15:04:07.481000,1611324247.481,$GPGGA,140407.00,6330.393446,N,01036.166108,E,2,12,0.8,12.46,M,40.62,M,8.0,0907*7E
2021:01:22:15:04:08.481000,1611324248.481,$GPGGA,140408.00,6330.390895,N,01036.168070,E,2,12,0.8,12.51,M,40.62,M,9.0,0907*77
2021:01:22:15:04:09.481000,1611324249.481,$GPGGA,140409.00,6330.388289,N,01036.170014,E,2,12,0.8,12.55,M,40.62,M,10.0,0907*4F
2021:01:22:15:04:11.481000,1611324251.481,$GPGGA,140411.00,6330.383124,N,01036.173848,E,2,12,0.8,12.54,M,40.62,M,12.0,0907*48
2021:01:22:15:04:12.480000,1611324252.48,$GPGGA,140412.00,6330.380509,N,01036.175809,E,2,12,0.8,12.54,M,40.62,M,13.0,0907*41
2021:01:22:15:04:13.480000,1611324253.48,$GPGGA,140413.00,6330.377931,N,01036.177780,E,2,12,0.8,12.56,M,40.62,M,9.0,0907*7A
2021:01:22:15:04:15.481000,1611324255.481,$GPGGA,140415.00,6330.372734,N,01036.181577,E,2,12,0.8,12.57,M,40.62,M,6.0,0907*7F
2021:01:22:15:04:16.481000,1611324256.481,$GPGGA,140416.00,6330.370087,N,01036.183427,E,2,12,0.8,12.55,M,40.62,M,7.0,0907*74
2021:01:22:15:04:17.481000,1611324257.481,$GPGGA,140417.00,6330.367466,N,01036.185248,E,2,12,0.8,12.54,M,40.62,M,8.0,0907*7F
2021:01:22:15:04:19.481000,1611324259.481,$GPGGA,140419.00,6330.362239,N,01036.188966,E,2,12,0.8,12.57,M,40.62,M,10.0,0907*48
2021:01:22:15:04:20.481000,1611324260.481,$GPGGA,140420.00,6330.359649,N,01036.190806,E,2,12,0.8,12.54,M,40.62,M,5.0,0907*70
2021:01:22:15:04:21.481000,1611324261.481,$GPGGA,140421.00,6330.357023,N,01036.192669,E,2,12,0.8,12.51,M,40.62,M,6.0,0907*76
2021:01:22:15:04:23.481000,1611324263.481,$GPGGA,140423.00,6330.351802,N,01036.196405,E,2,12,0.8,12.51,M,40.62,M,8.0,0907*7B
2021:01:22:15:04:24.481000,1611324264.481,$GPGGA,140424.00,6330.349197,N,01036.198241,E,2,12,0.8,12.52,M,40.62,M,9.0,0907*7A
2021:01:22:15:04:25.481000,1611324265.481,$GPGGA,140425.00,6330.346587,N,01036.200102,E,2,12,0.8,12.54,M,40.62,M,10.0,0907*49
2021:01:22:15:04:28.481000,1611324268.481,$GPGGA,140428.00,6330.338755,N,01036.205916,E,2,12,0.8,12.49,M,40.62,M,8.0,0907*7D
2021:01:22:15:04:29.481000,1611324269.481,$GPGGA,140429.00,6330.336148,N,01036.207785,E,2,12,0.8,12.52,M,40.62,M,3.0,0907*7F
2021:01:22:15:04:32.482000,1611324272.482,$GPGGA,140432.00,6330.328386,N,01036.213713,E,2,12,0.8,12.52,M,40.62,M,6.0,0907*75
2021:01:22:15:04:33.482000,1611324273.482,$GPGGA,140433.00,6330.325815,N,01036.215745,E,2,12,0.8,12.51,M,40.62,M,7.0,0907*7F
2021:01:22:15:04:36.482000,1611324276.482,$GPGGA,140436.00,6330.318082,N,01036.221834,E,2,12,0.8,12.48,M,40.62,M,10.0,0907*42
2021:01:22:15:04:37.482000,1611324277.482,$GPGGA,140437.00,6330.315520,N,01036.223889,E,2,12,0.8,12.51,M,40.62,M,6.0,0907*78
2021:01:22:15:04:38.482000,1611324278.482,$GPGGA,140438.00,6330.312934,N,01036.225910,E,2,12,0.8,12.51,M,40.62,M,7.0,0907*7F
2021:01:22:15:04:40.482000,1611324280.482,$GPGGA,140440.00,6330.307756,N,01036.229862,E,2,12,0.8,12.50,M,40.62,M,9.0,0907*79
2021:01:22:15:04:41.482000,1611324281.482,$GPGGA,140441.00,6330.305165,N,01036.231824,E,2,12,0.8,12.52,M,40.62,M,10.0,0907*4D
2021:01:22:15:04:42.482000,1611324282.482,$GPGGA,140442.00,6330.302578,N,01036.233916,E,2,12,0.8,12.49,M,40.62,M,11.0,0907*48
2021:01:22:15:04:44.481000,1611324284.481,$GPGGA,140444.00,6330.297413,N,01036.237886,E,2,12,0.8,12.51,M,40.62,M,13.0,0907*48
2021:01:22:15:04:45.482000,1611324285.482,$GPGGA,140445.00,6330.294805,N,01036.239890,E,2,12,0.8,12.52,M,40.62,M,14.0,0907*4C
2021:01:22:15:04:46.482000,1611324286.482,$GPGGA,140446.00,6330.292216,N,01036.241909,E,2,12,0.8,12.50,M,40.62,M,15.0,0907*4C
2021:01:22:15:04:48.482000,1611324288.482,$GPGGA,140448.00,6330.287036,N,01036.245885,E,2,12,0.8,12.52,M,40.62,M,10.0,0907*40
2021:01:22:15:04:49.482000,1611324289.482,$GPGGA,140449.00,6330.284453,N,01036.247962,E,2,12,0.8,12.49,M,40.62,M,11.0,0907*44
2021:01:22:15:04:50.482000,1611324290.482,$GPGGA,140450.00,6330.281887,N,01036.250006,E,2,12,0.8,12.52,M,40.62,M,12.0,0907*48
2021:01:22:15:04:52.482000,1611324292.482,$GPGGA,140452.00,6330.276711,N,01036.254188,E,2,12,0.8,12.44,M,40.62,M,8.0,0907*7D
2021:01:22:15:04:53.482000,1611324293.482,$GPGGA,140453.00,6330.274148,N,01036.256220,E,2,12,0.8,12.45,M,40.62,M,9.0,0907*77
2021:01:22:15:04:54.482000,1611324294.482,$GPGGA,140454.00,6330.271547,N,01036.258179,E,2,12,0.8,12.46,M,40.62,M,10.0,0907*44
2021:01:22:15:04:57.482000,1611324297.482,$GPGGA,140457.00,6330.263787,N,01036.264063,E,2,12,0.8,12.49,M,40.62,M,8.0,0907*79
2021:01:22:15:04:58.482000,1611324298.482,$GPGGA,140458.00,6330.261167,N,01036.266067,E,2,12,0.8,12.47,M,40.62,M,9.0,0907*75
2021:01:22:15:05:01.483000,1611324301.483,$GPGGA,140501.00,6330.253374,N,01036.271898,E,2,12,0.8,12.45,M,40.62,M,7.0,0907*7B
2021:01:22:15:05:02.483000,1611324302.483,$GPGGA,140502.00,6330.250847,N,01036.273761,E,2,12,0.8,12.50,M,40.62,M,8.0,0907*70
2021:01:22:15:05:05.483000,1611324305.483,$GPGGA,140505.00,6330.243047,N,01036.279436,E,2,12,0.8,12.49,M,40.62,M,6.0,0907*70
2021:01:22:15:05:06.483000,1611324306.483,$GPGGA,140506.00,6330.240492,N,01036.281312,E,2,12,0.8,12.52,M,40.62,M,7.0,0907*71
2021:01:22:15:05:07.483000,1611324307.483,$GPGGA,140507.00,6330.237909,N,01036.283235,E,2,12,0.8,12.53,M,40.62,M,8.0,0907*77
2021:01:22:15:05:09.483000,1611324309.483,$GPGGA,140509.00,6330.232761,N,01036.287079,E,2,12,0.8,12.52,M,40.62,M,10.0,0907*4A
2021:01:22:15:05:10.483000,1611324310.483,$GPGGA,140510.00,6330.230195,N,01036.289060,E,2,12,0.8,12.53,M,40.62,M,11.0,0907*4B
2021:01:22:15:05:11.483000,1611324311.483,$GPGGA,140511.00,6330.227642,N,01036.291008,E,2,12,0.8,12.54,M,40.62,M,12.0,0907*42
2021:01:22:15:05:13.483000,1611324313.483,$GPGGA,140513.00,6330.222506,N,01036.295148,E,2,12,0.8,12.52,M,40.62,M,14.0,0907*47
2021:01:22:15:05:14.483000,1611324314.483,$GPGGA,140514.00,6330.219973,N,01036.297214,E,2,12,0.8,12.56,M,40.62,M,5.0,0907*7A
2021:01:22:15:05:15.483000,1611324315.483,$GPGGA,140515.00,6330.217386,N,01036.299214,E,2,12,0.8,12.55,M,40.62,M,6.0,0907*7B
2021:01:22:15:05:17.483000,1611324317.483,$GPGGA,140517.00,6330.212253,N,01036.303277,E,2,12,0.8,12.53,M,40.62,M,8.0,0907*7A
2021:01:22:15:05:18.483000,1611324318.483,$GPGGA,140518.00,6330.209656,N,01036.305296,E,2,12,0.8,12.49,M,40.62,M,9.0,0907*7D
2021:01:22:15:05:19.483000,1611324319.483,$GPGGA,140519.00,6330.207131,N,01036.307229,E,2,12,0.8,12.56,M,40.62,M,10.0,0907*44
2021:01:22:15:05:21.483000,1611324321.483,$GPGGA,140521.00,6330.201965,N,01036.311124,E,2,12,0.8,12.48,M,40.62,M,6.0,0907*71
2021:01:22:15:05:22.483000,1611324322.483,$GPGGA,140522.00,6330.199378,N,01036.312901,E,2,12,0.8,12.50,M,40.62,M,7.0,0907*72
2021:01:22:15:05:23.483000,1611324323.483,$GPGGA,140523.00,6330.196791,N,01036.314815,E,2,12,0.8,12.47,M,40.62,M,8.0,0907*74
2021:01:22:15:05:25.483000,1611324325.483,$GPGGA,140525.00,6330.191673,N,01036.318682,E,2,12,0.8,12.47,M,40.62,M,10.0,0907*4D
2021:01:22:15:05:26.483000,1611324326.483,$GPGGA,140526.00,6330.189122,N,01036.320660,E,2,12,0.8,12.48,M,40.62,M,11.0,0907*4D
2021:01:22:15:05:27.483000,1611324327.483,$GPGGA,140527.00,6330.186555,N,01036.322586,E,2,12,0.8,12.46,M,40.62,M,12.0,0907*43
2021:01:22:15:05:30.484000,1611324330.484,$GPGGA,140530.00,6330.178808,N,01036.328477,E,2,12,0.8,12.48,M,40.62,M,4.0,0907*7D
2021:01:22:15:05:31.484000,1611324331.484,$GPGGA,140531.00,6330.176236,N,01036.330495,E,2,12,0.8,12.46,M,40.62,M,5.0,0907*7F
2021:01:22:15:05:34.484000,1611324334.484,$GPGGA,140534.00,6330.168492,N,01036.336567,E,2,12,0.8,12.51,M,40.62,M,8.0,0907*7C
2021:01:22:15:05:35.484000,1611324335.484,$GPGGA,140535.00,6330.165920,N,01036.338700,E,2,12,0.8,12.47,M,40.62,M,9.0,0907*7F
2021:01:22:15:05:38.484000,1611324338.484,$GPGGA,140538.00,6330.158274,N,01036.345145,E,2,12,0.8,12.47,M,40.62,M,7.0,0907*75
2021:01:22:15:05:39.484000,1611324339.484,$GPGGA,140539.00,6330.155726,N,01036.347370,E,2,12,0.8,12.43,M,40.62,M,8.0,0907*76
2021:01:22:15:05:40.484000,1611324340.484,$GPGGA,140540.00,6330.153224,N,01036.349561,E,2,12,0.8,12.50,M,40.62,M,9.0,0907*72
2021:01:22:15:05:42.484000,1611324342.484,$GPGGA,140542.00,6330.148129,N,01036.354032,E,2,12,0.8,12.45,M,40.62,M,11.0,0907*46
2021:01:22:15:05:43.485000,1611324343.485,$GPGGA,140543.00,6330.145578,N,01036.356205,E,2,12,0.8,12.49,M,40.62,M,12.0,0907*41
2021:01:22:15:05:44.484000,1611324344.484,$GPGGA,140544.00,6330.143024,N,01036.358443,E,2,12,0.8,12.47,M,40.62,M,8.0,0907*73
2021:01:22:15:05:46.484000,1611324346.484,$GPGGA,140546.00,6330.137952,N,01036.362857,E,2,12,0.8,12.51,M,40.62,M,10.0,0907*44
2021:01:22:15:05:47.484000,1611324347.484,$GPGGA,140547.00,6330.135413,N,01036.365106,E,2,12,0.8,12.49,M,40.62,M,6.0,0907*7B
2021:01:22:15:05:48.484000,1611324348.484,$GPGGA,140548.00,6330.132860,N,01036.367228,E,2,12,0.8,12.54,M,40.62,M,7.0,0907*7B
2021:01:22:15:05:50.484000,1611324350.484,$GPGGA,140550.00,6330.127746,N,01036.371627,E,2,12,0.8,12.56,M,40.62,M,9.0,0907*7D
2021:01:22:15:05:51.484000,1611324351.484,$GPGGA,140551.00,6330.125190,N,01036.373824,E,2,12,0.8,12.58,M,40.62,M,10.0,0907*4A
2021:01:22:15:05:52.484000,1611324352.484,$GPGGA,140552.00,6330.122629,N,01036.375962,E,2,12,0.8,12.61,M,40.62,M,11.0,0907*45
2021:01:22:15:05:54.484000,1611324354.484,$GPGGA,140554.00,6330.117500,N,01036.380275,E,2,12,0.8,12.55,M,40.62,M,7.0,0907*7A
2021:01:22:15:05:55.484000,1611324355.484,$GPGGA,140555.00,6330.114912,N,01036.382449,E,2,12,0.8,12.53,M,40.62,M,8.0,0907*75
2021:01:22:15:05:56.484000,1611324356.484,$GPGGA,140556.00,6330.112384,N,01036.384630,E,2,12,0.8,12.52,M,40.61,M,9.0,0907*7C
2021:01:22:15:05:59.485000,1611324359.485,$GPGGA,140559.00,6330.104651,N,01036.390935,E,2,12,0.8,12.53,M,40.61,M,12.0,0907*4D
2021:01:22:15:06:00.485000,1611324360.485,$GPGGA,140600.00,6330.102086,N,01036.393041,E,2,12,0.8,12.52,M,40.61,M,13.0,0907*41
2021:01:22:15:06:03.485000,1611324363.485,$GPGGA,140603.00,6330.094334,N,01036.399125,E,2,12,0.8,12.50,M,40.61,M,11.0,0907*4F
2021:01:22:15:06:04.485000,1611324364.485,$GPGGA,140604.00,6330.091752,N,01036.401137,E,2,12,0.8,12.49,M,40.61,M,12.0,0907*47
2021:01:22:15:06:07.485000,1611324367.485,$GPGGA,140607.00,6330.083984,N,01036.407005,E,2,12,0.8,12.45,M,40.61,M,5.0,0907*7E
2021:01:22:15:06:08.485000,1611324368.485,$GPGGA,140608.00,6330.081440,N,01036.408915,E,2,12,0.8,12.46,M,40.61,M,6.0,0907*71
2021:01:22:15:06:09.485000,1611324369.485,$GPGGA,140609.00,6330.078827,N,01036.410750,E,2,12,0.8,12.49,M,40.61,M,7.0,0907*73
2021:01:22:15:06:11.485000,1611324371.485,$GPGGA,140611.00,6330.073667,N,01036.414649,E,2,12,0.8,12.47,M,40.61,M,9.0,0907*76
2021:01:22:15:06:12.486000,1611324372.486,$GPGGA,140612.00,6330.071095,N,01036.416669,E,2,12,0.8,12.44,M,40.61,M,10.0,0907*47
2021:01:22:15:06:13.486000,1611324373.486,$GPGGA,140613.00,6330.068512,N,01036.418570,E,2,12,0.8,12.46,M,40.61,M,11.0,0907*42
2021:01:22:15:06:15.485000,1611324375.485,$GPGGA,140615.00,6330.063327,N,01036.422460,E,2,12,0.8,12.49,M,40.61,M,8.0,0907*71
2021:01:22:15:06:16.485000,1611324376.485,$GPGGA,140616.00,6330.060753,N,01036.424425,E,2,12,0.8,12.49,M,40.61,M,9.0,0907*70
2021:01:22:15:06:17.485000,1611324377.485,$GPGGA,140617.00,6330.058176,N,01036.426404,E,2,12,0.8,12.49,M,40.61,M,10.0,0907*42
2021:01:22:15:06:19.485000,1611324379.485,$GPGGA,140619.00,6330.053000,N,01036.430228,E,2,12,0.8,12.47,M,40.61,M,12.0,0907*44
2021:01:22:15:06:20.485000,1611324380.485,$GPGGA,140620.00,6330.050455,N,01036.432288,E,2,12,0.8,12.48,M,40.61,M,13.0,0907*4F
2021:01:22:15:06:21.485000,1611324381.485,$GPGGA,140621.00,6330.047872,N,01036.434289,E,2,12,0.8,12.50,M,40.61,M,8.0,0907*75
2021:01:22:15:06:23.485000,1611324383.485,$GPGGA,140623.00,6330.042704,N,01036.438269,E,2,12,0.8,12.50,M,40.61,M,10.0,0907*47
2021:01:22:15:06:24.485000,1611324384.485,$GPGGA,140624.00,6330.040113,N,01036.440253,E,2,12,0.8,12.54,M,40.61,M,6.0,0907*77
2021:01:22:15:06:25.485000,1611324385.485,$GPGGA,140625.00,6330.037519,N,01036.442345,E,2,12,0.8,12.49,M,40.61,M,7.0,0907*71
2021:01:22:15:06:27.486000,1611324387.486,$GPGGA,140627.00,6330.032334,N,01036.446167,E,2,12,0.8,12.51,M,40.61,M,9.0,0907*7E
2021:01:22:15:06:28.486000,1611324388.486,$GPGGA,140628.00,6330.029740,N,01036.448084,E,2,12,0.8,12.48,M,40.61,M,5.0,0907*7A
2021:01:22:15:06:29.486000,1611324389.486,$GPGGA,140629.00,6330.027157,N,01036.450062,E,2,12,0.8,12.47,M,40.61,M,6.0,0907*78
2021:01:22:15:06:32.486000,1611324392.486,$GPGGA,140632.00,6330.019420,N,01036.455872,E,2,12,0.8,12.50,M,40.61,M,9.0,0907*7F
2021:01:22:15:06:33.486000,1611324393.486,$GPGGA,140633.00,6330.016835,N,01036.457850,E,2,12,0.8,12.46,M,40.61,M,10.0,0907*44
2021:01:22:15:06:36.486000,1611324396.486,$GPGGA,140636.00,6330.009103,N,01036.463794,E,2,12,0.8,12.51,M,40.61,M,8.0,0907*7C
2021:01:22:15:06:37.486000,1611324397.486,$GPGGA,140637.00,6330.006551,N,01036.465683,E,2,12,0.8,12.54,M,40.61,M,9.0,0907*74
2021:01:22:15:06:38.486000,1611324398.486,$GPGGA,140638.00,6330.003928,N,01036.467523,E,2,12,0.8,12.55,M,40.61,M,10.0,0907*4E
2021:01:22:15:06:40.486000,1611324400.486,$GPGGA,140640.00,6329.998777,N,01036.471459,E,2,12,0.8,12.53,M,40.61,M,12.0,0907*49
2021:01:22:15:06:41.486000,1611324401.486,$GPGGA,140641.00,6329.996187,N,01036.473290,E,2,12,0.8,12.58,M,40.61,M,13.0,0907*44
2021:01:22:15:06:42.487000,1611324402.487,$GPGGA,140642.00,6329.993600,N,01036.475235,E,2,12,0.8,12.54,M,40.61,M,8.0,0907*75
2021:01:22:15:06:44.487000,1611324404.487,$GPGGA,140644.00,6329.988445,N,01036.479061,E,2,12,0.8,12.54,M,40.61,M,5.0,0907*78
2021:01:22:15:06:45.486000,1611324405.486,$GPGGA,140645.00,6329.985895,N,01036.481028,E,2,12,0.8,12.54,M,40.61,M,6.0,0907*7C
2021:01:22:15:06:46.486000,1611324406.486,$GPGGA,140646.00,6329.983319,N,01036.482911,E,2,12,0.8,12.55,M,40.61,M,7.0,0907*76
2021:01:22:15:06:48.486000,1611324408.486,$GPGGA,140648.00,6329.978170,N,01036.486772,E,2,12,0.8,12.54,M,40.61,M,9.0,0907*71
2021:01:22:15:06:49.486000,1611324409.486,$GPGGA,140649.00,6329.975601,N,01036.488756,E,2,12,0.8,12.56,M,40.61,M,10.0,0907*4E
2021:01:22:15:06:50.486000,1611324410.486,$GPGGA,140650.00,6329.973040,N,01036.490740,E,2,12,0.8,12.54,M,40.61,M,11.0,0907*4E
2021:01:22:15:06:52.486000,1611324412.486,$GPGGA,140652.00,6329.967871,N,01036.494566,E,2,12,0.8,12.58,M,40.61,M,8.0,0907*75
2021:01:22:15:06:53.486000,1611324413.486,$GPGGA,140653.00,6329.965279,N,01036.496552,E,2,12,0.8,12.55,M,40.61,M,9.0,0907*7D
2021:01:22:15:06:54.486000,1611324414.486,$GPGGA,140654.00,6329.962719,N,01036.498518,E,2,12,0.8,12.59,M,40.61,M,10.0,0907*4A
2021:01:22:15:06:56.486000,1611324416.486,$GPGGA,140656.00,6329.957557,N,01036.502516,E,2,12,0.8,12.59,M,40.61,M,12.0,0907*48
2021:01:22:15:06:57.487000,1611324417.487,$GPGGA,140657.00,6329.954982,N,01036.504461,E,2,12,0.8,12.59,M,40.61,M,13.0,0907*48
2021:01:22:15:06:58.487000,1611324418.487,$GPGGA,140658.00,6329.952399,N,01036.506491,E,2,12,0.8,12.59,M,40.61,M,8.0,0907*76
2021:01:22:15:07:00.487000,1611324420.487,$GPGGA,140700.00,6329.947266,N,01036.510599,E,2,12,0.8,12.63,M,40.61,M,10.0,0907*41
2021:01:22:15:07:01.487000,1611324421.487,$GPGGA,140701.00,6329.944673,N,01036.512579,E,2,12,0.8,12.59,M,40.61,M,6.0,0907*71
2021:01:22:15:07:02.487000,1611324422.487,$GPGGA,140702.00,6329.942093,N,01036.514583,E,2,12,0.8,12.57,M,40.61,M,7.0,0907*70
2021:01:22:15:07:05.487000,1611324425.487,$GPGGA,140705.00,6329.934358,N,01036.520625,E,2,12,0.8,12.52,M,40.61,M,5.0,0907*7D
2021:01:22:15:07:06.487000,1611324426.487,$GPGGA,140706.00,6329.931763,N,01036.522652,E,2,12,0.8,12.48,M,40.61,M,6.0,0907*7D
2021:01:22:15:07:09.487000,1611324429.487,$GPGGA,140709.00,6329.924050,N,01036.528861,E,2,12,0.8,12.51,M,40.61,M,9.0,0907*72
2021:01:22:15:07:10.487000,1611324430.487,$GPGGA,140710.00,6329.921497,N,01036.530840,E,2,12,0.8,12.53,M,40.61,M,10.0,0907*40
2021:01:22:15:07:11.487000,1611324431.487,$GPGGA,140711.00,6329.918882,N,01036.532763,E,2,12,0.8,12.57,M,40.61,M,6.0,0907*7C
2021:01:22:15:07:13.488000,1611324433.488,$GPGGA,140713.00,6329.913714,N,01036.536724,E,2,12,0.8,12.57,M,40.61,M,8.0,0907*7C
2021:01:22:15:07:14.488000,1611324434.488,$GPGGA,140714.00,6329.911108,N,01036.538724,E,2,12,0.8,12.57,M,40.61,M,9.0,0907*7D
2021:01:22:15:07:15.488000,1611324435.488,$GPGGA,140715.00,6329.908516,N,01036.540643,E,2,12,0.8,12.58,M,40.61,M,10.0,0907*47
2021:01:22:15:07:17.487000,1611324437.487,$GPGGA,140717.00,6329.903314,N,01036.544563,E,2,12,0.8,12.55,M,40.61,M,12.0,0907*40
2021:01:22:15:07:18.487000,1611324438.487,$GPGGA,140718.00,6329.900745,N,01036.546538,E,2,12,0.8,12.61,M,40.61,M,13.0,0907*46
2021:01:22:15:07:19.487000,1611324439.487,$GPGGA,140719.00,6329.898112,N,01036.548503,E,2,12,0.8,12.52,M,40.61,M,8.0,0907*7F
2021:01:22:15:07:21.487000,1611324441.487,$GPGGA,140721.00,6329.892898,N,01036.552258,E,2,12,0.8,12.54,M,40.61,M,10.0,0907*48
2021:01:22:15:07:22.487000,1611324442.487,$GPGGA,140722.00,6329.890304,N,01036.554277,E,2,12,0.8,12.54,M,40.61,M,11.0,0907*4D
2021:01:22:15:07:23.487000,1611324443.487,$GPGGA,140723.00,6329.887737,N,01036.556244,E,2,12,0.8,12.59,M,40.61,M,12.0,0907*42
2021:01:22:15:07:25.487000,1611324445.487,$GPGGA,140725.00,6329.882556,N,01036.560227,E,2,12,0.8,12.58,M,40.61,M,9.0,0907*7F
2021:01:22:15:07:26.488000,1611324446.488,$GPGGA,140726.00,6329.879942,N,01036.562111,E,2,12,0.8,12.59,M,40.61,M,10.0,0907*4C
2021:01:22:15:07:27.488000,1611324447.488,$GPGGA,140727.00,6329.877325,N,01036.564154,E,2,12,0.8,12.56,M,40.61,M,11.0,0907*41
2021:01:22:15:07:29.488000,1611324449.488,$GPGGA,140729.00,6329.872177,N,01036.568229,E,2,12,0.8,12.59,M,40.61,M,8.0,0907*7D
2021:01:22:15:07:30.488000,1611324450.488,$GPGGA,140730.00,6329.869614,N,01036.570224,E,2,12,0.8,12.60,M,40.61,M,9.0,0907*72
2021:01:22:15:07:31.488000,1611324451.488,$GPGGA,140731.00,6329.867009,N,01036.572198,E,2,12,0.8,12.59,M,40.61,M,5.0,0907*77
2021:01:22:15:07:34.488000,1611324454.488,$GPGGA,140734.00,6329.859296,N,01036.578206,E,2,12,0.8,12.58,M,40.61,M,8.0,0907*79
2021:01:22:15:07:35.488000,1611324455.488,$GPGGA,140735.00,6329.856716,N,01036.580182,E,2,12,0.8,12.56,M,40.61,M,9.0,0907*7D
2021:01:22:15:07:38.488000,1611324458.488,$GPGGA,140738.00,6329.848965,N,01036.585830,E,2,12,0.8,12.58,M,40.61,M,12.0,0907*44
2021:01:22:15:07:39.488000,1611324459.488,$GPGGA,140739.00,6329.846369,N,01036.587680,E,2,12,0.8,12.59,M,40.61,M,13.0,0907*4A
2021:01:22:15:07:42.489000,1611324462.489,$GPGGA,140742.00,6329.838619,N,01036.593196,E,2,12,0.8,12.58,M,40.61,M,5.0,0907*7E
2021:01:22:15:07:43.489000,1611324463.489,$GPGGA,140743.00,6329.836008,N,01036.595095,E,2,12,0.8,12.56,M,40.61,M,6.0,0907*7E
2021:01:22:15:07:44.489000,1611324464.489,$GPGGA,140744.00,6329.833441,N,01036.596971,E,2,12,0.8,12.55,M,40.61,M,7.0,0907*77
2021:01:22:15:07:46.489000,1611324466.489,$GPGGA,140746.00,6329.828259,N,01036.600651,E,2,12,0.8,12.58,M,40.61,M,9.0,0907*72
2021:01:22:15:07:47.488000,1611324467.488,$GPGGA,140747.00,6329.825673,N,01036.602539,E,2,12,0.8,12.56,M,40.61,M,10.0,0907*4B
2021:01:22:15:07:48.488000,1611324468.488,$GPGGA,140748.00,6329.823088,N,01036.604419,E,2,12,0.8,12.56,M,40.61,M,6.0,0907*72
2021:01:22:15:07:50.488000,1611324470.488,$GPGGA,140750.00,6329.817872,N,01036.608212,E,2,12,0.8,12.52,M,40.61,M,8.0,0907*7A
2021:01:22:15:07:51.488000,1611324471.488,$GPGGA,140751.00,6329.815293,N,01036.610152,E,2,12,0.8,12.53,M,40.61,M,9.0,0907*72
2021:01:22:15:07:52.488000,1611324472.488,$GPGGA,140752.00,6329.812722,N,01036.612084,E,2,12,0.8,12.59,M,40.61,M,10.0,0907*43
2021:01:22:15:07:54.489000,1611324474.489,$GPGGA,140754.00,6329.807552,N,01036.615958,E,2,12,0.8,12.56,M,40.61,M,6.0,0907*73
2021:01:22:15:07:55.489000,1611324475.489,$GPGGA,140755.00,6329.804940,N,01036.617857,E,2,12,0.8,12.58,M,40.61,M,7.0,0907*7D
2021:01:22:15:07:56.489000,1611324476.489,$GPGGA,140756.00,6329.802381,N,01036.619826,E,2,12,0.8,12.57,M,40.61,M,8.0,0907*77
2021:01:22:15:07:58.489000,1611324478.489,$GPGGA,140758.00,6329.797243,N,01036.623852,E,2,12,0.8,12.59,M,40.61,M,5.0,0907*7C
2021:01:22:15:07:59.489000,1611324479.489,$GPGGA,140759.00,6329.794652,N,01036.625824,E,2,12,0.8,12.59,M,40.61,M,6.0,0907*7E
2021:01:22:15:08:00.489000,1611324480.489,$GPGGA,140800.00,6329.792094,N,01036.627816,E,2,12,0.8,12.63,M,40.61,M,7.0,0907*7C
2021:01:22:15:08:02.489000,1611324482.489,$GPGGA,140802.00,6329.786986,N,01036.631947,E,2,12,0.8,12.66,M,40.61,M,9.0,0907*78
2021:01:22:15:08:03.489000,1611324483.489,$GPGGA,140803.00,6329.784380,N,01036.633870,E,2,12,0.8,12.66,M,40.61,M,10.0,0907*48
2021:01:22:15:08:04.489000,1611324484.489,$GPGGA,140804.00,6329.781803,N,01036.635795,E,2,12,0.8,12.63,M,40.61,M,11.0,0907*4C
2021:01:22:15:08:07.489000,1611324487.489,$GPGGA,140807.00,6329.774045,N,01036.641549,E,2,12,0.8,12.59,M,40.61,M,8.0,0907*7E
2021:01:22:15:08:08.490000,1611324488.49,$GPGGA,140808.00,6329.771475,N,01036.643521,E,2,12,0.8,12.53,M,40.61,M,4.0,0907*79
2021:01:22:15:08:11.490000,1611324491.49,$GPGGA,140811.00,6329.763754,N,01036.649389,E,2,12,0.8,12.59,M,40.61,M,7.0,0907*75
2021:01:22:15:08:12.490000,1611324492.49,$GPGGA,140812.00,6329.761153,N,01036.651366,E,2,12,0.8,12.57,M,40.61,M,8.0,0907*7C
2021:01:22:15:08:13.490000,1611324493.49,$GPGGA,140813.00,6329.758576,N,01036.653317,E,2,12,0.8,12.57,M,40.61,M,9.0,0907*71
2021:01:22:15:08:15.490000,1611324495.49,$GPGGA,140815.00,6329.753439,N,01036.657375,E,2,12,0.8,12.59,M,40.61,M,6.0,0907*77
2021:01:22:15:08:16.490000,1611324496.49,$GPGGA,140816.00,6329.750871,N,01036.659508,E,2,12,0.8,12.58,M,40.61,M,7.0,0907*75
2021:01:22:15:08:17.490000,1611324497.49,$GPGGA,140817.00,6329.748325,N,01036.661558,E,2,12,0.8,12.60,M,40.61,M,8.0,0907*7D
2021:01:22:15:08:19.489000,1611324499.489,$GPGGA,140819.00,6329.743195,N,01036.665802,E,2,12,0.8,12.57,M,40.61,M,10.0,0907*4A
2021:01:22:15:08:20.489000,1611324500.489,$GPGGA,140820.00,6329.740625,N,01036.667904,E,2,12,0.8,12.60,M,40.61,M,11.0,0907*4F
2021:01:22:15:08:21.489000,1611324501.489,$GPGGA,140821.00,6329.738082,N,01036.670023,E,2,12,0.8,12.59,M,40.60,M,12.0,0907*48
2021:01:22:15:08:23.490000,1611324503.49,$GPGGA,140823.00,6329.732968,N,01036.674282,E,2,12,0.8,12.57,M,40.60,M,14.0,0907*48
2021:01:22:15:08:24.490000,1611324504.49,$GPGGA,140824.00,6329.730390,N,01036.676430,E,2,12,0.8,12.58,M,40.60,M,15.0,0907*43
2021:01:22:15:08:25.490000,1611324505.49,$GPGGA,140825.00,6329.727832,N,01036.678498,E,2,12,0.8,12.59,M,40.60,M,6.0,0907*78
2021:01:22:15:08:27.490000,1611324507.49,$GPGGA,140827.00,6329.722705,N,01036.682742,E,2,12,0.7,12.57,M,40.60,M,8.0,0907*7A
2021:01:22:15:08:28.490000,1611324508.49,$GPGGA,140828.00,6329.720107,N,01036.684757,E,2,12,0.7,12.60,M,40.60,M,9.0,0907*74
2021:01:22:15:08:29.490000,1611324509.49,$GPGGA,140829.00,6329.717518,N,01036.686811,E,2,12,0.7,12.58,M,40.60,M,5.0,0907*73
2021:01:22:15:08:31.490000,1611324511.49,$GPGGA,140831.00,6329.712365,N,01036.690888,E,2,12,0.7,12.63,M,40.60,M,7.0,0907*7E
2021:01:22:15:08:32.490000,1611324512.49,$GPGGA,140832.00,6329.709783,N,01036.692934,E,2,12,0.7,12.63,M,40.60,M,8.0,0907*70
2021:01:22:15:08:33.490000,1611324513.49,$GPGGA,140833.00,6329.707192,N,01036.695014,E,2,12,0.7,12.61,M,40.60,M,9.0,0907*76
2021:01:22:15:08:36.490000,1611324516.49,$GPGGA,140836.00,6329.699434,N,01036.701118,E,2,12,0.8,12.64,M,40.60,M,6.0,0907*78
2021:01:22:15:08:37.491000,1611324517.491,$GPGGA,140837.00,6329.696831,N,01036.703194,E,2,12,0.8,12.60,M,40.60,M,7.0,0907*7C
2021:01:22:15:08:40.491000,1611324520.491,$GPGGA,140840.00,6329.689041,N,01036.709361,E,2,12,0.7,12.57,M,40.60,M,10.0,0907*42
2021:01:22:15:08:41.491000,1611324521.491,$GPGGA,140841.00,6329.686468,N,01036.711475,E,2,12,0.7,12.59,M,40.60,M,11.0,0907*47
2021:01:22:15:08:44.491000,1611324524.491,$GPGGA,140844.00,6329.678699,N,01036.717898,E,2,12,0.7,12.56,M,40.60,M,14.0,0907*4C
2021:01:22:15:08:45.491000,1611324525.491,$GPGGA,140845.00,6329.676104,N,01036.720076,E,2,12,0.7,12.59,M,40.60,M,4.0,0907*72
2021:01:22:15:08:46.491000,1611324526.491,$GPGGA,140846.00,6329.673524,N,01036.722156,E,2,12,0.7,12.60,M,40.60,M,5.0,0907*78
2021:01:22:15:08:48.491000,1611324528.491,$GPGGA,140848.00,6329.668323,N,01036.726400,E,2,12,0.7,12.58,M,40.60,M,7.0,0907*76
2021:01:22:15:08:49.490000,1611324529.49,$GPGGA,140849.00,6329.665751,N,01036.728488,E,2,12,0.7,12.63,M,40.60,M,8.0,0907*72
2021:01:22:15:08:50.490000,1611324530.49,$GPGGA,140850.00,6329.663149,N,01036.730604,E,2,12,0.7,12.64,M,40.60,M,9.0,0907*7A
2021:01:22:15:08:51.490000,1611324531.49,$GPGGA,140851.00,6329.660577,N,01036.732796,E,2,12,0.8,12.62,M,40.60,M,10.0,0907*48
2021:01:22:15:08:52.491000,1611324532.491,$GPGGA,140852.00,6329.657976,N,01036.734798,E,2,12,0.8,12.66,M,40.60,M,11.0,0907*4F
2021:01:22:15:08:53.491000,1611324533.491,$GPGGA,140853.00,6329.655381,N,01036.736811,E,2,12,0.8,12.67,M,40.60,M,12.0,0907*40
2021:01:22:15:08:54.491000,1611324534.491,$GPGGA,140854.00,6329.652770,N,01036.738796,E,2,12,0.8,12.65,M,40.60,M,13.0,0907*47
2021:01:22:15:08:56.491000,1611324536.491,$GPGGA,140856.00,6329.647581,N,01036.742837,E,2,12,0.8,12.64,M,40.60,M,9.0,0907*7E
2021:01:22:15:08:57.491000,1611324537.491,$GPGGA,140857.00,6329.644968,N,01036.744839,E,2,12,0.7,12.65,M,40.60,M,10.0,0907*49
2021:01:22:15:08:58.491000,1611324538.491,$GPGGA,140858.00,6329.642374,N,01036.746796,E,2,12,0.7,12.60,M,40.60,M,11.0,0907*4B
2021:01:22:15:09:00.491000,1611324540.491,$GPGGA,140900.00,6329.637165,N,01036.750516,E,2,12,0.7,12.64,M,40.60,M,8.0,0907*76
2021:01:22:15:09:01.491000,1611324541.491,$GPGGA,140901.00,6329.634559,N,01036.752417,E,2,12,0.7,12.63,M,40.60,M,9.0,0907*7B
2021:01:22:15:09:02.491000,1611324542.491,$GPGGA,140902.00,6329.631954,N,01036.754354,E,2,12,0.7,12.61,M,40.60,M,5.0,0907*74
2021:01:22:15:09:04.491000,1611324544.491,$GPGGA,140904.00,6329.626804,N,01036.758268,E,2,12,0.7,12.64,M,40.60,M,7.0,0907*75
2021:01:22:15:09:05.491000,1611324545.491,$GPGGA,140905.00,6329.624230,N,01036.760282,E,2,12,0.7,12.61,M,40.60,M,8.0,0907*7E
2021:01:22:15:09:06.492000,1611324546.492,$GPGGA,140906.00,6329.621656,N,01036.762234,E,2,12,0.7,12.63,M,40.60,M,9.0,0907*70
2021:01:22:15:09:09.492000,1611324549.492,$GPGGA,140909.00,6329.613937,N,01036.768237,E,2,12,0.8,12.61,M,40.60,M,7.0,0907*7C
2021:01:22:15:09:10.492000,1611324550.492,$GPGGA,140910.00,6329.611366,N,01036.770253,E,2,12,0.8,12.62,M,40.60,M,8.0,0907*7F
2021:01:22:15:09:11.492000,1611324551.492,$GPGGA,140911.00,6329.608797,N,01036.772275,E,2,12,0.8,12.63,M,40.60,M,9.0,0907*7A
2021:01:22:15:09:13.492000,1611324553.492,$GPGGA,140913.00,6329.603696,N,01036.776482,E,2,12,0.8,12.63,M,40.60,M,6.0,0907*76
2021:01:22:15:09:14.492000,1611324554.492,$GPGGA,140914.00,6329.601166,N,01036.778636,E,2,12,0.8,12.65,M,40.60,M,7.0,0907*7F
2021:01:22:15:09:15.492000,1611324555.492,$GPGGA,140915.00,6329.598603,N,01036.780780,E,2,12,0.8,12.62,M,40.60,M,8.0,0907*7A
2021:01:22:15:09:16.492000,1611324556.492,$GPGGA,140916.00,6329.596075,N,01036.782921,E,2,12,0.8,12.61,M,40.60,M,9.0,0907*75
2021:01:22:15:09:17.492000,1611324557.492,$GPGGA,140917.00,6329.593535,N,01036.785053,E,2,12,0.8,12.64,M,40.60,M,10.0,0907*46
2021:01:22:15:09:18.492000,1611324558.492,$GPGGA,140918.00,6329.590988,N,01036.787195,E,2,12,0.8,12.63,M,40.60,M,11.0,0907*4F
2021:01:22:15:09:19.492000,1611324559.492,$GPGGA,140919.00,6329.588427,N,01036.789380,E,2,12,0.8,12.61,M,40.60,M,12.0,0907*46
2021:01:22:15:09:21.492000,1611324561.492,$GPGGA,140921.00,6329.583328,N,01036.793659,E,2,12,0.7,12.61,M,40.60,M,8.0,0907*70
2021:01:22:15:09:22.492000,1611324562.492,$GPGGA,140922.00,6329.580763,N,01036.795736,E,2,12,0.7,12.64,M,40.60,M,9.0,0907*71
2021:01:22:15:09:23.492000,1611324563.492,$GPGGA,140923.00,6329.578211,N,01036.797921,E,2,12,0.8,12.60,M,40.60,M,10.0,0907*4E
2021:01:22:15:09:25.492000,1611324565.492,$GPGGA,140925.00,6329.573083,N,01036.802129,E,2,12,0.8,12.61,M,40.60,M,12.0,0907*4A
2021:01:22:15:09:26.492000,1611324566.492,$GPGGA,140926.00,6329.570570,N,01036.804214,E,2,12,0.8,12.67,M,40.60,M,8.0,0907*75
2021:01:22:15:09:27.492000,1611324567.492,$GPGGA,140927.00,6329.567980,N,01036.806365,E,2,12,0.8,12.65,M,40.60,M,9.0,0907*77
2021:01:22:15:09:29.492000,1611324569.492,$GPGGA,140929.00,6329.562881,N,01036.810609,E,2,12,0.8,12.66,M,40.60,M,6.0,0907*78
2021:01:22:15:09:30.492000,1611324570.492,$GPGGA,140930.00,6329.560329,N,01036.812740,E,2,12,0.8,12.67,M,40.60,M,7.0,0907*75
2021:01:22:15:09:31.492000,1611324571.492,$GPGGA,140931.00,6329.557778,N,01036.814851,E,2,12,0.8,12.69,M,40.60,M,8.0,0907*78
2021:01:22:15:09:33.492000,1611324573.492,$GPGGA,140933.00,6329.552648,N,01036.819061,E,2,12,0.8,12.69,M,40.60,M,10.0,0907*42
2021:01:22:15:09:34.492000,1611324574.492,$GPGGA,140934.00,6329.550058,N,01036.821183,E,2,12,0.8,12.68,M,40.60,M,11.0,0907*46
2021:01:22:15:09:35.493000,1611324575.493,$GPGGA,140935.00,6329.547494,N,01036.823265,E,2,12,0.8,12.70,M,40.60,M,12.0,0907*46
2021:01:22:15:09:36.493000,1611324576.493,$GPGGA,140936.00,6329.544932,N,01036.825338,E,2,12,0.8,12.69,M,40.60,M,7.0,0907*74
2021:01:22:15:09:38.493000,1611324578.493,$GPGGA,140938.00,6329.539754,N,01036.829440,E,2,12,0.8,12.66,M,40.60,M,9.0,0907*7B
2021:01:22:15:09:39.493000,1611324579.493,$GPGGA,140939.00,6329.537183,N,01036.831484,E,2,12,0.8,12.65,M,40.60,M,5.0,0907*76
2021:01:22:15:09:41.493000,1611324581.493,$GPGGA,140941.00,6329.532018,N,01036.835590,E,2,12,0.7,12.62,M,40.60,M,7.0,0907*75
2021:01:22:15:09:42.493000,1611324582.493,$GPGGA,140942.00,6329.529444,N,01036.837625,E,2,12,0.7,12.62,M,40.60,M,8.0,0907*71
2021:01:22:15:09:43.493000,1611324583.493,$GPGGA,140943.00,6329.526844,N,01036.839622,E,2,12,0.7,12.61,M,40.60,M,9.0,0907*78
2021:01:22:15:09:44.493000,1611324584.493,$GPGGA,140944.00,6329.524275,N,01036.841708,E,2,12,0.7,12.61,M,40.60,M,10.0,0907*4B
2021:01:22:15:09:46.493000,1611324586.493,$GPGGA,140946.00,6329.519060,N,01036.845539,E,2,12,0.7,12.62,M,40.60,M,7.0,0907*70
2021:01:22:15:09:47.493000,1611324587.493,$GPGGA,140947.00,6329.516469,N,01036.847463,E,2,12,0.8,12.60,M,40.60,M,8.0,0907*7D
2021:01:22:15:09:48.493000,1611324588.493,$GPGGA,140948.00,6329.513856,N,01036.849372,E,2,12,0.8,12.62,M,40.60,M,9.0,0907*7D
2021:01:22:15:09:50.494000,1611324590.494,$GPGGA,140950.00,6329.508706,N,01036.853450,E,2,12,0.7,12.64,M,40.60,M,11.0,0907*48
2021:01:22:15:09:51.493000,1611324591.493,$GPGGA,140951.00,6329.506124,N,01036.855442,E,2,12,0.7,12.66,M,40.60,M,12.0,0907*45
2021:01:22:15:09:52.493000,1611324592.493,$GPGGA,140952.00,6329.503514,N,01036.857465,E,2,12,0.7,12.64,M,40.60,M,13.0,0907*40
2021:01:22:15:09:54.493000,1611324594.493,$GPGGA,140954.00,6329.498361,N,01036.861581,E,2,12,0.7,12.65,M,40.60,M,10.0,0907*4D
2021:01:22:15:09:55.493000,1611324595.493,$GPGGA,140955.00,6329.495785,N,01036.863637,E,2,12,0.7,12.65,M,40.60,M,5.0,0907*77
2021:01:22:15:09:56.493000,1611324596.493,$GPGGA,140956.00,6329.493178,N,01036.865748,E,2,12,0.7,12.62,M,40.60,M,6.0,0907*7D
2021:01:22:15:09:58.493000,1611324598.493,$GPGGA,140958.00,6329.487994,N,01036.869827,E,2,12,0.8,12.63,M,40.60,M,8.0,0907*76
2021:01:22:15:09:59.493000,1611324599.493,$GPGGA,140959.00,6329.485423,N,01036.871860,E,2,12,0.8,12.67,M,40.60,M,4.0,0907*76
2021:01:22:15:10:00.493000,1611324600.493,$GPGGA,141000.00,6329.482802,N,01036.873853,E,2,12,0.7,12.66,M,40.60,M,5.0,0907*77
2021:01:22:15:10:01.493000,1611324601.493,$GPGGA,141001.00,6329.480216,N,01036.875889,E,2,12,0.7,12.68,M,40.60,M,6.0,0907*77
2021:01:22:15:10:02.493000,1611324602.493,$GPGGA,141002.00,6329.477602,N,01036.877844,E,2,12,0.7,12.66,M,40.60,M,7.0,0907*71
2021:01:22:15:10:03.493000,1611324603.493,$GPGGA,141003.00,6329.475004,N,01036.879917,E,2,12,0.7,12.65,M,40.60,M,8.0,0907*77
2021:01:22:15:10:04.494000,1611324604.494,$GPGGA,141004.00,6329.472435,N,01036.881922,E,2,12,0.7,12.70,M,40.60,M,9.0,0907*75
2021:01:22:15:10:06.494000,1611324606.494,$GPGGA,141006.00,6329.467213,N,01036.885948,E,2,12,0.8,12.67,M,40.60,M,6.0,0907*7F
2021:01:22:15:10:07.494000,1611324607.494,$GPGGA,141007.00,6329.464622,N,01036.887894,E,2,12,0.8,12.67,M,40.60,M,7.0,0907*78
2021:01:22:15:10:08.494000,1611324608.494,$GPGGA,141008.00,6329.462018,N,01036.889891,E,2,12,0.8,12.70,M,40.60,M,8.0,0907*7C
2021:01:22:15:10:11.494000,1611324611.494,$GPGGA,141011.00,6329.454250,N,01036.895899,E,2,12,0.8,12.76,M,40.60,M,6.0,0907*72
2021:01:22:15:10:12.494000,1611324612.494,$GPGGA,141012.00,6329.451648,N,01036.897987,E,2,12,0.8,12.75,M,40.60,M,7.0,0907*77
2021:01:22:15:10:15.494000,1611324615.494,$GPGGA,141015.00,6329.443909,N,01036.904155,E,2,12,0.7,12.75,M,40.60,M,10.0,0907*4C
2021:01:22:15:10:16.494000,1611324616.494,$GPGGA,141016.00,6329.441313,N,01036.906169,E,2,12,0.7,12.72,M,40.60,M,6.0,0907*71
2021:01:22:15:10:19.495000,1611324619.495,$GPGGA,141019.00,6329.433574,N,01036.912287,E,2,12,0.8,12.68,M,40.60,M,9.0,0907*71
2021:01:22:15:10:20.495000,1611324620.495,$GPGGA,141020.00,6329.431001,N,01036.914262,E,2,12,0.8,12.75,M,40.60,M,10.0,0907*47
2021:01:22:15:10:21.495000,1611324621.495,$GPGGA,141021.00,6329.428392,N,01036.916286,E,2,12,0.8,12.74,M,40.60,M,11.0,0907*4F
2021:01:22:15:10:23.494000,1611324623.494,$GPGGA,141023.00,6329.423236,N,01036.920309,E,2,12,0.8,12.72,M,40.60,M,13.0,0907*4E
2021:01:22:15:10:24.494000,1611324624.494,$GPGGA,141024.00,6329.420658,N,01036.922307,E,2,12,0.8,12.74,M,40.60,M,14.0,0907*4B
2021:01:22:15:10:25.494000,1611324625.494,$GPGGA,141025.00,6329.418074,N,01036.924363,E,2,12,0.8,12.73,M,40.60,M,15.0,0907*4B
2021:01:22:15:10:26.494000,1611324626.494,$GPGGA,141026.00,6329.415502,N,01036.926366,E,2,12,0.8,12.69,M,40.60,M,10.0,0907*48
2021:01:22:15:10:27.494000,1611324627.494,$GPGGA,141027.00,6329.412923,N,01036.928371,E,2,12,0.8,12.69,M,40.60,M,11.0,0907*48
2021:01:22:15:10:28.494000,1611324628.494,$GPGGA,141028.00,6329.410340,N,01036.930362,E,2,12,0.8,12.67,M,40.60,M,12.0,0907*4C
2021:01:22:15:10:29.494000,1611324629.494,$GPGGA,141029.00,6329.407738,N,01036.932374,E,2,12,0.8,12.64,M,40.60,M,13.0,0907*47
2021:01:22:15:10:31.494000,1611324631.494,$GPGGA,141031.00,6329.402569,N,01036.936423,E,2,12,0.8,12.61,M,40.60,M,10.0,0907*4A
2021:01:22:15:10:32.494000,1611324632.494,$GPGGA,141032.00,6329.399982,N,01036.938391,E,2,12,0.8,12.66,M,40.60,M,6.0,0907*75
2021:01:22:15:10:33.494000,1611324633.494,$GPGGA,141033.00,6329.397393,N,01036.940318,E,2,12,0.8,12.68,M,40.60,M,7.0,0907*71
2021:01:22:15:10:35.495000,1611324635.495,$GPGGA,141035.00,6329.392214,N,01036.944434,E,2,12,0.8,12.61,M,40.60,M,9.0,0907*76
2021:01:22:15:10:36.495000,1611324636.495,$GPGGA,141036.00,6329.389634,N,01036.946449,E,2,12,0.8,12.62,M,40.60,M,10.0,0907*4A
2021:01:22:15:10:37.495000,1611324637.495,$GPGGA,141037.00,6329.387049,N,01036.948469,E,2,12,0.8,12.64,M,40.60,M,11.0,0907*42
2021:01:22:15:10:40.495000,1611324640.495,$GPGGA,141040.00,6329.379325,N,01036.954739,E,2,12,0.7,12.62,M,40.60,M,8.0,0907*70
2021:01:22:15:10:41.495000,1611324641.495,$GPGGA,141041.00,6329.376753,N,01036.956855,E,2,12,0.7,12.65,M,40.59,M,9.0,0907*70
2021:01:22:15:10:44.495000,1611324644.495,$GPGGA,141044.00,6329.369041,N,01036.963159,E,2,12,0.7,12.63,M,40.59,M,7.0,0907*74
2021:01:22:15:10:45.495000,1611324645.495,$GPGGA,141045.00,6329.366508,N,01036.965351,E,2,12,0.7,12.64,M,40.59,M,8.0,0907*76
2021:01:22:15:10:46.495000,1611324646.495,$GPGGA,141046.00,6329.363924,N,01036.967479,E,2,12,0.7,12.63,M,40.59,M,4.0,0907*76
2021:01:22:15:10:48.496000,1611324648.496,$GPGGA,141048.00,6329.358792,N,01036.971790,E,2,12,0.7,12.62,M,40.59,M,6.0,0907*73
2021:01:22:15:10:49.496000,1611324649.496,$GPGGA,141049.00,6329.356246,N,01036.973954,E,2,12,0.7,12.65,M,40.59,M,7.0,0907*72
2021:01:22:15:10:50.496000,1611324650.496,$GPGGA,141050.00,6329.353672,N,01036.976044,E,2,12,0.7,12.66,M,40.59,M,8.0,0907*7D
2021:01:22:15:10:51.496000,1611324651.496,$GPGGA,141051.00,6329.351117,N,01036.978246,E,2,12,0.7,12.64,M,40.59,M,9.0,0907*77
2021:01:22:15:10:52.496000,1611324652.496,$GPGGA,141052.00,6329.348562,N,01036.980338,E,2,12,0.7,12.66,M,40.59,M,10.0,0907*4F
2021:01:22:15:10:53.495000,1611324653.495,$GPGGA,141053.00,6329.345997,N,01036.982440,E,2,12,0.7,12.68,M,40.59,M,11.0,0907*40
2021:01:22:15:10:54.495000,1611324654.495,$GPGGA,141054.00,6329.343459,N,01036.984592,E,2,12,0.7,12.67,M,40.59,M,12.0,0907*4A
2021:01:22:15:10:56.495000,1611324656.495,$GPGGA,141056.00,6329.338369,N,01036.988990,E,2,12,0.8,12.64,M,40.59,M,6.0,0907*7B
2021:01:22:15:10:57.495000,1611324657.495,$GPGGA,141057.00,6329.335822,N,01036.991195,E,2,12,0.8,12.64,M,40.59,M,7.0,0907*77
2021:01:22:15:10:58.495000,1611324658.495,$GPGGA,141058.00,6329.333257,N,01036.993279,E,2,12,0.7,12.64,M,40.59,M,8.0,0907*75
2021:01:22:15:11:00.495000,1611324660.495,$GPGGA,141100.00,6329.328143,N,01036.997587,E,2,12,0.7,12.62,M,40.59,M,10.0,0907*48
2021:01:22:15:11:01.495000,1611324661.495,$GPGGA,141101.00,6329.325594,N,01036.999703,E,2,12,0.7,12.64,M,40.59,M,11.0,0907*4D
2021:01:22:15:11:02.496000,1611324662.496,$GPGGA,141102.00,6329.323019,N,01037.001852,E,2,12,0.8,12.60,M,40.59,M,12.0,0907*42
2021:01:22:15:11:03.496000,1611324663.496,$GPGGA,141103.00,6329.320473,N,01037.004000,E,2,12,0.8,12.57,M,40.59,M,9.0,0907*7C
2021:01:22:15:11:04.496000,1611324664.496,$GPGGA,141104.00,6329.317912,N,01037.006061,E,2,12,0.8,12.59,M,40.59,M,10.0,0907*46
2021:01:22:15:11:05.496000,1611324665.496,$GPGGA,141105.00,6329.315355,N,01037.008184,E,2,12,0.8,12.60,M,40.59,M,11.0,0907*43
2021:01:22:15:11:06.496000,1611324666.496,$GPGGA,141106.00,6329.312780,N,01037.010293,E,2,12,0.8,12.57,M,40.59,M,12.0,0907*40
2021:01:22:15:11:08.496000,1611324668.496,$GPGGA,141108.00,6329.307640,N,01037.014403,E,2,12,0.8,12.63,M,40.59,M,8.0,0907*70
2021:01:22:15:11:09.496000,1611324669.496,$GPGGA,141109.00,6329.305074,N,01037.016482,E,2,12,0.8,12.63,M,40.59,M,4.0,0907*75
2021:01:22:15:11:10.496000,1611324670.496,$GPGGA,141110.00,6329.302500,N,01037.018522,E,2,12,0.7,12.61,M,40.59,M,5.0,0907*75
2021:01:22:15:11:11.496000,1611324671.496,$GPGGA,141111.00,6329.299930,N,01037.020597,E,2,12,0.8,12.60,M,40.59,M,6.0,0907*70
2021:01:22:15:11:13.496000,1611324673.496,$GPGGA,141113.00,6329.294786,N,01037.024682,E,2,12,0.8,12.61,M,40.59,M,8.0,0907*70
2021:01:22:15:11:14.496000,1611324674.496,$GPGGA,141114.00,6329.292204,N,01037.026766,E,2,12,0.8,12.59,M,40.59,M,9.0,0907*7D
2021:01:22:15:11:16.497000,1611324676.497,$GPGGA,141116.00,6329.287023,N,01037.030754,E,2,12,0.8,12.61,M,40.59,M,11.0,0907*48
2021:01:22:15:11:17.497000,1611324677.497,$GPGGA,141117.00,6329.284453,N,01037.032739,E,2,12,0.8,12.64,M,40.59,M,7.0,0907*72
2021:01:22:15:11:18.497000,1611324678.497,$GPGGA,141118.00,6329.281826,N,01037.034725,E,2,12,0.8,12.64,M,40.59,M,8.0,0907*72
2021:01:22:15:11:19.497000,1611324679.497,$GPGGA,141119.00,6329.279229,N,01037.036657,E,2,12,0.8,12.64,M,40.59,M,9.0,0907*76
2021:01:22:15:11:21.497000,1611324681.497,$GPGGA,141121.00,6329.273966,N,01037.040388,E,2,12,0.8,12.60,M,40.59,M,11.0,0907*4C
2021:01:22:15:11:22.497000,1611324682.497,$GPGGA,141122.00,6329.271380,N,01037.042210,E,2,12,0.8,12.64,M,40.59,M,12.0,0907*4A
2021:01:22:15:11:23.497000,1611324683.497,$GPGGA,141123.00,6329.268736,N,01037.043996,E,2,12,0.8,12.66,M,40.59,M,13.0,0907*4D
2021:01:22:15:11:25.496000,1611324685.496,$GPGGA,141125.00,6329.263514,N,01037.047847,E,2,12,0.8,12.64,M,40.59,M,15.0,0907*4F
2021:01:22:15:11:26.496000,1611324686.496,$GPGGA,141126.00,6329.260904,N,01037.049755,E,2,12,0.8,12.66,M,40.59,M,16.0,0907*41
2021:01:22:15:11:27.496000,1611324687.496,$GPGGA,141127.00,6329.258288,N,01037.051685,E,2,12,0.8,12.66,M,40.59,M,11.0,0907*46
2021:01:22:15:11:28.496000,1611324688.496,$GPGGA,141128.00,6329.255677,N,01037.053642,E,2,12,0.8,12.65,M,40.59,M,12.0,0907*49
2021:01:22:15:11:29.496000,1611324689.496,$GPGGA,141129.00,6329.253092,N,01037.055629,E,2,12,0.8,12.67,M,40.59,M,13.0,0907*4B
2021:01:22:15:11:30.496000,1611324690.496,$GPGGA,141130.00,6329.250477,N,01037.057544,E,2,12,0.8,12.68,M,40.59,M,9.0,0907*71
2021:01:22:15:11:31.497000,1611324691.497,$GPGGA,141131.00,6329.247869,N,01037.059495,E,2,12,0.8,12.69,M,40.59,M,10.0,0907*4F
2021:01:22:15:11:33.497000,1611324693.497,$GPGGA,141133.00,6329.242650,N,01037.063434,E,2,12,0.8,12.64,M,40.59,M,7.0,0907*75
2021:01:22:15:11:34.497000,1611324694.497,$GPGGA,141134.00,6329.240045,N,01037.065372,E,2,12,0.8,12.67,M,40.59,M,8.0,0907*7D
2021:01:22:15:11:35.497000,1611324695.497,$GPGGA,141135.00,6329.237449,N,01037.067322,E,2,12,0.8,12.69,M,40.59,M,9.0,0907*7C
2021:01:22:15:11:36.497000,1611324696.497,$GPGGA,141136.00,6329.234813,N,01037.069298,E,2,12,0.8,12.62,M,40.59,M,10.0,0907*42
2021:01:22:15:11:37.497000,1611324697.497,$GPGGA,141137.00,6329.232201,N,01037.071221,E,2,12,0.8,12.59,M,40.59,M,6.0,0907*78
2021:01:22:15:11:38.497000,1611324698.497,$GPGGA,141138.00,6329.229570,N,01037.073025,E,2,12,0.8,12.65,M,40.59,M,7.0,0907*76
2021:01:22:15:11:39.497000,1611324699.497,$GPGGA,141139.00,6329.226957,N,01037.074990,E,2,12,0.7,12.64,M,40.59,M,8.0,0907*70
2021:01:22:15:11:41.497000,1611324701.497,$GPGGA,141141.00,6329.221719,N,01037.078769,E,2,12,0.7,12.66,M,40.59,M,10.0,0907*43
2021:01:22:15:11:42.497000,1611324702.497,$GPGGA,141142.00,6329.219105,N,01037.080658,E,2,12,0.8,12.67,M,40.59,M,11.0,0907*4B
2021:01:22:15:11:43.497000,1611324703.497,$GPGGA,141143.00,6329.216473,N,01037.082534,E,2,12,0.8,12.65,M,40.59,M,12.0,0907*4B
2021:01:22:15:11:46.498000,1611324706.498,$GPGGA,141146.00,6329.208654,N,01037.088309,E,2,12,0.7,12.72,M,40.59,M,10.0,0907*4F
2021:01:22:15:11:47.498000,1611324707.498,$GPGGA,141147.00,6329.206046,N,01037.090162,E,2,12,0.7,12.72,M,40.59,M,5.0,0907*77
2021:01:22:15:11:48.498000,1611324708.498,$GPGGA,141148.00,6329.203425,N,01037.092110,E,2,12,0.7,12.66,M,40.59,M,6.0,0907*7D
2021:01:22:15:11:50.498000,1611324710.498,$GPGGA,141150.00,6329.198214,N,01037.095942,E,2,12,0.8,12.70,M,40.59,M,8.0,0907*7F
2021:01:22:15:11:51.498000,1611324711.498,$GPGGA,141151.00,6329.195629,N,01037.097889,E,2,12,0.8,12.72,M,40.59,M,9.0,0907*7E
2021:01:22:15:11:52.498000,1611324712.498,$GPGGA,141152.00,6329.193023,N,01037.099789,E,2,12,0.8,12.74,M,40.59,M,10.0,0907*48
2021:01:22:15:11:53.497000,1611324713.497,$GPGGA,141153.00,6329.190410,N,01037.101715,E,2,12,0.8,12.75,M,40.59,M,11.0,0907*4B
2021:01:22:15:11:54.497000,1611324714.497,$GPGGA,141154.00,6329.187803,N,01037.103687,E,2,12,0.8,12.70,M,40.59,M,7.0,0907*7E
2021:01:22:15:11:55.497000,1611324715.497,$GPGGA,141155.00,6329.185235,N,01037.105643,E,2,12,0.8,12.74,M,40.59,M,8.0,0907*77
2021:01:22:15:11:56.497000,1611324716.497,$GPGGA,141156.00,6329.182616,N,01037.107585,E,2,12,0.8,12.70,M,40.59,M,4.0,0907*75
2021:01:22:15:11:58.497000,1611324718.497,$GPGGA,141158.00,6329.177411,N,01037.111455,E,2,12,0.8,12.66,M,40.59,M,6.0,0907*7A
2021:01:22:15:11:59.497000,1611324719.497,$GPGGA,141159.00,6329.174853,N,01037.113393,E,2,12,0.7,12.70,M,40.59,M,7.0,0907*74
2021:01:22:15:12:00.498000,1611324720.498,$GPGGA,141200.00,6329.172211,N,01037.115291,E,2,12,0.8,12.69,M,40.59,M,8.0,0907*7C
2021:01:22:15:12:01.498000,1611324721.498,$GPGGA,141201.00,6329.169641,N,01037.117228,E,2,12,0.8,12.68,M,40.59,M,9.0,0907*76
2021:01:22:15:12:02.498000,1611324722.498,$GPGGA,141202.00,6329.167036,N,01037.119105,E,2,12,0.8,12.71,M,40.59,M,10.0,0907*4F
2021:01:22:15:12:03.498000,1611324723.498,$GPGGA,141203.00,6329.164422,N,01037.120975,E,2,12,0.7,12.70,M,40.59,M,11.0,0907*46
2021:01:22:15:12:04.498000,1611324724.498,$GPGGA,141204.00,6329.161805,N,01037.122866,E,2,12,0.7,12.70,M,40.59,M,7.0,0907*7B
2021:01:22:15:12:06.498000,1611324726.498,$GPGGA,141206.00,6329.156594,N,01037.126655,E,2,12,0.7,12.74,M,40.59,M,9.0,0907*78
2021:01:22:15:12:07.498000,1611324727.498,$GPGGA,141207.00,6329.153973,N,01037.128564,E,2,12,0.7,12.72,M,40.59,M,10.0,0907*48
2021:01:22:15:12:08.498000,1611324728.498,$GPGGA,141208.00,6329.151374,N,01037.130534,E,2,12,0.7,12.69,M,40.59,M,11.0,0907*4F
2021:01:22:15:12:10.498000,1611324730.498,$GPGGA,141210.00,6329.146169,N,01037.134461,E,2,12,0.8,12.70,M,40.59,M,7.0,0907*7B
2021:01:22:15:12:11.498000,1611324731.498,$GPGGA,141211.00,6329.143579,N,01037.136467,E,2,12,0.8,12.71,M,40.59,M,8.0,0907*70
2021:01:22:15:12:12.498000,1611324732.498,$GPGGA,141212.00,6329.140974,N,01037.138409,E,2,12,0.8,12.76,M,40.59,M,9.0,0907*71
2021:01:22:15:12:13.498000,1611324733.498,$GPGGA,141213.00,6329.138360,N,01037.140418,E,2,12,0.8,12.77,M,40.59,M,10.0,0907*46
2021:01:22:15:12:15.499000,1611324735.499,$GPGGA,141215.00,6329.133132,N,01037.144378,E,2,12,0.8,12.75,M,40.59,M,7.0,0907*7F
2021:01:22:15:12:16.499000,1611324736.499,$GPGGA,141216.00,6329.130530,N,01037.146404,E,2,12,0.8,12.77,M,40.59,M,8.0,0907*7A
2021:01:22:15:12:18.499000,1611324738.499,$GPGGA,141218.00,6329.125321,N,01037.150416,E,2,12,0.8,12.79,M,40.59,M,10.0,0907*45
2021:01:22:15:12:19.499000,1611324739.499,$GPGGA,141219.00,6329.122694,N,01037.152339,E,2,12,0.8,12.80,M,40.59,M,11.0,0907*47
2021:01:22:15:12:20.499000,1611324740.499,$GPGGA,141220.00,6329.120067,N,01037.154240,E,2,12,0.8,12.79,M,40.59,M,12.0,0907*49
2021:01:22:15:12:21.499000,1611324741.499,$GPGGA,141221.00,6329.117448,N,01037.156209,E,2,12,0.8,12.74,M,40.59,M,8.0,0907*7C
2021:01:22:15:12:23.499000,1611324743.499,$GPGGA,141223.00,6329.112214,N,01037.160057,E,2,12,0.8,12.77,M,40.59,M,10.0,0907*42
2021:01:22:15:12:24.499000,1611324744.499,$GPGGA,141224.00,6329.109591,N,01037.162035,E,2,12,0.8,12.73,M,40.59,M,6.0,0907*70
2021:01:22:15:12:25.499000,1611324745.499,$GPGGA,141225.00,6329.106977,N,01037.163928,E,2,12,0.8,12.73,M,40.59,M,7.0,0907*7F
2021:01:22:15:12:26.498000,1611324746.498,$GPGGA,141226.00,6329.104348,N,01037.165814,E,2,12,0.8,12.74,M,40.59,M,8.0,0907*78
2021:01:22:15:12:27.498000,1611324747.498,$GPGGA,141227.00,6329.101745,N,01037.167831,E,2,12,0.8,12.69,M,40.59,M,9.0,0907*7D
2021:01:22:15:12:28.498000,1611324748.498,$GPGGA,141228.00,6329.099146,N,01037.169824,E,2,12,0.8,12.68,M,40.59,M,10.0,0907*44
2021:01:22:15:12:29.499000,1611324749.499,$GPGGA,141229.00,6329.096516,N,01037.171700,E,2,12,0.8,12.68,M,40.59,M,11.0,0907*4A
2021:01:22:15:12:31.499000,1611324751.499,$GPGGA,141231.00,6329.091315,N,01037.175563,E,2,12,0.8,12.70,M,40.59,M,8.0,0907*73
2021:01:22:15:12:32.499000,1611324752.499,$GPGGA,141232.00,6329.088724,N,01037.177624,E,2,12,0.8,12.70,M,40.59,M,9.0,0907*7D
2021:01:22:15:12:33.499000,1611324753.499,$GPGGA,141233.00,6329.086128,N,01037.179666,E,2,12,0.8,12.69,M,40.59,M,4.0,0907*75
2021:01:22:15:12:35.499000,1611324755.499,$GPGGA,141235.00,6329.080912,N,01037.183680,E,2,12,0.8,12.69,M,40.59,M,6.0,0907*7B
2021:01:22:15:12:36.499000,1611324756.499,$GPGGA,141236.00,6329.078330,N,01037.185676,E,2,12,0.7,12.71,M,40.59,M,7.0,0907*7D
2021:01:22:15:12:37.499000,1611324757.499,$GPGGA,141237.00,6329.075700,N,01037.187613,E,2,12,0.7,12.73,M,40.59,M,8.0,0907*7A
2021:01:22:15:12:38.499000,1611324758.499,$GPGGA,141238.00,6329.073075,N,01037.189608,E,2,12,0.7,12.71,M,40.59,M,9.0,0907*71
2021:01:22:15:12:39.499000,1611324759.499,$GPGGA,141239.00,6329.070474,N,01037.191585,E,2,12,0.7,12.70,M,40.59,M,10.0,0907*40
2021:01:22:15:12:40.499000,1611324760.499,$GPGGA,141240.00,6329.067834,N,01037.193457,E,2,12,0.7,12.72,M,40.59,M,11.0,0907*4F
2021:01:22:15:12:41.499000,1611324761.499,$GPGGA,141241.00,6329.065218,N,01037.195318,E,2,12,0.7,12.73,M,40.59,M,12.0,0907*40
2021:01:22:15:12:43.500000,1611324763.5,$GPGGA,141243.00,6329.059993,N,01037.199226,E,2,12,0.7,12.71,M,40.59,M,14.0,0907*41
2021:01:22:15:12:44.500000,1611324764.5,$GPGGA,141244.00,6329.057355,N,01037.201125,E,2,12,0.7,12.70,M,40.59,M,4.0,0907*7A
2021:01:22:15:12:45.500000,1611324765.5,$GPGGA,141245.00,6329.054745,N,01037.202979,E,2,12,0.7,12.70,M,40.59,M,5.0,0907*7E
2021:01:22:15:12:46.500000,1611324766.5,$GPGGA,141246.00,6329.052118,N,01037.204887,E,2,12,0.8,12.69,M,40.59,M,6.0,0907*77
2021:01:22:15:12:48.500000,1611324768.5,$GPGGA,141248.00,6329.046886,N,01037.208741,E,2,12,0.8,12.70,M,40.59,M,8.0,0907*7D
2021:01:22:15:12:49.500000,1611324769.5,$GPGGA,141249.00,6329.044284,N,01037.210682,E,2,12,0.8,12.70,M,40.59,M,9.0,0907*70
2021:01:22:15:12:51.500000,1611324771.5,$GPGGA,141251.00,6329.039053,N,01037.214492,E,2,12,0.8,12.69,M,40.59,M,11.0,0907*4D
2021:01:22:15:12:52.500000,1611324772.5,$GPGGA,141252.00,6329.036415,N,01037.216434,E,2,12,0.8,12.67,M,40.59,M,12.0,0907*44
2021:01:22:15:12:53.500000,1611324773.5,$GPGGA,141253.00,6329.033824,N,01037.218396,E,2,12,0.8,12.67,M,40.59,M,13.0,0907*4E
2021:01:22:15:12:54.500000,1611324774.5,$GPGGA,141254.00,6329.031219,N,01037.220420,E,2,12,0.7,12.68,M,40.59,M,8.0,0907*74
2021:01:22:15:12:56.499000,1611324776.499,$GPGGA,141256.00,6329.026033,N,01037.224385,E,2,12,0.7,12.73,M,40.59,M,10.0,0907*45
2021:01:22:15:12:57.499000,1611324777.499,$GPGGA,141257.00,6329.023441,N,01037.226422,E,2,12,0.7,12.72,M,40.59,M,6.0,0907*7E
2021:01:22:15:12:58.500000,1611324778.5,$GPGGA,141258.00,6329.020865,N,01037.228436,E,2,12,0.7,12.74,M,40.59,M,7.0,0907*74
2021:01:22:15:13:00.500000,1611324780.5,$GPGGA,141300.00,6329.015658,N,01037.232465,E,2,12,0.7,12.73,M,40.59,M,9.0,0907*7A
2021:01:22:15:13:01.500000,1611324781.5,$GPGGA,141301.00,6329.013073,N,01037.234486,E,2,12,0.7,12.73,M,40.59,M,5.0,0907*75
2021:01:22:15:13:02.500000,1611324782.5,$GPGGA,141302.00,6329.010463,N,01037.236581,E,2,12,0.7,12.69,M,40.59,M,6.0,0907*7C
2021:01:22:15:13:03.500000,1611324783.5,$GPGGA,141303.00,6329.007897,N,01037.238660,E,2,12,0.7,12.67,M,40.59,M,7.0,0907*71
2021:01:22:15:13:04.500000,1611324784.5,$GPGGA,141304.00,6329.005289,N,01037.240690,E,2,12,0.7,12.65,M,40.59,M,8.0,0907*7C
2021:01:22:15:13:05.500000,1611324785.5,$GPGGA,141305.00,6329.002701,N,01037.242702,E,2,12,0.7,12.64,M,40.58,M,9.0,0907*76
2021:01:22:15:13:06.500000,1611324786.5,$GPGGA,141306.00,6329.000105,N,01037.244689,E,2,12,0.8,12.65,M,40.58,M,10.0,0907*47
2021:01:22:15:13:08.500000,1611324788.5,$GPGGA,141308.00,6328.994901,N,01037.248658,E,2,12,0.8,12.64,M,40.58,M,7.0,0907*77
2021:01:22:15:13:09.500000,1611324789.5,$GPGGA,141309.00,6328.992317,N,01037.250635,E,2,12,0.8,12.66,M,40.58,M,8.0,0907*72
2021:01:22:15:13:10.500000,1611324790.5,$GPGGA,141310.00,6328.989722,N,01037.252692,E,2,12,0.8,12.66,M,40.58,M,9.0,0907*7C
2021:01:22:15:13:11.500000,1611324791.5,$GPGGA,141311.00,6328.987131,N,01037.254694,E,2,12,0.8,12.65,M,40.58,M,10.0,0907*4C
2021:01:22:15:13:12.501000,1611324792.501,$GPGGA,141312.00,6328.984531,N,01037.256656,E,2,12,0.8,12.68,M,40.58,M,11.0,0907*48
2021:01:22:15:13:13.501000,1611324793.501,$GPGGA,141313.00,6328.981918,N,01037.258544,E,2,12,0.8,12.72,M,40.58,M,12.0,0907*4D
2021:01:22:15:13:14.501000,1611324794.501,$GPGGA,141314.00,6328.979298,N,01037.260456,E,2,12,0.8,12.68,M,40.58,M,7.0,0907*78
2021:01:22:15:13:16.501000,1611324796.501,$GPGGA,141316.00,6328.974082,N,01037.264317,E,2,12,0.8,12.65,M,40.58,M,9.0,0907*7B
2021:01:22:15:13:17.501000,1611324797.501,$GPGGA,141317.00,6328.971468,N,01037.266260,E,2,12,0.8,12.63,M,40.58,M,10.0,0907*42
2021:01:22:15:13:18.501000,1611324798.501,$GPGGA,141318.00,6328.968869,N,01037.268236,E,2,12,0.8,12.62,M,40.58,M,11.0,0907*45
2021:01:22:15:13:21.501000,1611324801.501,$GPGGA,141321.00,6328.961070,N,01037.274281,E,2,12,0.8,12.60,M,40.58,M,14.0,0907*40
2021:01:22:15:13:22.501000,1611324802.501,$GPGGA,141322.00,6328.958465,N,01037.276315,E,2,12,0.8,12.58,M,40.58,M,10.0,0907*48
2021:01:22:15:13:23.501000,1611324803.501,$GPGGA,141323.00,6328.955854,N,01037.278296,E,2,12,0.8,12.55,M,40.58,M,11.0,0907*42
2021:01:22:15:13:25.501000,1611324805.501,$GPGGA,141325.00,6328.950661,N,01037.282324,E,2,12,0.8,12.53,M,40.58,M,13.0,0907*40
2021:01:22:15:13:26.501000,1611324806.501,$GPGGA,141326.00,6328.948083,N,01037.284396,E,2,12,0.8,12.55,M,40.58,M,14.0,0907*4E
2021:01:22:15:13:27.501000,1611324807.501,$GPGGA,141327.00,6328.945477,N,01037.286411,E,2,12,0.7,12.53,M,40.58,M,15.0,0907*4F
2021:01:22:15:13:28.501000,1611324808.501,$GPGGA,141328.00,6328.942896,N,01037.288410,E,2,12,0.7,12.55,M,40.58,M,9.0,0907*70
2021:01:22:15:13:29.501000,1611324809.501,$GPGGA,141329.00,6328.940288,N,01037.290410,E,2,12,0.7,12.53,M,40.58,M,10.0,0907*41
2021:01:22:15:13:30.501000,1611324810.501,$GPGGA,141330.00,6328.937720,N,01037.292454,E,2,12,0.7,12.54,M,40.58,M,11.0,0907*4A
2021:01:22:15:13:31.501000,1611324811.501,$GPGGA,141331.00,6328.935135,N,01037.294503,E,2,12,0.7,12.58,M,40.58,M,7.0,0907*75
2021:01:22:15:13:33.501000,1611324813.501,$GPGGA,141333.00,6328.929951,N,01037.298552,E,2,12,0.7,12.61,M,40.58,M,9.0,0907*7C
2021:01:22:15:13:34.501000,1611324814.501,$GPGGA,141334.00,6328.927364,N,01037.300599,E,2,12,0.7,12.64,M,40.58,M,5.0,0907*77
2021:01:22:15:13:35.501000,1611324815.501,$GPGGA,141335.00,6328.924764,N,01037.302643,E,2,12,0.7,12.65,M,40.58,M,6.0,0907*75
2021:01:22:15:13:36.501000,1611324816.501,$GPGGA,141336.00,6328.922165,N,01037.304707,E,2,12,0.7,12.66,M,40.58,M,7.0,0907*72
2021:01:22:15:13:37.501000,1611324817.501,$GPGGA,141337.00,6328.919584,N,01037.306760,E,2,12,0.7,12.68,M,40.58,M,8.0,0907*72
2021:01:22:15:13:38.501000,1611324818.501,$GPGGA,141338.00,6328.916976,N,01037.308755,E,2,12,0.7,12.68,M,40.58,M,9.0,0907*7A
2021:01:22:15:13:39.501000,1611324819.501,$GPGGA,141339.00,6328.914380,N,01037.310798,E,2,12,0.7,12.67,M,40.58,M,10.0,0907*45
2021:01:22:15:13:41.501000,1611324821.501,$GPGGA,141341.00,6328.909204,N,01037.314870,E,2,12,0.8,12.64,M,40.58,M,7.0,0907*7C
2021:01:22:15:13:42.502000,1611324822.502,$GPGGA,141342.00,6328.906627,N,01037.316954,E,2,12,0.8,12.65,M,40.58,M,8.0,0907*7E
2021:01:22:15:13:43.502000,1611324823.502,$GPGGA,141343.00,6328.904037,N,01037.318926,E,2,12,0.8,12.68,M,40.58,M,9.0,0907*7D
2021:01:22:15:13:46.502000,1611324826.502,$GPGGA,141346.00,6328.896245,N,01037.324735,E,2,12,0.8,12.66,M,40.58,M,6.0,0907*77
2021:01:22:15:13:47.502000,1611324827.502,$GPGGA,141347.00,6328.893643,N,01037.326753,E,2,12,0.8,12.63,M,40.58,M,7.0,0907*77
2021:01:22:15:13:48.502000,1611324828.502,$GPGGA,141348.00,6328.891054,N,01037.328733,E,2,12,0.8,12.61,M,40.58,M,8.0,0907*7F
2021:01:22:15:13:50.502000,1611324830.502,$GPGGA,141350.00,6328.885864,N,01037.332633,E,2,12,0.8,12.59,M,40.58,M,10.0,0907*40
2021:01:22:15:13:51.502000,1611324831.502,$GPGGA,141351.00,6328.883285,N,01037.334549,E,2,12,0.8,12.60,M,40.58,M,11.0,0907*41
2021:01:22:15:13:52.502000,1611324832.502,$GPGGA,141352.00,6328.880682,N,01037.336497,E,2,12,0.8,12.59,M,40.58,M,12.0,0907*4B
2021:01:22:15:13:53.502000,1611324833.502,$GPGGA,141353.00,6328.878104,N,01037.338486,E,2,12,0.8,12.57,M,40.58,M,13.0,0907*45
2021:01:22:15:13:54.502000,1611324834.502,$GPGGA,141354.00,6328.875510,N,01037.340404,E,2,12,0.8,12.60,M,40.58,M,14.0,0907*48
2021:01:22:15:13:55.502000,1611324835.502,$GPGGA,141355.00,6328.872910,N,01037.342388,E,2,12,0.8,12.60,M,40.58,M,5.0,0907*73
2021:01:22:15:13:56.503000,1611324836.503,$GPGGA,141356.00,6328.870318,N,01037.344395,E,2,12,0.7,12.61,M,40.58,M,6.0,0907*77
2021:01:22:15:13:58.502000,1611324838.502,$GPGGA,141358.00,6328.865143,N,01037.348504,E,2,12,0.7,12.65,M,40.58,M,8.0,0907*79
2021:01:22:15:13:59.502000,1611324839.502,$GPGGA,141359.00,6328.862554,N,01037.350546,E,2,12,0.7,12.66,M,40.58,M,9.0,0907*70
2021:01:22:15:14:00.502000,1611324840.502,$GPGGA,141400.00,6328.859958,N,01037.352583,E,2,12,0.7,12.66,M,40.58,M,10.0,0907*40
2021:01:22:15:14:01.502000,1611324841.502,$GPGGA,141401.00,6328.857383,N,01037.354673,E,2,12,0.7,12.66,M,40.58,M,6.0,0907*7E
2021:01:22:15:14:02.502000,1611324842.502,$GPGGA,141402.00,6328.854804,N,01037.356750,E,2,12,0.7,12.68,M,40.58,M,7.0,0907*77
2021:01:22:15:14:03.502000,1611324843.502,$GPGGA,141403.00,6328.852217,N,01037.358851,E,2,12,0.8,12.66,M,40.58,M,8.0,0907*76
2021:01:22:15:14:04.502000,1611324844.502,$GPGGA,141404.00,6328.849648,N,01037.360980,E,2,12,0.8,12.65,M,40.58,M,9.0,0907*71
2021:01:22:15:14:06.502000,1611324846.502,$GPGGA,141406.00,6328.844495,N,01037.365154,E,2,12,0.8,12.68,M,40.58,M,6.0,0907*7A
2021:01:22:15:14:07.502000,1611324847.502,$GPGGA,141407.00,6328.841918,N,01037.367271,E,2,12,0.8,12.66,M,40.58,M,7.0,0907*7F
2021:01:22:15:14:08.502000,1611324848.502,$GPGGA,141408.00,6328.839353,N,01037.369344,E,2,12,0.8,12.68,M,40.58,M,8.0,0907*72
2021:01:22:15:14:10.502000,1611324850.502,$GPGGA,141410.00,6328.834201,N,01037.373577,E,2,12,0.8,12.66,M,40.58,M,10.0,0907*4A
2021:01:22:15:14:11.503000,1611324851.503,$GPGGA,141411.00,6328.831637,N,01037.375612,E,2,12,0.8,12.71,M,40.58,M,5.0,0907*7B
2021:01:22:15:14:12.503000,1611324852.503,$GPGGA,141412.00,6328.829040,N,01037.377680,E,2,12,0.8,12.70,M,40.58,M,6.0,0907*7C
2021:01:22:15:14:13.503000,1611324853.503,$GPGGA,141413.00,6328.826485,N,01037.379819,E,2,12,0.8,12.70,M,40.58,M,7.0,0907*7E
2021:01:22:15:14:14.503000,1611324854.503,$GPGGA,141414.00,6328.823895,N,01037.381893,E,2,12,0.8,12.72,M,40.58,M,8.0,0907*79
2021:01:22:15:14:15.503000,1611324855.503,$GPGGA,141415.00,6328.821309,N,01037.384006,E,2,12,0.8,12.70,M,40.58,M,9.0,0907*76
2021:01:22:15:14:16.503000,1611324856.503,$GPGGA,141416.00,6328.818724,N,01037.386094,E,2,12,0.8,12.72,M,40.58,M,10.0,0907*47
2021:01:22:15:14:18.503000,1611324858.503,$GPGGA,141418.00,6328.813563,N,01037.390344,E,2,12,0.8,12.71,M,40.58,M,7.0,0907*7F
2021:01:22:15:14:19.503000,1611324859.503,$GPGGA,141419.00,6328.810979,N,01037.392492,E,2,12,0.8,12.70,M,40.58,M,8.0,0907*7A
2021:01:22:15:14:20.503000,1611324860.503,$GPGGA,141420.00,6328.808409,N,01037.394655,E,2,12,0.8,12.71,M,40.58,M,9.0,0907*7C
2021:01:22:15:14:21.503000,1611324861.503,$GPGGA,141421.00,6328.805820,N,01037.396821,E,2,12,0.8,12.69,M,40.58,M,10.0,0907*49
2021:01:22:15:14:23.503000,1611324863.503,$GPGGA,141423.00,6328.800658,N,01037.401119,E,2,12,0.7,12.66,M,40.58,M,12.0,0907*46
2021:01:22:15:14:24.503000,1611324864.503,$GPGGA,141424.00,6328.798082,N,01037.403263,E,2,12,0.7,12.65,M,40.58,M,8.0,0907*7A
2021:01:22:15:14:25.504000,1611324865.504,$GPGGA,141425.00,6328.795481,N,01037.405398,E,2,12,0.7,12.64,M,40.58,M,9.0,0907*72
2021:01:22:15:14:26.504000,1611324866.504,$GPGGA,141426.00,6328.792899,N,01037.407545,E,2,12,0.7,12.63,M,40.58,M,10.0,0907*48
2021:01:22:15:14:27.504000,1611324867.504,$GPGGA,141427.00,6328.790283,N,01037.409636,E,2,12,0.7,12.63,M,40.58,M,11.0,0907*42
2021:01:22:15:14:28.504000,1611324868.504,$GPGGA,141428.00,6328.787689,N,01037.411798,E,2,12,0.7,12.62,M,40.58,M,7.0,0907*7F
2021:01:22:15:14:29.504000,1611324869.504,$GPGGA,141429.00,6328.785091,N,01037.413897,E,2,12,0.7,12.63,M,40.58,M,8.0,0907*7F
2021:01:22:15:14:31.503000,1611324871.503,$GPGGA,141431.00,6328.779899,N,01037.418135,E,2,12,0.7,12.66,M,40.58,M,10.0,0907*43
2021:01:22:15:14:32.503000,1611324872.503,$GPGGA,141432.00,6328.777315,N,01037.420266,E,2,12,0.7,12.67,M,40.58,M,11.0,0907*4F
2021:01:22:15:14:33.503000,1611324873.503,$GPGGA,141433.00,6328.774714,N,01037.422379,E,2,12,0.7,12.69,M,40.58,M,12.0,0907*48
2021:01:22:15:14:35.503000,1611324875.503,$GPGGA,141435.00,6328.769510,N,01037.426612,E,2,12,0.7,12.72,M,40.58,M,8.0,0907*79
2021:01:22:15:14:36.503000,1611324876.503,$GPGGA,141436.00,6328.766893,N,01037.428665,E,2,12,0.7,12.73,M,40.58,M,9.0,0907*7D
2021:01:22:15:14:37.503000,1611324877.503,$GPGGA,141437.00,6328.764293,N,01037.430788,E,2,12,0.7,12.73,M,40.58,M,10.0,0907*47
2021:01:22:15:14:38.503000,1611324878.503,$GPGGA,141438.00,6328.761679,N,01037.432829,E,2,12,0.7,12.74,M,40.58,M,11.0,0907*4D
2021:01:22:15:14:39.503000,1611324879.503,$GPGGA,141439.00,6328.759073,N,01037.434909,E,2,12,0.7,12.72,M,40.58,M,12.0,0907*4B
2021:01:22:15:14:40.504000,1611324880.504,$GPGGA,141440.00,6328.756456,N,01037.436941,E,2,12,0.7,12.71,M,40.58,M,13.0,0907*45
2021:01:22:15:14:41.504000,1611324881.504,$GPGGA,141441.00,6328.753845,N,01037.438952,E,2,12,0.7,12.71,M,40.58,M,14.0,0907*44
2021:01:22:15:14:43.504000,1611324883.504,$GPGGA,141443.00,6328.748641,N,01037.443023,E,2,12,0.7,12.67,M,40.58,M,11.0,0907*47
2021:01:22:15:14:44.504000,1611324884.504,$GPGGA,141444.00,6328.746025,N,01037.445044,E,2,12,0.7,12.67,M,40.58,M,12.0,0907*4E
2021:01:22:15:14:45.504000,1611324885.504,$GPGGA,141445.00,6328.743405,N,01037.447036,E,2,12,0.7,12.68,M,40.58,M,7.0,0907*70
2021:01:22:15:14:46.504000,1611324886.504,$GPGGA,141446.00,6328.740781,N,01037.449006,E,2,12,0.8,12.66,M,40.58,M,8.0,0907*7C
2021:01:22:15:14:48.504000,1611324888.504,$GPGGA,141448.00,6328.735533,N,01037.452988,E,2,12,0.8,12.65,M,40.58,M,10.0,0907*44
2021:01:22:15:14:49.504000,1611324889.504,$GPGGA,141449.00,6328.732896,N,01037.454912,E,2,12,0.8,12.66,M,40.58,M,11.0,0907*47
2021:01:22:15:14:51.504000,1611324891.504,$GPGGA,141451.00,6328.727643,N,01037.458719,E,2,12,0.8,12.67,M,40.58,M,13.0,0907*46
2021:01:22:15:14:52.504000,1611324892.504,$GPGGA,141452.00,6328.725042,N,01037.460597,E,2,12,0.8,12.71,M,40.58,M,9.0,0907*73
2021:01:22:15:14:53.504000,1611324893.504,$GPGGA,141453.00,6328.722421,N,01037.462526,E,2,12,0.8,12.71,M,40.58,M,10.0,0907*44
2021:01:22:15:14:54.504000,1611324894.504,$GPGGA,141454.00,6328.719796,N,01037.464465,E,2,12,0.8,12.69,M,40.58,M,11.0,0907*4C
2021:01:22:15:14:56.505000,1611324896.505,$GPGGA,141456.00,6328.714566,N,01037.468209,E,2,12,0.8,12.73,M,40.58,M,8.0,0907*7D
2021:01:22:15:14:57.505000,1611324897.505,$GPGGA,141457.00,6328.711955,N,01037.470128,E,2,12,0.8,12.71,M,40.58,M,9.0,0907*7F
2021:01:22:15:14:58.504000,1611324898.504,$GPGGA,141458.00,6328.709342,N,01037.472014,E,2,12,0.8,12.75,M,40.58,M,4.0,0907*70
2021:01:22:15:15:00.504000,1611324900.504,$GPGGA,141500.00,6328.704102,N,01037.475767,E,2,12,0.8,12.75,M,40.58,M,6.0,0907*71
2021:01:22:15:15:01.504000,1611324901.504,$GPGGA,141501.00,6328.701482,N,01037.477605,E,2,12,0.8,12.77,M,40.58,M,7.0,0907*7C
2021:01:22:15:15:02.504000,1611324902.504,$GPGGA,141502.00,6328.698853,N,01037.479506,E,2,12,0.8,12.76,M,40.58,M,8.0,0907*7E
2021:01:22:15:15:03.504000,1611324903.504,$GPGGA,141503.00,6328.696244,N,01037.481401,E,2,12,0.8,12.78,M,40.58,M,9.0,0907*73
2021:01:22:15:15:04.504000,1611324904.504,$GPGGA,141504.00,6328.693613,N,01037.483299,E,2,12,0.8,12.76,M,40.58,M,10.0,0907*44
2021:01:22:15:15:05.504000,1611324905.504,$GPGGA,141505.00,6328.691004,N,01037.485272,E,2,12,0.8,12.73,M,40.58,M,6.0,0907*76
2021:01:22:15:15:06.504000,1611324906.504,$GPGGA,141506.00,6328.688396,N,01037.487155,E,2,12,0.8,12.77,M,40.58,M,7.0,0907*74
2021:01:22:15:15:08.504000,1611324908.504,$GPGGA,141508.00,6328.683194,N,01037.491057,E,2,12,0.8,12.76,M,40.58,M,9.0,0907*7A
2021:01:22:15:15:09.504000,1611324909.504,$GPGGA,141509.00,6328.680588,N,01037.492976,E,2,12,0.7,12.79,M,40.58,M,5.0,0907*74
2021:01:22:15:15:10.505000,1611324910.505,$GPGGA,141510.00,6328.677995,N,01037.494963,E,2,12,0.7,12.79,M,40.58,M,6.0,0907*75
2021:01:22:15:15:11.505000,1611324911.505,$GPGGA,141511.00,6328.675389,N,01037.496957,E,2,12,0.8,12.78,M,40.58,M,7.0,0907*7B
2021:01:22:15:15:12.505000,1611324912.505,$GPGGA,141512.00,6328.672796,N,01037.498922,E,2,12,0.8,12.77,M,40.58,M,8.0,0907*79
2021:01:22:15:15:13.505000,1611324913.505,$GPGGA,141513.00,6328.670196,N,01037.500874,E,2,12,0.8,12.79,M,40.58,M,9.0,0907*71
2021:01:22:15:15:14.505000,1611324914.505,$GPGGA,141514.00,6328.667582,N,01037.502830,E,2,12,0.8,12.78,M,40.58,M,10.0,0907*4A
2021:01:22:15:15:16.505000,1611324916.505,$GPGGA,141516.00,6328.662362,N,01037.506695,E,2,12,0.7,12.80,M,40.58,M,6.0,0907*7F
2021:01:22:15:15:17.505000,1611324917.505,$GPGGA,141517.00,6328.659729,N,01037.508576,E,2,12,0.7,12.78,M,40.58,M,7.0,0907*7B
2021:01:22:15:15:18.505000,1611324918.505,$GPGGA,141518.00,6328.657102,N,01037.510392,E,2,12,0.7,12.79,M,40.58,M,8.0,0907*7E
2021:01:22:15:15:21.505000,1611324921.505,$GPGGA,141521.00,6328.649227,N,01037.515960,E,2,12,0.7,12.75,M,40.58,M,11.0,0907*49
2021:01:22:15:15:22.505000,1611324922.505,$GPGGA,141522.00,6328.646621,N,01037.517861,E,2,12,0.7,12.75,M,40.58,M,12.0,0907*46
2021:01:22:15:15:23.505000,1611324923.505,$GPGGA,141523.00,6328.644002,N,01037.519752,E,2,12,0.7,12.75,M,40.58,M,8.0,0907*78
2021:01:22:15:15:25.506000,1611324925.506,$GPGGA,141525.00,6328.638788,N,01037.523567,E,2,12,0.7,12.73,M,40.58,M,10.0,0907*42
2021:01:22:15:15:26.506000,1611324926.506,$GPGGA,141526.00,6328.636175,N,01037.525405,E,2,12,0.7,12.74,M,40.58,M,11.0,0907*4E
2021:01:22:15:15:27.506000,1611324927.506,$GPGGA,141527.00,6328.633530,N,01037.527318,E,2,12,0.7,12.72,M,40.58,M,12.0,0907*43
2021:01:22:15:15:28.506000,1611324928.506,$GPGGA,141528.00,6328.630938,N,01037.529273,E,2,12,0.7,12.73,M,40.57,M,13.0,0907*46
2021:01:22:15:15:29.505000,1611324929.505,$GPGGA,141529.00,6328.628309,N,01037.531178,E,2,12,0.8,12.76,M,40.57,M,8.0,0907*77
2021:01:22:15:15:30.505000,1611324930.505,$GPGGA,141530.00,6328.625690,N,01037.533141,E,2,12,0.8,12.74,M,40.57,M,9.0,0907*7C
2021:01:22:15:15:31.505000,1611324931.505,$GPGGA,141531.00,6328.623083,N,01037.535111,E,2,12,0.8,12.77,M,40.57,M,10.0,0907*47
2021:01:22:15:15:33.505000,1611324933.505,$GPGGA,141533.00,6328.617853,N,01037.539015,E,2,12,0.7,12.80,M,40.57,M,8.0,0907*70
2021:01:22:15:15:34.505000,1611324934.505,$GPGGA,141534.00,6328.615236,N,01037.540961,E,2,12,0.7,12.79,M,40.57,M,9.0,0907*7F
2021:01:22:15:15:35.505000,1611324935.505,$GPGGA,141535.00,6328.612623,N,01037.542922,E,2,12,0.7,12.82,M,40.57,M,10.0,0907*40
2021:01:22:15:15:36.505000,1611324936.505,$GPGGA,141536.00,6328.610026,N,01037.544906,E,2,12,0.7,12.84,M,40.57,M,11.0,0907*45
2021:01:22:15:15:37.505000,1611324937.505,$GPGGA,141537.00,6328.607399,N,01037.546885,E,2,12,0.7,12.84,M,40.57,M,12.0,0907*4E
2021:01:22:15:15:38.505000,1611324938.505,$GPGGA,141538.00,6328.604815,N,01037.548909,E,2,12,0.7,12.85,M,40.57,M,13.0,0907*46
2021:01:22:15:15:39.505000,1611324939.505,$GPGGA,141539.00,6328.602201,N,01037.550902,E,2,12,0.7,12.87,M,40.57,M,9.0,0907*75
2021:01:22:15:15:41.506000,1611324941.506,$GPGGA,141541.00,6328.597007,N,01037.554957,E,2,12,0.7,12.84,M,40.57,M,11.0,0907*4F
2021:01:22:15:15:42.506000,1611324942.506,$GPGGA,141542.00,6328.594382,N,01037.556982,E,2,12,0.8,12.81,M,40.57,M,7.0,0907*76
2021:01:22:15:15:43.506000,1611324943.506,$GPGGA,141543.00,6328.591789,N,01037.558995,E,2,12,0.8,12.82,M,40.57,M,8.0,0907*79
2021:01:22:15:15:45.506000,1611324945.506,$GPGGA,141545.00,6328.586581,N,01037.563200,E,2,12,0.8,12.79,M,40.57,M,10.0,0907*41
2021:01:22:15:15:46.506000,1611324946.506,$GPGGA,141546.00,6328.583976,N,01037.565239,E,2,12,0.8,12.81,M,40.57,M,5.0,0907*7C
2021:01:22:15:15:47.506000,1611324947.506,$GPGGA,141547.00,6328.581361,N,01037.567312,E,2,12,0.8,12.81,M,40.57,M,6.0,0907*7A
2021:01:22:15:15:48.506000,1611324948.506,$GPGGA,141548.00,6328.578743,N,01037.569342,E,2,12,0.8,12.80,M,40.57,M,7.0,0907*7C
2021:01:22:15:15:50.506000,1611324950.506,$GPGGA,141550.00,6328.573509,N,01037.573413,E,2,12,0.8,12.79,M,40.57,M,9.0,0907*72
2021:01:22:15:15:51.506000,1611324951.506,$GPGGA,141551.00,6328.570907,N,01037.575441,E,2,12,0.8,12.82,M,40.57,M,10.0,0907*4F
2021:01:22:15:15:53.506000,1611324953.506,$GPGGA,141553.00,6328.565681,N,01037.579503,E,2,12,0.8,12.83,M,40.57,M,12.0,0907*40
2021:01:22:15:15:54.506000,1611324954.506,$GPGGA,141554.00,6328.563094,N,01037.581545,E,2,12,0.8,12.84,M,40.57,M,13.0,0907*40
2021:01:22:15:15:55.507000,1611324955.507,$GPGGA,141555.00,6328.560486,N,01037.583558,E,2,12,0.8,12.84,M,40.57,M,14.0,0907*4C
2021:01:22:15:15:56.507000,1611324956.507,$GPGGA,141556.00,6328.557899,N,01037.585632,E,2,12,0.8,12.80,M,40.57,M,7.0,0907*76
2021:01:22:15:15:58.507000,1611324958.507,$GPGGA,141558.00,6328.552689,N,01037.589744,E,2,12,0.8,12.76,M,40.57,M,5.0,0907*75
2021:01:22:15:15:59.507000,1611324959.507,$GPGGA,141559.00,6328.550074,N,01037.591760,E,2,12,0.7,12.77,M,40.57,M,6.0,0907*70
2021:01:22:15:16:00.506000,1611324960.506,$GPGGA,141600.00,6328.547469,N,01037.593814,E,2,12,0.7,12.77,M,40.57,M,7.0,0907*7E
2021:01:22:15:16:01.506000,1611324961.506,$GPGGA,141601.00,6328.544862,N,01037.595872,E,2,12,0.8,12.75,M,40.57,M,8.0,0907*7F
2021:01:22:15:16:02.506000,1611324962.506,$GPGGA,141602.00,6328.542258,N,01037.597900,E,2,12,0.8,12.76,M,40.57,M,9.0,0907*7D
2021:01:22:15:16:03.506000,1611324963.506,$GPGGA,141603.00,6328.539659,N,01037.599961,E,2,12,0.8,12.75,M,40.57,M,10.0,0907*47
2021:01:22:15:16:04.506000,1611324964.506,$GPGGA,141604.00,6328.537049,N,01037.601996,E,2,12,0.8,12.73,M,40.57,M,11.0,0907*44
2021:01:22:15:16:06.506000,1611324966.506,$GPGGA,141606.00,6328.531848,N,01037.606008,E,2,12,0.8,12.78,M,40.57,M,8.0,0907*73
2021:01:22:15:16:07.506000,1611324967.506,$GPGGA,141607.00,6328.529263,N,01037.608100,E,2,12,0.8,12.77,M,40.57,M,9.0,0907*71
2021:01:22:15:16:08.506000,1611324968.506,$GPGGA,141608.00,6328.526666,N,01037.610111,E,2,12,0.8,12.79,M,40.57,M,10.0,0907*4F
2021:01:22:15:16:10.507000,1611324970.507,$GPGGA,141610.00,6328.521478,N,01037.614197,E,2,12,0.8,12.82,M,40.57,M,7.0,0907*74
2021:01:22:15:16:11.507000,1611324971.507,$GPGGA,141611.00,6328.518869,N,01037.616251,E,2,12,0.8,12.82,M,40.57,M,8.0,0907*77
2021:01:22:15:16:12.507000,1611324972.507,$GPGGA,141612.00,6328.516279,N,01037.618309,E,2,12,0.8,12.84,M,40.57,M,9.0,0907*74
2021:01:22:15:16:13.507000,1611324973.507,$GPGGA,141613.00,6328.513674,N,01037.620395,E,2,12,0.8,12.82,M,40.57,M,10.0,0907*49
2021:01:22:15:16:14.507000,1611324974.507,$GPGGA,141614.00,6328.511096,N,01037.622408,E,2,12,0.8,12.88,M,40.57,M,11.0,0907*4C
2021:01:22:15:16:15.507000,1611324975.507,$GPGGA,141615.00,6328.508489,N,01037.624465,E,2,12,0.8,12.87,M,40.57,M,12.0,0907*4E
2021:01:22:15:16:16.507000,1611324976.507,$GPGGA,141616.00,6328.505910,N,01037.626461,E,2,12,0.8,12.90,M,40.57,M,7.0,0907*79
2021:01:22:15:16:18.507000,1611324978.507,$GPGGA,141618.00,6328.500699,N,01037.630514,E,2,12,0.8,12.91,M,40.57,M,9.0,0907*77
2021:01:22:15:16:19.507000,1611324979.507,$GPGGA,141619.00,6328.498093,N,01037.632546,E,2,12,0.8,12.90,M,40.57,M,10.0,0907*46
2021:01:22:15:16:20.507000,1611324980.507,$GPGGA,141620.00,6328.495497,N,01037.634553,E,2,12,0.8,12.90,M,40.57,M,11.0,0907*42
2021:01:22:15:16:21.507000,1611324981.507,$GPGGA,141621.00,6328.492882,N,01037.636464,E,2,12,0.8,12.93,M,40.57,M,12.0,0907*4B
2021:01:22:15:16:23.507000,1611324983.507,$GPGGA,141623.00,6328.487690,N,01037.640443,E,2,12,0.8,12.91,M,40.57,M,9.0,0907*7C
2021:01:22:15:16:24.508000,1611324984.508,$GPGGA,141624.00,6328.485091,N,01037.642427,E,2,12,0.8,12.92,M,40.57,M,10.0,0907*45
2021:01:22:15:16:26.508000,1611324986.508,$GPGGA,141626.00,6328.479913,N,01037.646389,E,2,12,0.7,12.93,M,40.57,M,7.0,0907*78
2021:01:22:15:16:27.508000,1611324987.508,$GPGGA,141627.00,6328.477298,N,01037.648377,E,2,12,0.8,12.92,M,40.57,M,8.0,0907*71
2021:01:22:15:16:28.508000,1611324988.508,$GPGGA,141628.00,6328.474716,N,01037.650403,E,2,12,0.8,12.92,M,40.57,M,9.0,0907*72
2021:01:22:15:16:29.508000,1611324989.508,$GPGGA,141629.00,6328.472132,N,01037.652380,E,2,12,0.8,12.93,M,40.57,M,5.0,0907*76
2021:01:22:15:16:31.507000,1611324991.507,$GPGGA,141631.00,6328.466938,N,01037.656379,E,2,12,0.7,12.90,M,40.57,M,7.0,0907*74
2021:01:22:15:16:32.507000,1611324992.507,$GPGGA,141632.00,6328.464358,N,01037.658430,E,2,12,0.7,12.89,M,40.57,M,8.0,0907*7A
2021:01:22:15:16:33.507000,1611324993.507,$GPGGA,141633.00,6328.461770,N,01037.660471,E,2,12,0.8,12.88,M,40.57,M,9.0,0907*71
2021:01:22:15:16:35.507000,1611324995.507,$GPGGA,141635.00,6328.456592,N,01037.664546,E,2,12,0.8,12.85,M,40.57,M,6.0,0907*7E
2021:01:22:15:16:36.507000,1611324996.507,$GPGGA,141636.00,6328.453981,N,01037.666521,E,2,12,0.8,12.82,M,40.57,M,7.0,0907*73
2021:01:22:15:16:37.507000,1611324997.507,$GPGGA,141637.00,6328.451383,N,01037.668512,E,2,12,0.8,12.83,M,40.57,M,8.0,0907*78
2021:01:22:15:16:38.507000,1611324998.507,$GPGGA,141638.00,6328.448787,N,01037.670432,E,2,12,0.8,12.87,M,40.57,M,9.0,0907*70
2021:01:22:15:16:39.508000,1611324999.508,$GPGGA,141639.00,6328.446178,N,01037.672388,E,2,12,0.8,12.85,M,40.57,M,10.0,0907*47
2021:01:22:15:16:40.508000,1611325000.508,$GPGGA,141640.00,6328.443577,N,01037.674331,E,2,12,0.8,12.84,M,40.57,M,11.0,0907*43
2021:01:22:15:16:41.508000,1611325001.508,$GPGGA,141641.00,6328.440973,N,01037.676269,E,2,12,0.8,12.84,M,40.57,M,12.0,0907*44
2021:01:22:15:16:43.508000,1611325003.508,$GPGGA,141643.00,6328.435774,N,01037.680070,E,2,12,0.8,12.86,M,40.57,M,14.0,0907*4A
2021:01:22:15:16:44.508000,1611325004.508,$GPGGA,141644.00,6328.433152,N,01037.681857,E,2,12,0.7,12.88,M,40.57,M,15.0,0907*45
2021:01:22:15:16:45.508000,1611325005.508,$GPGGA,141645.00,6328.430532,N,01037.683659,E,2,12,0.8,12.86,M,40.57,M,16.0,0907*45
2021:01:22:15:16:46.508000,1611325006.508,$GPGGA,141646.00,6328.427915,N,01037.685448,E,2,12,0.8,12.87,M,40.57,M,11.0,0907*4B
2021:01:22:15:16:47.508000,1611325007.508,$GPGGA,141647.00,6328.425302,N,01037.687210,E,2,12,0.8,12.88,M,40.57,M,7.0,0907*75
2021:01:22:15:16:48.508000,1611325008.508,$GPGGA,141648.00,6328.422672,N,01037.689000,E,2,12,0.8,12.88,M,40.57,M,8.0,0907*7D
2021:01:22:15:16:49.508000,1611325009.508,$GPGGA,141649.00,6328.420057,N,01037.690794,E,2,12,0.8,12.87,M,40.57,M,4.0,0907*7E
2021:01:22:15:16:51.508000,1611325011.508,$GPGGA,141651.00,6328.414804,N,01037.694317,E,2,12,0.8,12.91,M,40.57,M,6.0,0907*70
2021:01:22:15:16:52.508000,1611325012.508,$GPGGA,141652.00,6328.412175,N,01037.696049,E,2,12,0.7,12.91,M,40.57,M,7.0,0907*7E
2021:01:22:15:16:53.508000,1611325013.508,$GPGGA,141653.00,6328.409537,N,01037.697794,E,2,12,0.7,12.91,M,40.57,M,8.0,0907*7E
2021:01:22:15:16:56.509000,1611325016.509,$GPGGA,141656.00,6328.401611,N,01037.702894,E,2,12,0.8,12.91,M,40.57,M,6.0,0907*77
2021:01:22:15:16:57.509000,1611325017.509,$GPGGA,141657.00,6328.398988,N,01037.704691,E,2,12,0.8,12.88,M,40.57,M,7.0,0907*7A
2021:01:22:15:16:58.509000,1611325018.509,$GPGGA,141658.00,6328.396379,N,01037.706510,E,2,12,0.8,12.89,M,40.57,M,8.0,0907*79
2021:01:22:15:17:00.509000,1611325020.509,$GPGGA,141700.00,6328.391167,N,01037.710196,E,2,12,0.8,12.92,M,40.57,M,10.0,0907*41
2021:01:22:15:17:01.509000,1611325021.509,$GPGGA,141701.00,6328.388551,N,01037.712072,E,2,12,0.8,12.90,M,40.57,M,11.0,0907*43
2021:01:22:15:17:02.508000,1611325022.508,$GPGGA,141702.00,6328.385958,N,01037.714018,E,2,12,0.7,12.87,M,40.57,M,6.0,0907*7D
2021:01:22:15:17:03.508000,1611325023.508,$GPGGA,141703.00,6328.383354,N,01037.715942,E,2,12,0.7,12.86,M,40.57,M,7.0,0907*7B
2021:01:22:15:17:04.508000,1611325024.508,$GPGGA,141704.00,6328.380759,N,01037.717889,E,2,12,0.7,12.87,M,40.57,M,8.0,0907*7C
2021:01:22:15:17:05.508000,1611325025.508,$GPGGA,141705.00,6328.378173,N,01037.719933,E,2,12,0.7,12.87,M,40.57,M,9.0,0907*7B
2021:01:22:15:17:06.508000,1611325026.508,$GPGGA,141706.00,6328.375576,N,01037.721938,E,2,12,0.7,12.88,M,40.57,M,5.0,0907*77
2021:01:22:15:17:08.509000,1611325028.509,$GPGGA,141708.00,6328.370419,N,01037.726125,E,2,12,0.7,12.86,M,40.57,M,7.0,0907*7B
2021:01:22:15:17:09.509000,1611325029.509,$GPGGA,141709.00,6328.367835,N,01037.728204,E,2,12,0.7,12.88,M,40.57,M,8.0,0907*71
2021:01:22:15:17:10.509000,1611325030.509,$GPGGA,141710.00,6328.365247,N,01037.730253,E,2,12,0.7,12.87,M,40.57,M,9.0,0907*71
2021:01:22:15:17:11.509000,1611325031.509,$GPGGA,141711.00,6328.362667,N,01037.732342,E,2,12,0.7,12.87,M,40.57,M,10.0,0907*4A
2021:01:22:15:17:12.509000,1611325032.509,$GPGGA,141712.00,6328.360088,N,01037.734400,E,2,12,0.7,12.89,M,40.57,M,6.0,0907*72
2021:01:22:15:17:13.509000,1611325033.509,$GPGGA,141713.00,6328.357495,N,01037.736503,E,2,12,0.7,12.89,M,40.57,M,7.0,0907*7E
2021:01:22:15:17:14.509000,1611325034.509,$GPGGA,141714.00,6328.354919,N,01037.738594,E,2,12,0.7,12.90,M,40.57,M,8.0,0907*74
2021:01:22:15:17:16.509000,1611325036.509,$GPGGA,141716.00,6328.349731,N,01037.742704,E,2,12,0.7,12.90,M,40.57,M,10.0,0907*41
2021:01:22:15:17:17.509000,1611325037.509,$GPGGA,141717.00,6328.347128,N,01037.744740,E,2,12,0.7,12.88,M,40.57,M,11.0,0907*4E
2021:01:22:15:17:18.509000,1611325038.509,$GPGGA,141718.00,6328.344524,N,01037.746821,E,2,12,0.7,12.85,M,40.57,M,12.0,0907*4E
2021:01:22:15:17:20.509000,1611325040.509,$GPGGA,141720.00,6328.339325,N,01037.750919,E,2,12,0.8,12.80,M,40.57,M,9.0,0907*75
2021:01:22:15:17:21.509000,1611325041.509,$GPGGA,141721.00,6328.336736,N,01037.752945,E,2,12,0.8,12.79,M,40.57,M,10.0,0907*48
2021:01:22:15:17:22.509000,1611325042.509,$GPGGA,141722.00,6328.334127,N,01037.754976,E,2,12,0.8,12.78,M,40.57,M,11.0,0907*49
2021:01:22:15:17:23.510000,1611325043.51,$GPGGA,141723.00,6328.331527,N,01037.757043,E,2,12,0.8,12.78,M,40.57,M,12.0,0907*46
2021:01:22:15:17:25.510000,1611325045.51,$GPGGA,141725.00,6328.326321,N,01037.761230,E,2,12,0.8,12.75,M,40.57,M,14.0,0907*4E
2021:01:22:15:17:26.510000,1611325046.51,$GPGGA,141726.00,6328.323719,N,01037.763334,E,2,12,0.7,12.78,M,40.57,M,4.0,0907*73
2021:01:22:15:17:28.510000,1611325048.51,$GPGGA,141728.00,6328.318520,N,01037.767523,E,2,12,0.7,12.81,M,40.57,M,6.0,0907*7D
2021:01:22:15:17:29.510000,1611325049.51,$GPGGA,141729.00,6328.315930,N,01037.769666,E,2,12,0.7,12.81,M,40.57,M,7.0,0907*71
2021:01:22:15:17:30.510000,1611325050.51,$GPGGA,141730.00,6328.313341,N,01037.771830,E,2,12,0.7,12.82,M,40.57,M,8.0,0907*7B
2021:01:22:15:17:31.510000,1611325051.51,$GPGGA,141731.00,6328.310752,N,01037.773941,E,2,12,0.7,12.82,M,40.57,M,9.0,0907*7B
2021:01:22:15:17:33.510000,1611325053.51,$GPGGA,141733.00,6328.305568,N,01037.778143,E,2,12,0.7,12.85,M,40.57,M,6.0,0907*7F
2021:01:22:15:17:34.509000,1611325054.509,$GPGGA,141734.00,6328.302962,N,01037.780196,E,2,12,0.7,12.86,M,40.57,M,7.0,0907*74
2021:01:22:15:17:35.509000,1611325055.509,$GPGGA,141735.00,6328.300384,N,01037.782292,E,2,12,0.7,12.88,M,40.57,M,8.0,0907*71
2021:01:22:15:17:36.509000,1611325056.509,$GPGGA,141736.00,6328.297776,N,01037.784402,E,2,12,0.7,12.86,M,40.57,M,9.0,0907*72
2021:01:22:15:17:37.510000,1611325057.51,$GPGGA,141737.00,6328.295191,N,01037.786492,E,2,12,0.7,12.88,M,40.57,M,10.0,0907*43
2021:01:22:15:17:38.510000,1611325058.51,$GPGGA,141738.00,6328.292596,N,01037.788610,E,2,12,0.7,12.87,M,40.57,M,11.0,0907*40
2021:01:22:15:17:39.510000,1611325059.51,$GPGGA,141739.00,6328.290014,N,01037.790678,E,2,12,0.7,12.89,M,40.57,M,6.0,0907*73
2021:01:22:15:17:41.510000,1611325061.51,$GPGGA,141741.00,6328.284809,N,01037.794875,E,2,12,0.7,12.88,M,40.57,M,8.0,0907*75
2021:01:22:15:17:42.510000,1611325062.51,$GPGGA,141742.00,6328.282211,N,01037.796963,E,2,12,0.7,12.88,M,40.57,M,9.0,0907*76
2021:01:22:15:17:43.510000,1611325063.51,$GPGGA,141743.00,6328.279609,N,01037.799065,E,2,12,0.8,12.88,M,40.57,M,5.0,0907*7D
2021:01:22:15:17:45.510000,1611325065.51,$GPGGA,141745.00,6328.274385,N,01037.803196,E,2,12,0.8,12.89,M,40.57,M,7.0,0907*75
2021:01:22:15:17:46.510000,1611325066.51,$GPGGA,141746.00,6328.271765,N,01037.805280,E,2,12,0.8,12.87,M,40.57,M,8.0,0907*7A
2021:01:22:15:17:47.510000,1611325067.51,$GPGGA,141747.00,6328.269170,N,01037.807333,E,2,12,0.8,12.91,M,40.57,M,9.0,0907*7D
2021:01:22:15:17:48.510000,1611325068.51,$GPGGA,141748.00,6328.266550,N,01037.809406,E,2,12,0.7,12.91,M,40.57,M,10.0,0907*43
2021:01:22:15:17:49.510000,1611325069.51,$GPGGA,141749.00,6328.263937,N,01037.811463,E,2,12,0.7,12.88,M,40.57,M,6.0,0907*7F
2021:01:22:15:17:50.510000,1611325070.51,$GPGGA,141750.00,6328.261307,N,01037.813497,E,2,12,0.7,12.85,M,40.57,M,7.0,0907*79
2021:01:22:15:17:51.510000,1611325071.51,$GPGGA,141751.00,6328.258691,N,01037.815566,E,2,12,0.7,12.86,M,40.56,M,8.0,0907*7C
2021:01:22:15:17:53.511000,1611325073.511,$GPGGA,141753.00,6328.253446,N,01037.819687,E,2,12,0.7,12.87,M,40.56,M,10.0,0907*45
2021:01:22:15:17:54.511000,1611325074.511,$GPGGA,141754.00,6328.250808,N,01037.821754,E,2,12,0.7,12.85,M,40.56,M,11.0,0907*40
2021:01:22:15:17:55.511000,1611325075.511,$GPGGA,141755.00,6328.248196,N,01037.823833,E,2,12,0.7,12.86,M,40.56,M,12.0,0907*4A
2021:01:22:15:17:56.511000,1611325076.511,$GPGGA,141756.00,6328.245567,N,01037.825914,E,2,12,0.7,12.86,M,40.56,M,13.0,0907*4D
2021:01:22:15:17:58.511000,1611325078.511,$GPGGA,141758.00,6328.240335,N,01037.830216,E,2,12,0.8,12.82,M,40.56,M,15.0,0907*47
2021:01:22:15:17:59.511000,1611325079.511,$GPGGA,141759.00,6328.237724,N,01037.832339,E,2,12,0.8,12.85,M,40.56,M,10.0,0907*4E
2021:01:22:15:18:01.511000,1611325081.511,$GPGGA,141801.00,6328.232483,N,01037.836587,E,2,12,0.8,12.84,M,40.56,M,12.0,0907*43
2021:01:22:15:18:02.511000,1611325082.511,$GPGGA,141802.00,6328.229864,N,01037.838682,E,2,12,0.8,12.86,M,40.56,M,13.0,0907*44
2021:01:22:15:18:03.510000,1611325083.51,$GPGGA,141803.00,6328.227234,N,01037.840815,E,2,12,0.8,12.81,M,40.56,M,9.0,0907*77
2021:01:22:15:18:04.510000,1611325084.51,$GPGGA,141804.00,6328.224628,N,01037.842936,E,2,12,0.8,12.83,M,40.56,M,10.0,0907*42
2021:01:22:15:18:06.510000,1611325086.51,$GPGGA,141806.00,6328.219386,N,01037.847227,E,2,12,0.8,12.79,M,40.56,M,12.0,0907*46
2021:01:22:15:18:07.511000,1611325087.511,$GPGGA,141807.00,6328.216764,N,01037.849321,E,2,12,0.8,12.84,M,40.56,M,6.0,0907*7E
2021:01:22:15:18:08.511000,1611325088.511,$GPGGA,141808.00,6328.214139,N,01037.851482,E,2,12,0.8,12.84,M,40.56,M,7.0,0907*7B
2021:01:22:15:18:10.511000,1611325090.511,$GPGGA,141810.00,6328.208895,N,01037.855775,E,2,12,0.7,12.83,M,40.56,M,9.0,0907*79
2021:01:22:15:18:11.511000,1611325091.511,$GPGGA,141811.00,6328.206282,N,01037.857916,E,2,12,0.7,12.83,M,40.56,M,10.0,0907*4B
2021:01:22:15:18:12.511000,1611325092.511,$GPGGA,141812.00,6328.203647,N,01037.860028,E,2,12,0.7,12.84,M,40.56,M,11.0,0907*46
2021:01:22:15:18:13.511000,1611325093.511,$GPGGA,141813.00,6328.201022,N,01037.862130,E,2,12,0.7,12.86,M,40.56,M,7.0,0907*7F
2021:01:22:15:18:14.511000,1611325094.511,$GPGGA,141814.00,6328.198405,N,01037.864280,E,2,12,0.7,12.83,M,40.56,M,8.0,0907*7E
2021:01:22:15:18:15.511000,1611325095.511,$GPGGA,141815.00,6328.195790,N,01037.866414,E,2,12,0.8,12.85,M,40.56,M,9.0,0907*7C
2021:01:22:15:18:16.511000,1611325096.511,$GPGGA,141816.00,6328.193149,N,01037.868489,E,2,12,0.8,12.83,M,40.56,M,10.0,0907*4F
2021:01:22:15:18:18.511000,1611325098.511,$GPGGA,141818.00,6328.187912,N,01037.872640,E,2,12,0.7,12.83,M,40.56,M,7.0,0907*77
2021:01:22:15:18:19.511000,1611325099.511,$GPGGA,141819.00,6328.185284,N,01037.874685,E,2,12,0.7,12.83,M,40.56,M,8.0,0907*70
2021:01:22:15:18:20.511000,1611325100.511,$GPGGA,141820.00,6328.182655,N,01037.876761,E,2,12,0.7,12.81,M,40.56,M,9.0,0907*7F
2021:01:22:15:18:21.511000,1611325101.511,$GPGGA,141821.00,6328.180038,N,01037.878840,E,2,12,0.8,12.82,M,40.56,M,10.0,0907*47
2021:01:22:15:18:22.512000,1611325102.512,$GPGGA,141822.00,6328.177416,N,01037.880908,E,2,12,0.8,12.81,M,40.56,M,11.0,0907*4C
2021:01:22:15:18:23.512000,1611325103.512,$GPGGA,141823.00,6328.174786,N,01037.882934,E,2,12,0.8,12.78,M,40.56,M,12.0,0907*4C
2021:01:22:15:18:24.512000,1611325104.512,$GPGGA,141824.00,6328.172132,N,01037.884871,E,2,12,0.8,12.78,M,40.56,M,8.0,0907*79
2021:01:22:15:18:26.512000,1611325106.512,$GPGGA,141826.00,6328.166869,N,01037.888920,E,2,12,0.7,12.78,M,40.56,M,4.0,0907*73
2021:01:22:15:18:27.512000,1611325107.512,$GPGGA,141827.00,6328.164222,N,01037.890921,E,2,12,0.7,12.79,M,40.56,M,5.0,0907*7D
2021:01:22:15:18:28.512000,1611325108.512,$GPGGA,141828.00,6328.161582,N,01037.892896,E,2,12,0.7,12.80,M,40.56,M,6.0,0907*70
2021:01:22:15:18:31.512000,1611325111.512,$GPGGA,141831.00,6328.153656,N,01037.898926,E,2,12,0.7,12.82,M,40.56,M,9.0,0907*7E
2021:01:22:15:18:32.512000,1611325112.512,$GPGGA,141832.00,6328.151033,N,01037.900981,E,2,12,0.7,12.81,M,40.56,M,10.0,0907*4C
2021:01:22:15:18:33.512000,1611325113.512,$GPGGA,141833.00,6328.148391,N,01037.902994,E,2,12,0.8,12.80,M,40.56,M,11.0,0907*47
2021:01:22:15:18:35.511000,1611325115.511,$GPGGA,141835.00,6328.143128,N,01037.907131,E,2,12,0.8,12.81,M,40.56,M,8.0,0907*71
2021:01:22:15:18:36.511000,1611325116.511,$GPGGA,141836.00,6328.140505,N,01037.909235,E,2,12,0.8,12.79,M,40.56,M,9.0,0907*75
2021:01:22:15:18:37.512000,1611325117.512,$GPGGA,141837.00,6328.137880,N,01037.911352,E,2,12,0.8,12.77,M,40.56,M,10.0,0907*4B
2021:01:22:15:18:39.512000,1611325119.512,$GPGGA,141839.00,6328.132606,N,01037.915444,E,2,12,0.8,12.82,M,40.56,M,12.0,0907*4C
2021:01:22:15:18:40.512000,1611325120.512,$GPGGA,141840.00,6328.129964,N,01037.917477,E,2,12,0.8,12.79,M,40.56,M,8.0,0907*7E
2021:01:22:15:18:41.512000,1611325121.512,$GPGGA,141841.00,6328.127327,N,01037.919564,E,2,12,0.8,12.81,M,40.56,M,9.0,0907*77
2021:01:22:15:18:43.512000,1611325123.512,$GPGGA,141843.00,6328.122064,N,01037.923823,E,2,12,0.8,12.80,M,40.56,M,11.0,0907*4B
2021:01:22:15:18:44.513000,1611325124.513,$GPGGA,141844.00,6328.119407,N,01037.925874,E,2,12,0.8,12.82,M,40.56,M,7.0,0907*74
2021:01:22:15:18:45.512000,1611325125.512,$GPGGA,141845.00,6328.116755,N,01037.927962,E,2,12,0.8,12.82,M,40.56,M,8.0,0907*75
2021:01:22:15:18:46.512000,1611325126.512,$GPGGA,141846.00,6328.114104,N,01037.930022,E,2,12,0.8,12.85,M,40.56,M,9.0,0907*7B
2021:01:22:15:18:47.512000,1611325127.512,$GPGGA,141847.00,6328.111450,N,01037.932088,E,2,12,0.7,12.86,M,40.56,M,10.0,0907*4D
2021:01:22:15:18:48.512000,1611325128.512,$GPGGA,141848.00,6328.108783,N,01037.934164,E,2,12,0.7,12.85,M,40.56,M,11.0,0907*40
2021:01:22:15:18:49.512000,1611325129.512,$GPGGA,141849.00,6328.106134,N,01037.936246,E,2,12,0.7,12.85,M,40.56,M,12.0,0907*47
2021:01:22:15:18:50.512000,1611325130.512,$GPGGA,141850.00,6328.103471,N,01037.938304,E,2,12,0.7,12.86,M,40.56,M,6.0,0907*71
2021:01:22:15:18:51.513000,1611325131.513,$GPGGA,141851.00,6328.100822,N,01037.940388,E,2,12,0.7,12.84,M,40.56,M,7.0,0907*71
2021:01:22:15:18:52.513000,1611325132.513,$GPGGA,141852.00,6328.098155,N,01037.942410,E,2,12,0.7,12.84,M,40.56,M,8.0,0907*70
2021:01:22:15:18:53.513000,1611325133.513,$GPGGA,141853.00,6328.095484,N,01037.944462,E,2,12,0.7,12.83,M,40.56,M,9.0,0907*70
2021:01:22:15:18:54.513000,1611325134.513,$GPGGA,141854.00,6328.092825,N,01037.946474,E,2,12,0.7,12.84,M,40.56,M,10.0,0907*4D
2021:01:22:15:18:56.513000,1611325136.513,$GPGGA,141856.00,6328.087516,N,01037.950631,E,2,12,0.7,12.85,M,40.56,M,12.0,0907*41
2021:01:22:15:18:57.513000,1611325137.513,$GPGGA,141857.00,6328.084861,N,01037.952729,E,2,12,0.7,12.84,M,40.56,M,8.0,0907*7E
2021:01:22:15:18:58.513000,1611325138.513,$GPGGA,141858.00,6328.082206,N,01037.954851,E,2,12,0.8,12.85,M,40.56,M,9.0,0907*75
2021:01:22:15:19:00.513000,1611325140.513,$GPGGA,141900.00,6328.076919,N,01037.959116,E,2,12,0.8,12.86,M,40.56,M,6.0,0907*7C
2021:01:22:15:19:01.513000,1611325141.513,$GPGGA,141901.00,6328.074268,N,01037.961283,E,2,12,0.8,12.85,M,40.56,M,7.0,0907*74
2021:01:22:15:19:02.513000,1611325142.513,$GPGGA,141902.00,6328.071612,N,01037.963444,E,2,12,0.8,12.85,M,40.56,M,8.0,0907*7B
2021:01:22:15:19:04.513000,1611325144.513,$GPGGA,141904.00,6328.066305,N,01037.967721,E,2,12,0.8,12.87,M,40.56,M,10.0,0907*47
2021:01:22:15:19:05.513000,1611325145.513,$GPGGA,141905.00,6328.063660,N,01037.969877,E,2,12,0.8,12.87,M,40.56,M,11.0,0907*46
2021:01:22:15:19:06.513000,1611325146.513,$GPGGA,141906.00,6328.061014,N,01037.972025,E,2,12,0.8,12.85,M,40.56,M,12.0,0907*46
2021:01:22:15:19:08.513000,1611325148.513,$GPGGA,141908.00,6328.055695,N,01037.976258,E,2,12,0.8,12.81,M,40.56,M,8.0,0907*73
2021:01:22:15:19:09.513000,1611325149.513,$GPGGA,141909.00,6328.053059,N,01037.978339,E,2,12,0.8,12.84,M,40.56,M,9.0,0907*7E
2021:01:22:15:19:10.513000,1611325150.513,$GPGGA,141910.00,6328.050404,N,01037.980419,E,2,12,0.8,12.83,M,40.56,M,10.0,0907*44
2021:01:22:15:19:11.513000,1611325151.513,$GPGGA,141911.00,6328.047772,N,01037.982519,E,2,12,0.8,12.84,M,40.56,M,6.0,0907*72
2021:01:22:15:19:12.513000,1611325152.513,$GPGGA,141912.00,6328.045115,N,01037.984568,E,2,12,0.8,12.83,M,40.56,M,7.0,0907*72
2021:01:22:15:19:13.514000,1611325153.514,$GPGGA,141913.00,6328.042474,N,01037.986640,E,2,12,0.8,12.85,M,40.56,M,8.0,0907*74
2021:01:22:15:19:14.513000,1611325154.513,$GPGGA,141914.00,6328.039844,N,01037.988722,E,2,12,0.8,12.86,M,40.56,M,9.0,0907*79
2021:01:22:15:19:16.513000,1611325156.513,$GPGGA,141916.00,6328.034544,N,01037.992818,E,2,12,0.8,12.84,M,40.56,M,11.0,0907*4D
2021:01:22:15:19:17.513000,1611325157.513,$GPGGA,141917.00,6328.031896,N,01037.994794,E,2,12,0.8,12.87,M,40.56,M,7.0,0907*72
2021:01:22:15:19:18.513000,1611325158.513,$GPGGA,141918.00,6328.029247,N,01037.996831,E,2,12,0.8,12.87,M,40.56,M,8.0,0907*7F
2021:01:22:15:19:20.513000,1611325160.513,$GPGGA,141920.00,6328.023956,N,01038.000944,E,2,12,0.8,12.83,M,40.56,M,10.0,0907*42
2021:01:22:15:19:21.514000,1611325161.514,$GPGGA,141921.00,6328.021327,N,01038.003024,E,2,12,0.8,12.82,M,40.56,M,11.0,0907*41
2021:01:22:15:19:22.514000,1611325162.514,$GPGGA,141922.00,6328.018678,N,01038.005047,E,2,12,0.8,12.83,M,40.56,M,12.0,0907*46
2021:01:22:15:19:24.514000,1611325164.514,$GPGGA,141924.00,6328.013403,N,01038.009214,E,2,12,0.8,12.81,M,40.56,M,9.0,0907*75
2021:01:22:15:19:25.514000,1611325165.514,$GPGGA,141925.00,6328.010772,N,01038.011297,E,2,12,0.8,12.82,M,40.56,M,10.0,0907*4B
2021:01:22:15:19:26.514000,1611325166.514,$GPGGA,141926.00,6328.008124,N,01038.013365,E,2,12,0.8,12.82,M,40.56,M,11.0,0907*4B
2021:01:22:15:19:28.514000,1611325168.514,$GPGGA,141928.00,6328.002825,N,01038.017463,E,2,12,0.8,12.83,M,40.56,M,8.0,0907*7B
2021:01:22:15:19:29.514000,1611325169.514,$GPGGA,141929.00,6328.000189,N,01038.019541,E,2,12,0.8,12.80,M,40.56,M,9.0,0907*7A
2021:01:22:15:19:30.514000,1611325170.514,$GPGGA,141930.00,6327.997527,N,01038.021574,E,2,12,0.8,12.79,M,40.56,M,10.0,0907*49
2021:01:22:15:19:31.514000,1611325171.514,$GPGGA,141931.00,6327.994884,N,01038.023606,E,2,12,0.8,12.81,M,40.56,M,6.0,0907*7B
2021:01:22:15:19:32.514000,1611325172.514,$GPGGA,141932.00,6327.992227,N,01038.025581,E,2,12,0.8,12.82,M,40.56,M,7.0,0907*75
2021:01:22:15:19:33.514000,1611325173.514,$GPGGA,141933.00,6327.989582,N,01038.027592,E,2,12,0.8,12.83,M,40.56,M,8.0,0907*78
2021:01:22:15:19:34.514000,1611325174.514,$GPGGA,141934.00,6327.986922,N,01038.029567,E,2,12,0.8,12.82,M,40.56,M,9.0,0907*72
2021:01:22:15:19:36.515000,1611325176.515,$GPGGA,141936.00,6327.981608,N,01038.033478,E,2,12,0.7,12.80,M,40.56,M,11.0,0907*40
2021:01:22:15:19:37.514000,1611325177.514,$GPGGA,141937.00,6327.978934,N,01038.035396,E,2,12,0.7,12.82,M,40.56,M,12.0,0907*47
2021:01:22:15:19:38.514000,1611325178.514,$GPGGA,141938.00,6327.976267,N,01038.037311,E,2,12,0.7,12.82,M,40.56,M,13.0,0907*47
2021:01:22:15:19:39.514000,1611325179.514,$GPGGA,141939.00,6327.973605,N,01038.039285,E,2,12,0.7,12.81,M,40.56,M,14.0,0907*45
2021:01:22:15:19:40.514000,1611325180.514,$GPGGA,141940.00,6327.970945,N,01038.041264,E,2,12,0.7,12.82,M,40.56,M,15.0,0907*41
2021:01:22:15:19:41.515000,1611325181.515,$GPGGA,141941.00,6327.968269,N,01038.043245,E,2,12,0.7,12.85,M,40.56,M,10.0,0907*4F
2021:01:22:15:19:42.514000,1611325182.514,$GPGGA,141942.00,6327.965608,N,01038.045272,E,2,12,0.7,12.86,M,40.56,M,11.0,0907*42
2021:01:22:15:19:43.514000,1611325183.514,$GPGGA,141943.00,6327.962947,N,01038.047230,E,2,12,0.7,12.88,M,40.56,M,12.0,0907*49
2021:01:22:15:19:44.514000,1611325184.514,$GPGGA,141944.00,6327.960284,N,01038.049244,E,2,12,0.8,12.89,M,40.56,M,8.0,0907*70
2021:01:22:15:19:45.514000,1611325185.514,$GPGGA,141945.00,6327.957639,N,01038.051269,E,2,12,0.8,12.89,M,40.56,M,9.0,0907*70
2021:01:22:15:19:46.514000,1611325186.514,$GPGGA,141946.00,6327.954972,N,01038.053302,E,2,12,0.8,12.87,M,40.56,M,10.0,0907*48
2021:01:22:15:19:47.514000,1611325187.514,$GPGGA,141947.00,6327.952325,N,01038.055345,E,2,12,0.8,12.85,M,40.56,M,11.0,0907*41
2021:01:22:15:19:48.514000,1611325188.514,$GPGGA,141948.00,6327.949672,N,01038.057372,E,2,12,0.8,12.88,M,40.56,M,7.0,0907*7F
2021:01:22:15:19:49.514000,1611325189.514,$GPGGA,141949.00,6327.947024,N,01038.059509,E,2,12,0.8,12.87,M,40.56,M,8.0,0907*71
2021:01:22:15:19:50.515000,1611325190.515,$GPGGA,141950.00,6327.944376,N,01038.061595,E,2,12,0.8,12.89,M,40.56,M,9.0,0907*7F
2021:01:22:15:19:51.515000,1611325191.515,$GPGGA,141951.00,6327.941727,N,01038.063701,E,2,12,0.8,12.89,M,40.56,M,10.0,0907*4E
2021:01:22:15:19:52.515000,1611325192.515,$GPGGA,141952.00,6327.939072,N,01038.065763,E,2,12,0.8,12.87,M,40.56,M,11.0,0907*48
2021:01:22:15:19:53.515000,1611325193.515,$GPGGA,141953.00,6327.936391,N,01038.067766,E,2,12,0.8,12.87,M,40.56,M,12.0,0907*4C
2021:01:22:15:19:54.515000,1611325194.515,$GPGGA,141954.00,6327.933727,N,01038.069807,E,2,12,0.8,12.87,M,40.56,M,13.0,0907*40
2021:01:22:15:19:55.515000,1611325195.515,$GPGGA,141955.00,6327.931064,N,01038.071857,E,2,12,0.7,12.87,M,40.56,M,14.0,0907*47
2021:01:22:15:19:56.515000,1611325196.515,$GPGGA,141956.00,6327.928412,N,01038.073895,E,2,12,0.7,12.88,M,40.56,M,15.0,0907*4B
2021:01:22:15:19:58.515000,1611325198.515,$GPGGA,141958.00,6327.923066,N,01038.077917,E,2,12,0.7,12.85,M,40.56,M,10.0,0907*4E
2021:01:22:15:19:59.515000,1611325199.515,$GPGGA,141959.00,6327.920376,N,01038.079846,E,2,12,0.7,12.85,M,40.56,M,11.0,0907*44
2021:01:22:15:20:00.515000,1611325200.515,$GPGGA,142000.00,6327.917703,N,01038.081877,E,2,12,0.8,12.83,M,40.56,M,12.0,0907*4F
2021:01:22:15:20:02.515000,1611325202.515,$GPGGA,142002.00,6327.912346,N,01038.085782,E,2,12,0.8,12.86,M,40.56,M,14.0,0907*4F
2021:01:22:15:20:03.515000,1611325203.515,$GPGGA,142003.00,6327.909690,N,01038.087829,E,2,12,0.8,12.84,M,40.56,M,15.0,0907*45
2021:01:22:15:20:04.515000,1611325204.515,$GPGGA,142004.00,6327.907032,N,01038.089900,E,2,12,0.8,12.86,M,40.56,M,9.0,0907*79
2021:01:22:15:20:06.516000,1611325206.516,$GPGGA,142006.00,6327.901711,N,01038.094028,E,2,12,0.8,12.88,M,40.56,M,11.0,0907*43
2021:01:22:15:20:07.516000,1611325207.516,$GPGGA,142007.00,6327.899063,N,01038.096078,E,2,12,0.8,12.90,M,40.56,M,12.0,0907*4D
2021:01:22:15:20:08.515000,1611325208.515,$GPGGA,142008.00,6327.896391,N,01038.098149,E,2,12,0.8,12.91,M,40.56,M,10.0,0907*4D
2021:01:22:15:20:10.515000,1611325210.515,$GPGGA,142010.00,6327.891070,N,01038.102353,E,2,12,0.8,12.90,M,40.55,M,12.0,0907*44
2021:01:22:15:20:11.515000,1611325211.515,$GPGGA,142011.00,6327.888410,N,01038.104443,E,2,12,0.8,12.92,M,40.55,M,7.0,0907*79
2021:01:22:15:20:12.515000,1611325212.515,$GPGGA,142012.00,6327.885741,N,01038.106529,E,2,12,0.8,12.92,M,40.55,M,8.0,0907*70
2021:01:22:15:20:14.515000,1611325214.515,$GPGGA,142014.00,6327.880423,N,01038.110702,E,2,12,0.8,12.91,M,40.55,M,5.0,0907*76
2021:01:22:15:20:15.515000,1611325215.515,$GPGGA,142015.00,6327.877751,N,01038.112736,E,2,12,0.8,12.92,M,40.55,M,6.0,0907*7C
2021:01:22:15:20:16.515000,1611325216.515,$GPGGA,142016.00,6327.875080,N,01038.114782,E,2,12,0.8,12.93,M,40.55,M,7.0,0907*7F
2021:01:22:15:20:18.515000,1611325218.515,$GPGGA,142018.00,6327.869749,N,01038.118968,E,2,12,0.8,12.92,M,40.55,M,9.0,0907*77
2021:01:22:15:20:19.515000,1611325219.515,$GPGGA,142019.00,6327.867086,N,01038.121039,E,2,12,0.8,12.92,M,40.55,M,10.0,0907*43
2021:01:22:15:20:20.516000,1611325220.516,$GPGGA,142020.00,6327.864413,N,01038.123113,E,2,12,0.8,12.92,M,40.55,M,11.0,0907*48
2021:01:22:15:20:22.516000,1611325222.516,$GPGGA,142022.00,6327.859078,N,01038.127205,E,2,12,0.8,12.94,M,40.55,M,8.0,0907*73
2021:01:22:15:20:23.516000,1611325223.516,$GPGGA,142023.00,6327.856410,N,01038.129260,E,2,12,0.7,12.92,M,40.55,M,9.0,0907*72
2021:01:22:15:20:24.516000,1611325224.516,$GPGGA,142024.00,6327.853743,N,01038.131285,E,2,12,0.7,12.92,M,40.55,M,10.0,0907*4F
2021:01:22:15:20:26.516000,1611325226.516,$GPGGA,142026.00,6327.848398,N,01038.135312,E,2,12,0.7,12.93,M,40.55,M,7.0,0907*79
2021:01:22:15:20:27.516000,1611325227.516,$GPGGA,142027.00,6327.845727,N,01038.137352,E,2,12,0.7,12.93,M,40.55,M,8.0,0907*7C
2021:01:22:15:20:28.516000,1611325228.516,$GPGGA,142028.00,6327.843075,N,01038.139396,E,2,12,0.7,12.94,M,40.55,M,9.0,0907*75
2021:01:22:15:20:30.516000,1611325230.516,$GPGGA,142030.00,6327.837743,N,01038.143612,E,2,12,0.7,12.91,M,40.55,M,11.0,0907*45
2021:01:22:15:20:31.516000,1611325231.516,$GPGGA,142031.00,6327.835067,N,01038.145676,E,2,12,0.7,12.91,M,40.55,M,5.0,0907*76
2021:01:22:15:20:32.516000,1611325232.516,$GPGGA,142032.00,6327.832396,N,01038.147800,E,2,12,0.7,12.92,M,40.55,M,6.0,0907*72
2021:01:22:15:20:34.516000,1611325234.516,$GPGGA,142034.00,6327.827064,N,01038.152105,E,2,12,0.8,12.93,M,40.55,M,8.0,0907*76
2021:01:22:15:20:35.517000,1611325235.517,$GPGGA,142035.00,6327.824408,N,01038.154275,E,2,12,0.8,12.91,M,40.55,M,9.0,0907*7B
2021:01:22:15:20:36.517000,1611325236.517,$GPGGA,142036.00,6327.821740,N,01038.156390,E,2,12,0.8,12.93,M,40.55,M,10.0,0907*40
2021:01:22:15:20:37.517000,1611325237.517,$GPGGA,142037.00,6327.819086,N,01038.158508,E,2,12,0.8,12.94,M,40.55,M,6.0,0907*7E
2021:01:22:15:20:38.516000,1611325238.516,$GPGGA,142038.00,6327.816428,N,01038.160684,E,2,12,0.8,12.92,M,40.55,M,7.0,0907*75
2021:01:22:15:20:39.516000,1611325239.516,$GPGGA,142039.00,6327.813788,N,01038.162872,E,2,12,0.8,12.92,M,40.55,M,8.0,0907*72
2021:01:22:15:20:40.516000,1611325240.516,$GPGGA,142040.00,6327.811153,N,01038.165050,E,2,12,0.8,12.93,M,40.55,M,9.0,0907*71
2021:01:22:15:20:41.516000,1611325241.516,$GPGGA,142041.00,6327.808502,N,01038.167223,E,2,12,0.8,12.91,M,40.55,M,10.0,0907*46
2021:01:22:15:20:42.516000,1611325242.516,$GPGGA,142042.00,6327.805852,N,01038.169390,E,2,12,0.8,12.91,M,40.55,M,11.0,0907*46
2021:01:22:15:20:43.516000,1611325243.516,$GPGGA,142043.00,6327.803183,N,01038.171548,E,2,12,0.8,12.89,M,40.55,M,12.0,0907*44
2021:01:22:15:20:44.516000,1611325244.516,$GPGGA,142044.00,6327.800528,N,01038.173736,E,2,12,0.8,12.88,M,40.55,M,13.0,0907*4C
2021:01:22:15:20:45.516000,1611325245.516,$GPGGA,142045.00,6327.797872,N,01038.175895,E,2,12,0.8,12.88,M,40.55,M,9.0,0907*75
2021:01:22:15:20:46.516000,1611325246.516,$GPGGA,142046.00,6327.795203,N,01038.178026,E,2,12,0.8,12.88,M,40.55,M,10.0,0907*4D
2021:01:22:15:20:47.516000,1611325247.516,$GPGGA,142047.00,6327.792544,N,01038.180156,E,2,12,0.7,12.89,M,40.55,M,11.0,0907*41
2021:01:22:15:20:48.516000,1611325248.516,$GPGGA,142048.00,6327.789867,N,01038.182253,E,2,12,0.7,12.90,M,40.55,M,12.0,0907*47
2021:01:22:15:20:49.516000,1611325249.516,$GPGGA,142049.00,6327.787213,N,01038.184404,E,2,12,0.8,12.89,M,40.55,M,13.0,0907*45
2021:01:22:15:20:50.517000,1611325250.517,$GPGGA,142050.00,6327.784556,N,01038.186537,E,2,12,0.8,12.89,M,40.55,M,14.0,0907*4C
2021:01:22:15:20:51.517000,1611325251.517,$GPGGA,142051.00,6327.781901,N,01038.188661,E,2,12,0.8,12.92,M,40.55,M,9.0,0907*7E
2021:01:22:15:20:52.517000,1611325252.517,$GPGGA,142052.00,6327.779229,N,01038.190787,E,2,12,0.8,12.89,M,40.55,M,10.0,0907*49
2021:01:22:15:20:53.517000,1611325253.517,$GPGGA,142053.00,6327.776571,N,01038.192845,E,2,12,0.8,12.91,M,40.55,M,11.0,0907*46
2021:01:22:15:20:54.517000,1611325254.517,$GPGGA,142054.00,6327.773915,N,01038.194933,E,2,12,0.8,12.92,M,40.55,M,12.0,0907*4C
2021:01:22:15:20:55.517000,1611325255.517,$GPGGA,142055.00,6327.771267,N,01038.197065,E,2,12,0.8,12.93,M,40.55,M,8.0,0907*72
2021:01:22:15:20:56.517000,1611325256.517,$GPGGA,142056.00,6327.768601,N,01038.199170,E,2,12,0.8,12.92,M,40.55,M,9.0,0907*76
2021:01:22:15:20:57.517000,1611325257.517,$GPGGA,142057.00,6327.765937,N,01038.201257,E,2,12,0.8,12.93,M,40.55,M,10.0,0907*4D
2021:01:22:15:20:58.517000,1611325258.517,$GPGGA,142058.00,6327.763274,N,01038.203351,E,2,12,0.8,12.94,M,40.55,M,11.0,0907*4B
2021:01:22:15:21:00.517000,1611325260.517,$GPGGA,142100.00,6327.757943,N,01038.207526,E,2,12,0.7,12.95,M,40.55,M,13.0,0907*41
2021:01:22:15:21:01.517000,1611325261.517,$GPGGA,142101.00,6327.755275,N,01038.209625,E,2,12,0.7,12.95,M,40.55,M,4.0,0907*74
2021:01:22:15:21:02.517000,1611325262.517,$GPGGA,142102.00,6327.752593,N,01038.211651,E,2,12,0.7,12.97,M,40.55,M,5.0,0907*76
2021:01:22:15:21:04.517000,1611325264.517,$GPGGA,142104.00,6327.747254,N,01038.215816,E,2,12,0.7,12.97,M,40.55,M,7.0,0907*73
2021:01:22:15:21:05.518000,1611325265.518,$GPGGA,142105.00,6327.744580,N,01038.217905,E,2,12,0.7,12.99,M,40.55,M,8.0,0907*7F
2021:01:22:15:21:06.518000,1611325266.518,$GPGGA,142106.00,6327.741918,N,01038.220053,E,2,12,0.7,12.98,M,40.55,M,9.0,0907*7A
2021:01:22:15:21:08.518000,1611325268.518,$GPGGA,142108.00,6327.736588,N,01038.224393,E,2,12,0.7,12.98,M,40.55,M,5.0,0907*76
2021:01:22:15:21:09.518000,1611325269.518,$GPGGA,142109.00,6327.733921,N,01038.226530,E,2,12,0.7,12.98,M,40.55,M,6.0,0907*73
2021:01:22:15:21:10.517000,1611325270.517,$GPGGA,142110.00,6327.731251,N,01038.228674,E,2,12,0.7,12.98,M,40.55,M,7.0,0907*79
2021:01:22:15:21:12.517000,1611325272.517,$GPGGA,142112.00,6327.725892,N,01038.232854,E,2,12,0.7,12.98,M,40.55,M,9.0,0907*72
2021:01:22:15:21:13.517000,1611325273.517,$GPGGA,142113.00,6327.723221,N,01038.234985,E,2,12,0.7,12.98,M,40.55,M,10.0,0907*44
2021:01:22:15:21:14.517000,1611325274.517,$GPGGA,142114.00,6327.720545,N,01038.237091,E,2,12,0.7,12.95,M,40.55,M,6.0,0907*70
2021:01:22:15:21:16.517000,1611325276.517,$GPGGA,142116.00,6327.715189,N,01038.241283,E,2,12,0.7,12.97,M,40.55,M,8.0,0907*7C
2021:01:22:15:21:17.517000,1611325277.517,$GPGGA,142117.00,6327.712508,N,01038.243364,E,2,12,0.7,12.97,M,40.55,M,9.0,0907*7C
2021:01:22:15:21:18.517000,1611325278.517,$GPGGA,142118.00,6327.709809,N,01038.245485,E,2,12,0.7,12.95,M,40.55,M,10.0,0907*41
2021:01:22:15:21:20.518000,1611325280.518,$GPGGA,142120.00,6327.704411,N,01038.249614,E,2,12,0.7,12.98,M,40.55,M,12.0,0907*4B
2021:01:22:15:21:21.518000,1611325281.518,$GPGGA,142121.00,6327.701717,N,01038.251729,E,2,12,0.7,12.97,M,40.55,M,13.0,0907*42
2021:01:22:15:21:22.518000,1611325282.518,$GPGGA,142122.00,6327.699003,N,01038.253740,E,2,12,0.7,13.00,M,40.55,M,9.0,0907*7A
2021:01:22:15:21:24.518000,1611325284.518,$GPGGA,142124.00,6327.693586,N,01038.257846,E,2,12,0.7,12.98,M,40.55,M,5.0,0907*7F
2021:01:22:15:21:25.518000,1611325285.518,$GPGGA,142125.00,6327.690879,N,01038.259881,E,2,12,0.7,12.99,M,40.55,M,6.0,0907*77
2021:01:22:15:21:26.518000,1611325286.518,$GPGGA,142126.00,6327.688170,N,01038.261904,E,2,12,0.7,12.99,M,40.55,M,7.0,0907*7B
2021:01:22:15:21:28.518000,1611325288.518,$GPGGA,142128.00,6327.682763,N,01038.266059,E,2,12,0.7,12.96,M,40.55,M,4.0,0907*71
2021:01:22:15:21:29.518000,1611325289.518,$GPGGA,142129.00,6327.680066,N,01038.268108,E,2,12,0.7,12.97,M,40.55,M,5.0,0907*7B
2021:01:22:15:21:30.518000,1611325290.518,$GPGGA,142130.00,6327.677365,N,01038.270194,E,2,12,0.7,12.97,M,40.55,M,6.0,0907*74
2021:01:22:15:21:32.518000,1611325292.518,$GPGGA,142132.00,6327.671970,N,01038.274388,E,2,12,0.7,12.96,M,40.55,M,8.0,0907*7A
2021:01:22:15:21:33.518000,1611325293.518,$GPGGA,142133.00,6327.669281,N,01038.276505,E,2,12,0.7,12.95,M,40.55,M,9.0,0907*74
2021:01:22:15:21:34.518000,1611325294.518,$GPGGA,142134.00,6327.666586,N,01038.278583,E,2,12,0.7,12.98,M,40.55,M,10.0,0907*49
2021:01:22:15:21:36.519000,1611325296.519,$GPGGA,142136.00,6327.661220,N,01038.282838,E,2,12,0.7,12.96,M,40.55,M,7.0,0907*77
2021:01:22:15:21:37.519000,1611325297.519,$GPGGA,142137.00,6327.658530,N,01038.284969,E,2,12,0.7,12.96,M,40.55,M,8.0,0907*76
2021:01:22:15:21:38.519000,1611325298.519,$GPGGA,142138.00,6327.655858,N,01038.287152,E,2,12,0.7,12.95,M,40.55,M,9.0,0907*76
2021:01:22:15:21:39.519000,1611325299.519,$GPGGA,142139.00,6327.653181,N,01038.289344,E,2,12,0.7,12.95,M,40.55,M,10.0,0907*4F
2021:01:22:15:21:40.518000,1611325300.518,$GPGGA,142140.00,6327.650521,N,01038.291512,E,2,12,0.7,12.97,M,40.55,M,11.0,0907*43
2021:01:22:15:21:41.518000,1611325301.518,$GPGGA,142141.00,6327.647830,N,01038.293683,E,2,12,0.7,12.95,M,40.55,M,12.0,0907*41
2021:01:22:15:21:42.518000,1611325302.518,$GPGGA,142142.00,6327.645149,N,01038.295830,E,2,12,0.7,12.95,M,40.55,M,8.0,0907*7C
2021:01:22:15:21:43.518000,1611325303.518,$GPGGA,142143.00,6327.642462,N,01038.297879,E,2,12,0.7,12.99,M,40.55,M,9.0,0907*74
2021:01:22:15:21:44.518000,1611325304.518,$GPGGA,142144.00,6327.639777,N,01038.300009,E,2,12,0.7,12.98,M,40.55,M,10.0,0907*41
2021:01:22:15:21:45.518000,1611325305.518,$GPGGA,142145.00,6327.637095,N,01038.302116,E,2,12,0.7,12.98,M,40.55,M,6.0,0907*7F
2021:01:22:15:21:46.518000,1611325306.518,$GPGGA,142146.00,6327.634410,N,01038.304250,E,2,12,0.7,12.97,M,40.55,M,7.0,0907*7F
2021:01:22:15:21:47.518000,1611325307.518,$GPGGA,142147.00,6327.631727,N,01038.306343,E,2,12,0.7,12.97,M,40.55,M,8.0,0907*72
2021:01:22:15:21:48.518000,1611325308.518,$GPGGA,142148.00,6327.629043,N,01038.308474,E,2,12,0.7,12.98,M,40.55,M,9.0,0907*72
2021:01:22:15:21:49.519000,1611325309.519,$GPGGA,142149.00,6327.626364,N,01038.310574,E,2,12,0.7,12.98,M,40.55,M,10.0,0907*4A
2021:01:22:15:21:50.519000,1611325310.519,$GPGGA,142150.00,6327.623677,N,01038.312708,E,2,12,0.7,12.98,M,40.55,M,11.0,0907*4A
2021:01:22:15:21:51.519000,1611325311.519,$GPGGA,142151.00,6327.621014,N,01038.314900,E,2,12,0.7,12.98,M,40.55,M,12.0,0907*49
2021:01:22:15:21:52.519000,1611325312.519,$GPGGA,142152.00,6327.618346,N,01038.317112,E,2,12,0.7,12.98,M,40.55,M,13.0,0907*4D
2021:01:22:15:21:53.519000,1611325313.519,$GPGGA,142153.00,6327.615703,N,01038.319417,E,2,12,0.7,12.97,M,40.55,M,14.0,0907*42
2021:01:22:15:21:54.519000,1611325314.519,$GPGGA,142154.00,6327.613054,N,01038.321691,E,2,12,0.7,12.96,M,40.55,M,15.0,0907*41
2021:01:22:15:21:55.519000,1611325315.519,$GPGGA,142155.00,6327.610421,N,01038.324016,E,2,12,0.7,12.97,M,40.55,M,16.0,0907*4B
2021:01:22:15:21:56.519000,1611325316.519,$GPGGA,142156.00,6327.607800,N,01038.326394,E,2,12,0.7,12.96,M,40.55,M,17.0,0907*4A
2021:01:22:15:21:57.519000,1611325317.519,$GPGGA,142157.00,6327.605180,N,01038.328798,E,2,12,0.7,12.96,M,40.55,M,18.0,0907*41
2021:01:22:15:21:58.519000,1611325318.519,$GPGGA,142158.00,6327.602561,N,01038.331234,E,2,12,0.7,12.97,M,40.55,M,19.0,0907*49
2021:01:22:15:21:59.519000,1611325319.519,$GPGGA,142159.00,6327.599966,N,01038.333691,E,2,12,0.7,12.96,M,40.55,M,13.0,0907*40
2021:01:22:15:22:00.519000,1611325320.519,$GPGGA,142200.00,6327.597346,N,01038.336175,E,2,12,0.7,12.97,M,40.55,M,14.0,0907*47
2021:01:22:15:22:01.519000,1611325321.519,$GPGGA,142201.00,6327.594742,N,01038.338658,E,2,12,0.7,12.96,M,40.55,M,10.0,0907*46
2021:01:22:15:22:02.519000,1611325322.519,$GPGGA,142202.00,6327.592119,N,01038.341152,E,2,12,0.7,12.95,M,40.55,M,11.0,0907*4A
2021:01:22:15:22:03.519000,1611325323.519,$GPGGA,142203.00,6327.589508,N,01038.343663,E,2,12,0.7,12.91,M,40.55,M,12.0,0907*45
2021:01:22:15:22:04.520000,1611325324.52,$GPGGA,142204.00,6327.586894,N,01038.346183,E,2,12,0.7,12.91,M,40.55,M,13.0,0907*48
2021:01:22:15:22:06.520000,1611325326.52,$GPGGA,142206.00,6327.581675,N,01038.351275,E,2,12,0.7,12.95,M,40.55,M,9.0,0907*7F
2021:01:22:15:22:07.520000,1611325327.52,$GPGGA,142207.00,6327.579083,N,01038.353858,E,2,12,0.7,12.95,M,40.55,M,10.0,0907*49
2021:01:22:15:22:08.520000,1611325328.52,$GPGGA,142208.00,6327.576478,N,01038.356453,E,2,12,0.7,12.96,M,40.55,M,11.0,0907*49
2021:01:22:15:22:10.520000,1611325330.52,$GPGGA,142210.00,6327.571276,N,01038.361638,E,2,12,0.7,12.95,M,40.55,M,8.0,0907*7F
2021:01:22:15:22:11.520000,1611325331.52,$GPGGA,142211.00,6327.568698,N,01038.364280,E,2,12,0.7,12.95,M,40.55,M,9.0,0907*71
2021:01:22:15:22:12.519000,1611325332.519,$GPGGA,142212.00,6327.566106,N,01038.366882,E,2,12,0.7,12.94,M,40.55,M,10.0,0907*4F
2021:01:22:15:22:14.519000,1611325334.519,$GPGGA,142214.00,6327.560949,N,01038.372190,E,2,12,0.7,12.93,M,40.55,M,12.0,0907*46
2021:01:22:15:22:15.519000,1611325335.519,$GPGGA,142215.00,6327.558382,N,01038.374899,E,2,12,0.7,12.93,M,40.55,M,7.0,0907*73
2021:01:22:15:22:16.519000,1611325336.519,$GPGGA,142216.00,6327.555822,N,01038.377607,E,2,12,0.7,12.95,M,40.55,M,8.0,0907*7F
2021:01:22:15:22:18.519000,1611325338.519,$GPGGA,142218.00,6327.550694,N,01038.383050,E,2,12,0.7,12.96,M,40.55,M,10.0,0907*42
2021:01:22:15:22:19.520000,1611325339.52,$GPGGA,142219.00,6327.548132,N,01038.385784,E,2,12,0.7,12.98,M,40.55,M,11.0,0907*46
2021:01:22:15:22:20.520000,1611325340.52,$GPGGA,142220.00,6327.545572,N,01038.388555,E,2,12,0.7,12.97,M,40.54,M,12.0,0907*4F
2021:01:22:15:22:22.520000,1611325342.52,$GPGGA,142222.00,6327.540424,N,01038.393985,E,2,12,0.8,12.99,M,40.54,M,9.0,0907*7A
2021:01:22:15:22:23.520000,1611325343.52,$GPGGA,142223.00,6327.537847,N,01038.396709,E,2,12,0.8,12.98,M,40.54,M,10.0,0907*44
2021:01:22:15:22:24.520000,1611325344.52,$GPGGA,142224.00,6327.535273,N,01038.399444,E,2,12,0.8,12.97,M,40.54,M,11.0,0907*47
2021:01:22:15:22:26.520000,1611325346.52,$GPGGA,142226.00,6327.530149,N,01038.404908,E,2,12,0.7,12.95,M,40.54,M,8.0,0907*79
2021:01:22:15:22:27.520000,1611325347.52,$GPGGA,142227.00,6327.527577,N,01038.407632,E,2,12,0.7,12.95,M,40.54,M,9.0,0907*73
2021:01:22:15:22:28.520000,1611325348.52,$GPGGA,142228.00,6327.525004,N,01038.410325,E,2,12,0.8,12.93,M,40.54,M,10.0,0907*4B
2021:01:22:15:22:30.520000,1611325350.52,$GPGGA,142230.00,6327.519846,N,01038.415693,E,2,12,0.8,12.94,M,40.54,M,7.0,0907*7F
2021:01:22:15:22:31.520000,1611325351.52,$GPGGA,142231.00,6327.517257,N,01038.418397,E,2,12,0.8,12.93,M,40.54,M,8.0,0907*7E
2021:01:22:15:22:32.520000,1611325352.52,$GPGGA,142232.00,6327.514663,N,01038.421081,E,2,12,0.7,12.93,M,40.54,M,9.0,0907*7D
2021:01:22:15:22:34.521000,1611325354.521,$GPGGA,142234.00,6327.509477,N,01038.426365,E,2,12,0.8,12.98,M,40.54,M,11.0,0907*43
2021:01:22:15:22:35.521000,1611325355.521,$GPGGA,142235.00,6327.506880,N,01038.429039,E,2,12,0.8,12.95,M,40.54,M,12.0,0907*42
2021:01:22:15:22:36.521000,1611325356.521,$GPGGA,142236.00,6327.504289,N,01038.431674,E,2,12,0.8,12.98,M,40.54,M,8.0,0907*70
2021:01:22:15:22:38.521000,1611325358.521,$GPGGA,142238.00,6327.499111,N,01038.436963,E,2,12,0.7,12.98,M,40.54,M,4.0,0907*74
2021:01:22:15:22:39.521000,1611325359.521,$GPGGA,142239.00,6327.496525,N,01038.439607,E,2,12,0.7,12.98,M,40.54,M,5.0,0907*7A
2021:01:22:15:22:40.521000,1611325360.521,$GPGGA,142240.00,6327.493948,N,01038.442290,E,2,12,0.7,12.96,M,40.54,M,6.0,0907*7D
2021:01:22:15:22:42.520000,1611325362.52,$GPGGA,142242.00,6327.488759,N,01038.447563,E,2,12,0.7,12.95,M,40.54,M,8.0,0907*78
2021:01:22:15:22:43.520000,1611325363.52,$GPGGA,142243.00,6327.486159,N,01038.450165,E,2,12,0.7,12.96,M,40.54,M,9.0,0907*77
2021:01:22:15:22:44.520000,1611325364.52,$GPGGA,142244.00,6327.483559,N,01038.452746,E,2,12,0.7,12.98,M,40.54,M,10.0,0907*42
2021:01:22:15:22:45.520000,1611325365.52,$GPGGA,142245.00,6327.480945,N,01038.455318,E,2,12,0.7,12.96,M,40.54,M,11.0,0907*46
2021:01:22:15:22:46.520000,1611325366.52,$GPGGA,142246.00,6327.478329,N,01038.457885,E,2,12,0.7,12.98,M,40.54,M,7.0,0907*76
2021:01:22:15:22:47.520000,1611325367.52,$GPGGA,142247.00,6327.475732,N,01038.460486,E,2,12,0.7,12.97,M,40.54,M,8.0,0907*7F
2021:01:22:15:22:48.521000,1611325368.521,$GPGGA,142248.00,6327.473126,N,01038.463069,E,2,12,0.7,12.99,M,40.54,M,9.0,0907*7C
2021:01:22:15:22:49.521000,1611325369.521,$GPGGA,142249.00,6327.470531,N,01038.465691,E,2,12,0.7,12.98,M,40.54,M,10.0,0907*42
2021:01:22:15:22:50.521000,1611325370.521,$GPGGA,142250.00,6327.467930,N,01038.468324,E,2,12,0.7,12.97,M,40.54,M,11.0,0907*49
2021:01:22:15:22:51.521000,1611325371.521,$GPGGA,142251.00,6327.465344,N,01038.470969,E,2,12,0.7,12.97,M,40.54,M,12.0,0907*4A
2021:01:22:15:22:52.521000,1611325372.521,$GPGGA,142252.00,6327.462752,N,01038.473622,E,2,12,0.7,12.98,M,40.54,M,8.0,0907*7A
2021:01:22:15:22:53.521000,1611325373.521,$GPGGA,142253.00,6327.460161,N,01038.476243,E,2,12,0.7,13.01,M,40.54,M,9.0,0907*79
2021:01:22:15:22:54.521000,1611325374.521,$GPGGA,142254.00,6327.457563,N,01038.478888,E,2,12,0.7,13.00,M,40.54,M,10.0,0907*46
2021:01:22:15:22:55.521000,1611325375.521,$GPGGA,142255.00,6327.454979,N,01038.481606,E,2,12,0.7,12.98,M,40.54,M,11.0,0907*4C
2021:01:22:15:22:56.521000,1611325376.521,$GPGGA,142256.00,6327.452401,N,01038.484310,E,2,12,0.7,12.98,M,40.54,M,7.0,0907*7B
2021:01:22:15:22:57.521000,1611325377.521,$GPGGA,142257.00,6327.449808,N,01038.486964,E,2,12,0.7,13.00,M,40.54,M,8.0,0907*71
2021:01:22:15:22:58.521000,1611325378.521,$GPGGA,142258.00,6327.447223,N,01038.489638,E,2,12,0.7,13.00,M,40.54,M,9.0,0907*7B
2021:01:22:15:22:59.521000,1611325379.521,$GPGGA,142259.00,6327.444617,N,01038.492298,E,2,12,0.7,12.99,M,40.54,M,10.0,0907*47
2021:01:22:15:23:00.521000,1611325380.521,$GPGGA,142300.00,6327.442021,N,01038.494936,E,2,12,0.7,13.00,M,40.54,M,11.0,0907*46
2021:01:22:15:23:01.521000,1611325381.521,$GPGGA,142301.00,6327.439436,N,01038.497604,E,2,12,0.7,13.02,M,40.54,M,12.0,0907*45
2021:01:22:15:23:02.522000,1611325382.522,$GPGGA,142302.00,6327.436843,N,01038.500273,E,2,12,0.7,13.02,M,40.54,M,13.0,0907*4D
2021:01:22:15:23:03.522000,1611325383.522,$GPGGA,142303.00,6327.434237,N,01038.502925,E,2,12,0.7,13.00,M,40.54,M,14.0,0907*48
2021:01:22:15:23:04.522000,1611325384.522,$GPGGA,142304.00,6327.431653,N,01038.505610,E,2,12,0.7,13.01,M,40.54,M,15.0,0907*42
2021:01:22:15:23:05.522000,1611325385.522,$GPGGA,142305.00,6327.429060,N,01038.508255,E,2,12,0.7,13.01,M,40.54,M,10.0,0907*41
2021:01:22:15:23:06.522000,1611325386.522,$GPGGA,142306.00,6327.426459,N,01038.510909,E,2,12,0.7,13.01,M,40.54,M,11.0,0907*49
2021:01:22:15:23:08.522000,1611325388.522,$GPGGA,142308.00,6327.421276,N,01038.516159,E,2,12,0.8,13.02,M,40.54,M,13.0,0907*4E
2021:01:22:15:23:09.522000,1611325389.522,$GPGGA,142309.00,6327.418689,N,01038.518780,E,2,12,0.8,13.01,M,40.54,M,9.0,0907*75
2021:01:22:15:23:10.522000,1611325390.522,$GPGGA,142310.00,6327.416092,N,01038.521389,E,2,12,0.8,13.01,M,40.54,M,10.0,0907*40
2021:01:22:15:23:12.522000,1611325392.522,$GPGGA,142312.00,6327.410930,N,01038.526720,E,2,12,0.8,12.98,M,40.54,M,12.0,0907*46
2021:01:22:15:23:13.521000,1611325393.521,$GPGGA,142313.00,6327.408350,N,01038.529380,E,2,12,0.8,12.97,M,40.54,M,8.0,0907*77
2021:01:22:15:23:14.521000,1611325394.521,$GPGGA,142314.00,6327.405765,N,01038.532047,E,2,12,0.8,12.98,M,40.54,M,9.0,0907*73
2021:01:22:15:23:16.521000,1611325396.521,$GPGGA,142316.00,6327.400600,N,01038.537466,E,2,12,0.8,12.98,M,40.54,M,5.0,0907*78
2021:01:22:15:23:17.522000,1611325397.522,$GPGGA,142317.00,6327.398022,N,01038.540208,E,2,12,0.8,12.97,M,40.54,M,6.0,0907*7B
2021:01:22:15:23:18.522000,1611325398.522,$GPGGA,142318.00,6327.395450,N,01038.542975,E,2,12,0.8,12.98,M,40.54,M,7.0,0907*75
2021:01:22:15:23:19.522000,1611325399.522,$GPGGA,142319.00,6327.392861,N,01038.545684,E,2,12,0.8,12.98,M,40.54,M,8.0,0907*74
2021:01:22:15:23:20.522000,1611325400.522,$GPGGA,142320.00,6327.390276,N,01038.548360,E,2,12,0.8,13.00,M,40.54,M,9.0,0907*73
2021:01:22:15:23:21.522000,1611325401.522,$GPGGA,142321.00,6327.387681,N,01038.551054,E,2,12,0.8,13.00,M,40.54,M,10.0,0907*4C
2021:01:22:15:23:22.522000,1611325402.522,$GPGGA,142322.00,6327.385088,N,01038.553715,E,2,12,0.7,12.99,M,40.54,M,11.0,0907*4D
2021:01:22:15:23:24.522000,1611325404.522,$GPGGA,142324.00,6327.379900,N,01038.559057,E,2,12,0.7,13.01,M,40.54,M,13.0,0907*48
2021:01:22:15:23:25.522000,1611325405.522,$GPGGA,142325.00,6327.377296,N,01038.561685,E,2,12,0.7,13.01,M,40.54,M,4.0,0907*77
2021:01:22:15:23:26.522000,1611325406.522,$GPGGA,142326.00,6327.374700,N,01038.564324,E,2,12,0.7,13.02,M,40.54,M,5.0,0907*74
2021:01:22:15:23:28.522000,1611325408.522,$GPGGA,142328.00,6327.369497,N,01038.569525,E,2,12,0.7,13.01,M,40.54,M,7.0,0907*70
2021:01:22:15:23:29.522000,1611325409.522,$GPGGA,142329.00,6327.366888,N,01038.572090,E,2,12,0.7,13.03,M,40.54,M,8.0,0907*70
2021:01:22:15:23:30.522000,1611325410.522,$GPGGA,142330.00,6327.364284,N,01038.574644,E,2,12,0.8,13.03,M,40.54,M,9.0,0907*7B
2021:01:22:15:23:32.523000,1611325412.523,$GPGGA,142332.00,6327.359075,N,01038.579870,E,2,12,0.8,13.01,M,40.54,M,11.0,0907*44
2021:01:22:15:23:33.523000,1611325413.523,$GPGGA,142333.00,6327.356490,N,01038.582541,E,2,12,0.8,13.01,M,40.54,M,12.0,0907*4D
2021:01:22:15:23:34.523000,1611325414.523,$GPGGA,142334.00,6327.353916,N,01038.585230,E,2,12,0.8,13.02,M,40.54,M,13.0,0907*48
2021:01:22:15:23:36.523000,1611325416.523,$GPGGA,142336.00,6327.348741,N,01038.590571,E,2,12,0.8,13.03,M,40.54,M,8.0,0907*71
2021:01:22:15:23:37.523000,1611325417.523,$GPGGA,142337.00,6327.346143,N,01038.593239,E,2,12,0.8,13.01,M,40.54,M,9.0,0907*71
2021:01:22:15:23:38.523000,1611325418.523,$GPGGA,142338.00,6327.343556,N,01038.595913,E,2,12,0.8,13.01,M,40.54,M,10.0,0907*46
2021:01:22:15:23:40.523000,1611325420.523,$GPGGA,142340.00,6327.338391,N,01038.601360,E,2,12,0.8,13.01,M,40.54,M,7.0,0907*7E
2021:01:22:15:23:41.523000,1611325421.523,$GPGGA,142341.00,6327.335809,N,01038.604131,E,2,12,0.8,13.00,M,40.54,M,8.0,0907*75
2021:01:22:15:23:42.523000,1611325422.523,$GPGGA,142342.00,6327.333235,N,01038.606887,E,2,12,0.8,12.99,M,40.54,M,4.0,0907*7E
2021:01:22:15:23:43.523000,1611325423.523,$GPGGA,142343.00,6327.330638,N,01038.609623,E,2,12,0.7,12.99,M,40.54,M,5.0,0907*74
2021:01:22:15:23:44.523000,1611325424.523,$GPGGA,142344.00,6327.328060,N,01038.612345,E,2,12,0.7,13.01,M,40.54,M,6.0,0907*7D
2021:01:22:15:23:45.523000,1611325425.523,$GPGGA,142345.00,6327.325463,N,01038.615098,E,2,12,0.7,12.99,M,40.54,M,7.0,0907*73
2021:01:22:15:23:46.523000,1611325426.523,$GPGGA,142346.00,6327.322878,N,01038.617833,E,2,12,0.7,13.01,M,40.54,M,8.0,0907*75
2021:01:22:15:23:47.523000,1611325427.523,$GPGGA,142347.00,6327.320271,N,01038.620560,E,2,12,0.8,13.00,M,40.54,M,9.0,0907*75
2021:01:22:15:23:48.523000,1611325428.523,$GPGGA,142348.00,6327.317681,N,01038.623329,E,2,12,0.8,12.98,M,40.54,M,10.0,0907*45
2021:01:22:15:23:49.524000,1611325429.524,$GPGGA,142349.00,6327.315080,N,01038.626056,E,2,12,0.8,12.99,M,40.54,M,11.0,0907*4F
2021:01:22:15:23:50.523000,1611325430.523,$GPGGA,142350.00,6327.312477,N,01038.628778,E,2,12,0.8,13.00,M,40.54,M,6.0,0907*7E
2021:01:22:15:23:51.523000,1611325431.523,$GPGGA,142351.00,6327.309880,N,01038.631510,E,2,12,0.8,12.99,M,40.54,M,7.0,0907*75
2021:01:22:15:23:52.523000,1611325432.523,$GPGGA,142352.00,6327.307272,N,01038.634168,E,2,12,0.8,13.00,M,40.54,M,8.0,0907*7F
2021:01:22:15:23:53.523000,1611325433.523,$GPGGA,142353.00,6327.304659,N,01038.636866,E,2,12,0.8,12.99,M,40.54,M,9.0,0907*75
2021:01:22:15:23:54.523000,1611325434.523,$GPGGA,142354.00,6327.302056,N,01038.639512,E,2,12,0.7,12.99,M,40.54,M,10.0,0907*4B
2021:01:22:15:23:55.523000,1611325435.523,$GPGGA,142355.00,6327.299446,N,01038.642138,E,2,12,0.7,12.98,M,40.54,M,11.0,0907*4C
2021:01:22:15:23:56.523000,1611325436.523,$GPGGA,142356.00,6327.296878,N,01038.644768,E,2,12,0.7,12.98,M,40.54,M,7.0,0907*73
2021:01:22:15:23:57.523000,1611325437.523,$GPGGA,142357.00,6327.294312,N,01038.647339,E,2,12,0.7,13.00,M,40.54,M,8.0,0907*7B
2021:01:22:15:23:58.523000,1611325438.523,$GPGGA,142358.00,6327.291785,N,01038.649939,E,2,12,0.7,13.02,M,40.54,M,9.0,0907*7C
2021:01:22:15:23:59.523000,1611325439.523,$GPGGA,142359.00,6327.289259,N,01038.652572,E,2,12,0.7,13.02,M,40.54,M,10.0,0907*41
2021:01:22:15:24:00.524000,1611325440.524,$GPGGA,142400.00,6327.286722,N,01038.655237,E,2,12,0.7,13.04,M,40.54,M,6.0,0907*7C
2021:01:22:15:24:01.524000,1611325441.524,$GPGGA,142401.00,6327.284171,N,01038.657939,E,2,12,0.7,13.02,M,40.54,M,7.0,0907*7F
2021:01:22:15:24:02.524000,1611325442.524,$GPGGA,142402.00,6327.281619,N,01038.660683,E,2,12,0.7,13.02,M,40.54,M,8.0,0907*75
2021:01:22:15:24:03.524000,1611325443.524,$GPGGA,142403.00,6327.279074,N,01038.663445,E,2,12,0.7,13.01,M,40.54,M,9.0,0907*77
2021:01:22:15:24:04.524000,1611325444.524,$GPGGA,142404.00,6327.276530,N,01038.666167,E,2,12,0.7,13.01,M,40.54,M,10.0,0907*42
2021:01:22:15:24:05.524000,1611325445.524,$GPGGA,142405.00,6327.274010,N,01038.668830,E,2,12,0.7,13.01,M,40.54,M,11.0,0907*42
2021:01:22:15:24:06.524000,1611325446.524,$GPGGA,142406.00,6327.271538,N,01038.671453,E,2,12,0.7,13.02,M,40.54,M,6.0,0907*7F
2021:01:22:15:24:07.524000,1611325447.524,$GPGGA,142407.00,6327.269119,N,01038.674051,E,2,12,0.7,13.03,M,40.54,M,7.0,0907*73
2021:01:22:15:24:08.524000,1611325448.524,$GPGGA,142408.00,6327.266745,N,01038.676563,E,2,12,0.7,13.04,M,40.54,M,8.0,0907*72
2021:01:22:15:24:10.524000,1611325450.524,$GPGGA,142410.00,6327.262149,N,01038.681461,E,2,12,0.7,13.08,M,40.54,M,5.0,0907*7F
2021:01:22:15:24:11.524000,1611325451.524,$GPGGA,142411.00,6327.259910,N,01038.683840,E,2,12,0.7,13.08,M,40.54,M,6.0,0907*7C
2021:01:22:15:24:12.524000,1611325452.524,$GPGGA,142412.00,6327.257731,N,01038.686162,E,2,12,0.7,13.10,M,40.53,M,7.0,0907*7F
2021:01:22:15:24:13.524000,1611325453.524,$GPGGA,142413.00,6327.255590,N,01038.688427,E,2,12,0.7,13.11,M,40.53,M,8.0,0907*71
2021:01:22:15:24:14.524000,1611325454.524,$GPGGA,142414.00,6327.253486,N,01038.690667,E,2,12,0.7,13.12,M,40.53,M,9.0,0907*7B
2021:01:22:15:24:15.524000,1611325455.524,$GPGGA,142415.00,6327.251416,N,01038.692826,E,2,12,0.7,13.12,M,40.53,M,10.0,0907*40
2021:01:22:15:24:16.524000,1611325456.524,$GPGGA,142416.00,6327.249390,N,01038.694943,E,2,12,0.7,13.14,M,40.53,M,11.0,0907*40
2021:01:22:15:24:18.524000,1611325458.524,$GPGGA,142418.00,6327.245432,N,01038.698973,E,2,12,0.7,13.14,M,40.53,M,13.0,0907*40
2021:01:22:15:24:19.524000,1611325459.524,$GPGGA,142419.00,6327.243511,N,01038.700912,E,2,12,0.7,13.16,M,40.53,M,14.0,0907*45
2021:01:22:15:24:20.524000,1611325460.524,$GPGGA,142420.00,6327.241614,N,01038.702792,E,2,12,0.7,13.13,M,40.53,M,9.0,0907*76
2021:01:22:15:24:22.524000,1611325462.524,$GPGGA,142422.00,6327.237917,N,01038.706449,E,2,12,0.7,13.13,M,40.53,M,11.0,0907*41
2021:01:22:15:24:23.524000,1611325463.524,$GPGGA,142423.00,6327.236123,N,01038.708192,E,2,12,0.7,13.15,M,40.53,M,7.0,0907*72
2021:01:22:15:24:24.524000,1611325464.524,$GPGGA,142424.00,6327.234329,N,01038.709863,E,2,12,0.7,13.14,M,40.53,M,8.0,0907*77
2021:01:22:15:24:26.524000,1611325466.524,$GPGGA,142426.00,6327.230846,N,01038.713076,E,2,12,0.7,13.16,M,40.53,M,5.0,0907*7B
2021:01:22:15:24:27.524000,1611325467.524,$GPGGA,142427.00,6327.229145,N,01038.714631,E,2,12,0.7,13.18,M,40.53,M,6.0,0907*77
2021:01:22:15:24:28.524000,1611325468.524,$GPGGA,142428.00,6327.227463,N,01038.716174,E,2,12,0.7,13.18,M,40.53,M,7.0,0907*72
2021:01:22:15:24:30.525000,1611325470.525,$GPGGA,142430.00,6327.224200,N,01038.719210,E,2,12,0.7,13.18,M,40.53,M,9.0,0907*7B
2021:01:22:15:24:31.525000,1611325471.525,$GPGGA,142431.00,6327.222595,N,01038.720614,E,2,12,0.7,13.20,M,40.53,M,10.0,0907*4E
2021:01:22:15:24:32.525000,1611325472.525,$GPGGA,142432.00,6327.221012,N,01038.722019,E,2,12,0.7,13.20,M,40.53,M,11.0,0907*4C
2021:01:22:15:24:34.525000,1611325474.525,$GPGGA,142434.00,6327.217906,N,01038.724718,E,2,12,0.7,13.22,M,40.53,M,8.0,0907*79
2021:01:22:15:24:35.525000,1611325475.525,$GPGGA,142435.00,6327.216392,N,01038.726047,E,2,12,0.7,13.20,M,40.53,M,9.0,0907*72
2021:01:22:15:24:36.525000,1611325476.525,$GPGGA,142436.00,6327.214890,N,01038.727342,E,2,12,0.7,13.20,M,40.53,M,10.0,0907*45
2021:01:22:15:24:37.525000,1611325477.525,$GPGGA,142437.00,6327.213434,N,01038.728649,E,2,12,0.7,13.19,M,40.53,M,11.0,0907*4B
2021:01:22:15:24:38.525000,1611325478.525,$GPGGA,142438.00,6327.211977,N,01038.729924,E,2,12,0.7,13.19,M,40.53,M,12.0,0907*4A
2021:01:22:15:24:39.525000,1611325479.525,$GPGGA,142439.00,6327.210530,N,01038.731139,E,2,12,0.7,13.17,M,40.53,M,7.0,0907*72
2021:01:22:15:24:40.525000,1611325480.525,$GPGGA,142440.00,6327.209116,N,01038.732286,E,2,12,0.7,13.18,M,40.53,M,8.0,0907*70
2021:01:22:15:24:42.525000,1611325482.525,$GPGGA,142442.00,6327.206318,N,01038.734522,E,2,12,0.7,13.18,M,40.53,M,10.0,0907*47
2021:01:22:15:24:43.525000,1611325483.525,$GPGGA,142443.00,6327.204948,N,01038.735647,E,2,12,0.7,13.16,M,40.53,M,6.0,0907*73
2021:01:22:15:24:44.526000,1611325484.526,$GPGGA,142444.00,6327.203605,N,01038.736727,E,2,12,0.7,13.16,M,40.53,M,7.0,0907*70
2021:01:22:15:24:46.525000,1611325486.525,$GPGGA,142446.00,6327.200945,N,01038.738741,E,2,12,0.7,13.15,M,40.53,M,9.0,0907*79
2021:01:22:15:24:47.525000,1611325487.525,$GPGGA,142447.00,6327.199648,N,01038.739743,E,2,12,0.7,13.16,M,40.53,M,10.0,0907*41
2021:01:22:15:24:48.525000,1611325488.525,$GPGGA,142448.00,6327.198371,N,01038.740707,E,2,12,0.7,13.18,M,40.53,M,11.0,0907*41
2021:01:22:15:24:49.525000,1611325489.525,$GPGGA,142449.00,6327.197116,N,01038.741715,E,2,12,0.7,13.16,M,40.53,M,12.0,0907*43
2021:01:22:15:24:50.525000,1611325490.525,$GPGGA,142450.00,6327.195867,N,01038.742686,E,2,12,0.7,13.15,M,40.53,M,13.0,0907*4C
2021:01:22:15:24:51.525000,1611325491.525,$GPGGA,142451.00,6327.194638,N,01038.743650,E,2,12,0.7,13.16,M,40.53,M,8.0,0907*7B
2021:01:22:15:24:52.525000,1611325492.525,$GPGGA,142452.00,6327.193428,N,01038.744600,E,2,12,0.7,13.17,M,40.53,M,9.0,0907*7E
2021:01:22:15:24:53.525000,1611325493.525,$GPGGA,142453.00,6327.192249,N,01038.745567,E,2,12,0.7,13.16,M,40.53,M,5.0,0907*71
2021:01:22:15:24:54.525000,1611325494.525,$GPGGA,142454.00,6327.191070,N,01038.746473,E,2,12,0.7,13.16,M,40.53,M,6.0,0907*79
2021:01:22:15:24:55.525000,1611325495.525,$GPGGA,142455.00,6327.189908,N,01038.747450,E,2,12,0.7,13.12,M,40.53,M,7.0,0907*72
2021:01:22:15:24:56.525000,1611325496.525,$GPGGA,142456.00,6327.188761,N,01038.748400,E,2,12,0.7,13.12,M,40.53,M,8.0,0907*74
2021:01:22:15:24:57.525000,1611325497.525,$GPGGA,142457.00,6327.187649,N,01038.749331,E,2,12,0.7,13.15,M,40.53,M,9.0,0907*73
2021:01:22:15:24:58.526000,1611325498.526,$GPGGA,142458.00,6327.186552,N,01038.750288,E,2,12,0.7,13.14,M,40.53,M,10.0,0907*46
2021:01:22:15:24:59.526000,1611325499.526,$GPGGA,142459.00,6327.185473,N,01038.751256,E,2,12,0.7,13.15,M,40.53,M,11.0,0907*44
2021:01:22:15:25:00.526000,1611325500.526,$GPGGA,142500.00,6327.184405,N,01038.752233,E,2,12,0.7,13.14,M,40.53,M,6.0,0907*7E
2021:01:22:15:25:01.526000,1611325501.526,$GPGGA,142501.00,6327.183355,N,01038.753163,E,2,12,0.7,13.16,M,40.53,M,7.0,0907*7E
